Time,U,I1,I2,D,Ve
0.000000e+00,1.000000e+00,0.000000e+00,0.000000e+00,0.000000e+00,1.875061e+00
1.666667e-01,9.999000e-01,1.000000e-04,0.000000e+00,0.000000e+00,1.835496e+00
3.333333e-01,9.998000e-01,2.000000e-04,0.000000e+00,0.000000e+00,1.795930e+00
5.000000e-01,9.996000e-01,4.000000e-04,0.000000e+00,0.000000e+00,1.756365e+00
6.666667e-01,9.994000e-01,6.000000e-04,0.000000e+00,0.000000e+00,1.716800e+00
8.333333e-01,9.994000e-01,6.000000e-04,0.000000e+00,0.000000e+00,1.677234e+00
1.000000e+00,9.991000e-01,9.000000e-04,0.000000e+00,0.000000e+00,1.637669e+00
1.166667e+00,9.991000e-01,8.000000e-04,1.000000e-04,0.000000e+00,1.598103e+00
1.333333e+00,9.990000e-01,9.000000e-04,1.000000e-04,0.000000e+00,1.558538e+00
1.500000e+00,9.989000e-01,1.000000e-03,1.000000e-04,0.000000e+00,1.519019e+00
1.666667e+00,9.986000e-01,1.300000e-03,1.000000e-04,0.000000e+00,1.479517e+00
1.833333e+00,9.985000e-01,1.400000e-03,1.000000e-04,0.000000e+00,1.440039e+00
2.000000e+00,9.985000e-01,1.300000e-03,2.000000e-04,0.000000e+00,1.400593e+00
2.166667e+00,9.985000e-01,1.300000e-03,2.000000e-04,0.000000e+00,1.361191e+00
2.333333e+00,9.984000e-01,1.400000e-03,2.000000e-04,0.000000e+00,1.321993e+00
2.500000e+00,9.984000e-01,1.300000e-03,3.000000e-04,0.000000e+00,1.282929e+00
2.666667e+00,9.984000e-01,1.300000e-03,3.000000e-04,0.000000e+00,1.244051e+00
2.833333e+00,9.984000e-01,1.300000e-03,3.000000e-04,0.000000e+00,1.205995e+00
3.000000e+00,9.983000e-01,1.400000e-03,3.000000e-04,0.000000e+00,1.168489e+00
3.166667e+00,9.983000e-01,1.400000e-03,3.000000e-04,0.000000e+00,1.131729e+00
3.333333e+00,9.983000e-01,1.300000e-03,4.000000e-04,0.000000e+00,1.095975e+00
3.500000e+00,9.983000e-01,1.300000e-03,4.000000e-04,0.000000e+00,1.061577e+00
3.666667e+00,9.983000e-01,1.300000e-03,4.000000e-04,0.000000e+00,1.029428e+00
3.833333e+00,9.983000e-01,1.200000e-03,5.000000e-04,0.000000e+00,9.998181e-01
4.000000e+00,9.983000e-01,1.200000e-03,5.000000e-04,0.000000e+00,9.735271e-01
4.166667e+00,9.983000e-01,1.200000e-03,5.000000e-04,0.000000e+00,9.540065e-01
4.333333e+00,9.983000e-01,1.200000e-03,5.000000e-04,0.000000e+00,9.404724e-01
4.500000e+00,9.983000e-01,1.200000e-03,5.000000e-04,0.000000e+00,9.342001e-01
4.666667e+00,9.983000e-01,1.200000e-03,5.000000e-04,0.000000e+00,9.364467e-01
4.833333e+00,9.983000e-01,1.100000e-03,6.000000e-04,0.000000e+00,9.483043e-01
5.000000e+00,9.983000e-01,1.100000e-03,6.000000e-04,0.000000e+00,9.705395e-01
5.166667e+00,9.982000e-01,1.200000e-03,6.000000e-04,0.000000e+00,1.062644e+00
5.333333e+00,9.982000e-01,1.200000e-03,6.000000e-04,0.000000e+00,1.156032e+00
5.500000e+00,9.982000e-01,1.000000e-03,8.000000e-04,0.000000e+00,1.250373e+00
5.666667e+00,9.982000e-01,9.000000e-04,9.000000e-04,0.000000e+00,1.345420e+00
5.833333e+00,9.981000e-01,1.000000e-03,9.000000e-04,0.000000e+00,1.501674e+00
6.000000e+00,9.981000e-01,1.000000e-03,9.000000e-04,0.000000e+00,1.644815e+00
6.166667e+00,9.981000e-01,1.000000e-03,9.000000e-04,0.000000e+00,1.772654e+00
6.333333e+00,9.980000e-01,1.100000e-03,9.000000e-04,0.000000e+00,1.890862e+00
6.500000e+00,9.980000e-01,1.000000e-03,1.000000e-03,0.000000e+00,2.002714e+00
6.666667e+00,9.976000e-01,1.400000e-03,1.000000e-03,0.000000e+00,2.110243e+00
6.833333e+00,9.975000e-01,1.500000e-03,1.000000e-03,0.000000e+00,2.214813e+00
7.000000e+00,9.973000e-01,1.700000e-03,1.000000e-03,0.000000e+00,2.317253e+00
7.166667e+00,9.969000e-01,2.100000e-03,1.000000e-03,0.000000e+00,2.418176e+00
7.333333e+00,9.966000e-01,2.400000e-03,1.000000e-03,0.000000e+00,2.518010e+00
7.500000e+00,9.959000e-01,3.000000e-03,1.100000e-03,0.000000e+00,2.617059e+00
7.666667e+00,9.955000e-01,3.300000e-03,1.200000e-03,0.000000e+00,2.715538e+00
7.833333e+00,9.948000e-01,4.000000e-03,1.200000e-03,0.000000e+00,2.813605e+00
8.000000e+00,9.944000e-01,4.300000e-03,1.300000e-03,0.000000e+00,2.911369e+00
8.166667e+00,9.938000e-01,4.700000e-03,1.500000e-03,0.000000e+00,3.008906e+00
8.333333e+00,9.930000e-01,5.400000e-03,1.600000e-03,0.000000e+00,3.127992e+00
8.500000e+00,9.923000e-01,6.000000e-03,1.700000e-03,0.000000e+00,3.240410e+00
8.666667e+00,9.909000e-01,7.300000e-03,1.800000e-03,0.000000e+00,3.348292e+00
8.833333e+00,9.902000e-01,7.900000e-03,1.900000e-03,0.000000e+00,3.453020e+00
9.000000e+00,9.888000e-01,9.200000e-03,2.000000e-03,0.000000e+00,3.555517e+00
9.166667e+00,9.877000e-01,1.020000e-02,2.100000e-03,0.000000e+00,3.656414e+00
9.333333e+00,9.865000e-01,1.130000e-02,2.200000e-03,0.000000e+00,3.756146e+00
9.500000e+00,9.843000e-01,1.330000e-02,2.400000e-03,0.000000e+00,3.855015e+00
9.666667e+00,9.833000e-01,1.380000e-02,2.900000e-03,0.000000e+00,3.953232e+00
9.833333e+00,9.822000e-01,1.440000e-02,3.400000e-03,0.000000e+00,4.050942e+00
1.000000e+01,9.807000e-01,1.560000e-02,3.700000e-03,0.000000e+00,4.148241e+00
1.016667e+01,9.788000e-01,1.700000e-02,4.200000e-03,0.000000e+00,4.245191e+00
1.033333e+01,9.757000e-01,1.990000e-02,4.400000e-03,0.000000e+00,4.344965e+00
1.050000e+01,9.741000e-01,2.070000e-02,5.200000e-03,0.000000e+00,4.443562e+00
1.066667e+01,9.708000e-01,2.300000e-02,6.200000e-03,0.000000e+00,4.541207e+00
1.083333e+01,9.670000e-01,2.610000e-02,6.900000e-03,0.000000e+00,4.638042e+00
1.100000e+01,9.651000e-01,2.710000e-02,7.800000e-03,0.000000e+00,4.734136e+00
1.116667e+01,9.626000e-01,2.880000e-02,8.600000e-03,0.000000e+00,4.829502e+00
1.133333e+01,9.604000e-01,3.050000e-02,9.100000e-03,0.000000e+00,4.924110e+00
1.150000e+01,9.566000e-01,3.310000e-02,1.030000e-02,0.000000e+00,5.021797e+00
1.166667e+01,9.524000e-01,3.660000e-02,1.100000e-02,0.000000e+00,5.117528e+00
1.183333e+01,9.494000e-01,3.820000e-02,1.240000e-02,0.000000e+00,5.211460e+00
1.200000e+01,9.446000e-01,4.240000e-02,1.300000e-02,0.000000e+00,5.303631e+00
1.216667e+01,9.414000e-01,4.450000e-02,1.410000e-02,0.000000e+00,5.393992e+00
1.233333e+01,9.357000e-01,4.890000e-02,1.540000e-02,0.000000e+00,5.482427e+00
1.250000e+01,9.301000e-01,5.270000e-02,1.720000e-02,0.000000e+00,5.577782e+00
1.266667e+01,9.254000e-01,5.540000e-02,1.920000e-02,0.000000e+00,5.668466e+00
1.283333e+01,9.217000e-01,5.770000e-02,2.060000e-02,0.000000e+00,5.754956e+00
1.300000e+01,9.169000e-01,6.100000e-02,2.210000e-02,0.000000e+00,5.837504e+00
1.316667e+01,9.121000e-01,6.430000e-02,2.350000e-02,1.000000e-04,5.916217e+00
1.333333e+01,9.071000e-01,6.810000e-02,2.470000e-02,1.000000e-04,5.991120e+00
1.350000e+01,9.000000e-01,7.310000e-02,2.670000e-02,2.000000e-04,6.062200e+00
1.366667e+01,8.940000e-01,7.680000e-02,2.900000e-02,2.000000e-04,6.129419e+00
1.383333e+01,8.877000e-01,8.180000e-02,3.030000e-02,2.000000e-04,6.182267e+00
1.400000e+01,8.813000e-01,8.540000e-02,3.310000e-02,2.000000e-04,6.233880e+00
1.416667e+01,8.752000e-01,8.890000e-02,3.560000e-02,3.000000e-04,6.283664e+00
1.433333e+01,8.688000e-01,9.320000e-02,3.770000e-02,3.000000e-04,6.331177e+00
1.450000e+01,8.624000e-01,9.770000e-02,3.930000e-02,6.000000e-04,6.368760e+00
1.466667e+01,8.557000e-01,1.027000e-01,4.100000e-02,6.000000e-04,6.405006e+00
1.483333e+01,8.492000e-01,1.061000e-01,4.410000e-02,6.000000e-04,6.417423e+00
1.500000e+01,8.424000e-01,1.105000e-01,4.650000e-02,6.000000e-04,6.431507e+00
1.516667e+01,8.346000e-01,1.156000e-01,4.920000e-02,6.000000e-04,6.446630e+00
1.533333e+01,8.280000e-01,1.186000e-01,5.280000e-02,6.000000e-04,6.462237e+00
1.550000e+01,8.223000e-01,1.206000e-01,5.630000e-02,8.000000e-04,6.477866e+00
1.566667e+01,8.152000e-01,1.241000e-01,5.960000e-02,1.100000e-03,6.493182e+00
1.583333e+01,8.090000e-01,1.273000e-01,6.260000e-02,1.100000e-03,6.494841e+00
1.600000e+01,8.015000e-01,1.304000e-01,6.690000e-02,1.200000e-03,6.477206e+00
1.616667e+01,7.950000e-01,1.332000e-01,7.060000e-02,1.200000e-03,6.461366e+00
1.633333e+01,7.888000e-01,1.360000e-01,7.400000e-02,1.200000e-03,6.445563e+00
1.650000e+01,7.817000e-01,1.395000e-01,7.760000e-02,1.200000e-03,6.431898e+00
1.666667e+01,7.733000e-01,1.451000e-01,8.040000e-02,1.200000e-03,6.420370e+00
1.683333e+01,7.652000e-01,1.492000e-01,8.440000e-02,1.200000e-03,6.411234e+00
1.700000e+01,7.580000e-01,1.524000e-01,8.840000e-02,1.200000e-03,6.404323e+00
1.716667e+01,7.505000e-01,1.546000e-01,9.370000e-02,1.200000e-03,6.399715e+00
1.733333e+01,7.432000e-01,1.577000e-01,9.790000e-02,1.200000e-03,6.397530e+00
1.750000e+01,7.364000e-01,1.601000e-01,1.023000e-01,1.200000e-03,6.397946e+00
1.766667e+01,7.304000e-01,1.619000e-01,1.065000e-01,1.200000e-03,6.401168e+00
1.783333e+01,7.228000e-01,1.650000e-01,1.110000e-01,1.200000e-03,6.407511e+00
1.800000e+01,7.174000e-01,1.660000e-01,1.154000e-01,1.200000e-03,6.417186e+00
1.816667e+01,7.109000e-01,1.680000e-01,1.199000e-01,1.200000e-03,6.430490e+00
1.833333e+01,7.049000e-01,1.700000e-01,1.236000e-01,1.500000e-03,6.448714e+00
1.850000e+01,6.979000e-01,1.727000e-01,1.279000e-01,1.500000e-03,6.471453e+00
1.866667e+01,6.915000e-01,1.743000e-01,1.327000e-01,1.500000e-03,6.481003e+00
1.883333e+01,6.868000e-01,1.737000e-01,1.379000e-01,1.600000e-03,6.498679e+00
1.900000e+01,6.814000e-01,1.739000e-01,1.430000e-01,1.700000e-03,6.524963e+00
1.916667e+01,6.747000e-01,1.759000e-01,1.476000e-01,1.800000e-03,6.556561e+00
1.933333e+01,6.689000e-01,1.768000e-01,1.524000e-01,1.900000e-03,6.594933e+00
1.950000e+01,6.635000e-01,1.764000e-01,1.582000e-01,1.900000e-03,6.634834e+00
1.966667e+01,6.573000e-01,1.775000e-01,1.633000e-01,1.900000e-03,6.678685e+00
1.983333e+01,6.528000e-01,1.770000e-01,1.681000e-01,2.100000e-03,6.728659e+00
2.000000e+01,6.483000e-01,1.758000e-01,1.736000e-01,2.300000e-03,6.782674e+00
2.016667e+01,6.432000e-01,1.762000e-01,1.780000e-01,2.600000e-03,6.836510e+00
2.033333e+01,6.371000e-01,1.775000e-01,1.828000e-01,2.600000e-03,6.890238e+00
2.050000e+01,6.312000e-01,1.785000e-01,1.874000e-01,2.900000e-03,6.943108e+00
2.066667e+01,6.258000e-01,1.786000e-01,1.925000e-01,3.100000e-03,6.998590e+00
2.083333e+01,6.204000e-01,1.794000e-01,1.969000e-01,3.300000e-03,7.053453e+00
2.100000e+01,6.153000e-01,1.794000e-01,2.016000e-01,3.700000e-03,7.106500e+00
2.116667e+01,6.088000e-01,1.796000e-01,2.075000e-01,4.100000e-03,7.160024e+00
2.133333e+01,6.027000e-01,1.808000e-01,2.123000e-01,4.200000e-03,7.210211e+00
2.150000e+01,5.969000e-01,1.814000e-01,2.174000e-01,4.300000e-03,7.260624e+00
2.166667e+01,5.912000e-01,1.818000e-01,2.220000e-01,5.000000e-03,7.312544e+00
2.183333e+01,5.850000e-01,1.834000e-01,2.259000e-01,5.700000e-03,7.364670e+00
2.200000e+01,5.760000e-01,1.864000e-01,2.310000e-01,6.600000e-03,7.414008e+00
2.216667e+01,5.694000e-01,1.884000e-01,2.350000e-01,7.200000e-03,7.460781e+00
2.233333e+01,5.630000e-01,1.902000e-01,2.382000e-01,8.600000e-03,7.504957e+00
2.250000e+01,5.573000e-01,1.894000e-01,2.438000e-01,9.500000e-03,7.548223e+00
2.266667e+01,5.510000e-01,1.898000e-01,2.489000e-01,1.030000e-02,7.586520e+00
2.283333e+01,5.462000e-01,1.887000e-01,2.540000e-01,1.110000e-02,7.623970e+00
2.300000e+01,5.411000e-01,1.886000e-01,2.583000e-01,1.200000e-02,7.661882e+00
2.316667e+01,5.344000e-01,1.892000e-01,2.632000e-01,1.320000e-02,7.699926e+00
2.333333e+01,5.293000e-01,1.890000e-01,2.673000e-01,1.440000e-02,7.738130e+00
2.350000e+01,5.230000e-01,1.885000e-01,2.728000e-01,1.570000e-02,7.775074e+00
2.366667e+01,5.159000e-01,1.898000e-01,2.772000e-01,1.710000e-02,7.811260e+00
2.383333e+01,5.078000e-01,1.923000e-01,2.815000e-01,1.840000e-02,7.846972e+00
2.400000e+01,5.009000e-01,1.931000e-01,2.861000e-01,1.990000e-02,7.882262e+00
2.416667e+01,4.943000e-01,1.937000e-01,2.908000e-01,2.120000e-02,7.917206e+00
2.433333e+01,4.863000e-01,1.964000e-01,2.941000e-01,2.320000e-02,7.951272e+00
2.450000e+01,4.795000e-01,1.971000e-01,2.980000e-01,2.540000e-02,7.984659e+00
2.466667e+01,4.701000e-01,2.002000e-01,3.023000e-01,2.740000e-02,8.016905e+00
2.483333e+01,4.640000e-01,2.001000e-01,3.051000e-01,3.080000e-02,8.047680e+00
2.500000e+01,4.564000e-01,2.028000e-01,3.073000e-01,3.350000e-02,8.077395e+00
2.516667e+01,4.491000e-01,2.046000e-01,3.097000e-01,3.660000e-02,8.104317e+00
2.533333e+01,4.404000e-01,2.085000e-01,3.116000e-01,3.950000e-02,8.130136e+00
2.550000e+01,4.335000e-01,2.102000e-01,3.127000e-01,4.360000e-02,8.154332e+00
2.566667e+01,4.266000e-01,2.103000e-01,3.158000e-01,4.730000e-02,8.177440e+00
2.583333e+01,4.192000e-01,2.124000e-01,3.175000e-01,5.090000e-02,8.198338e+00
2.600000e+01,4.116000e-01,2.134000e-01,3.210000e-01,5.400000e-02,8.218193e+00
2.616667e+01,4.028000e-01,2.159000e-01,3.232000e-01,5.810000e-02,8.237094e+00
2.633333e+01,3.922000e-01,2.206000e-01,3.255000e-01,6.170000e-02,8.255899e+00
2.650000e+01,3.837000e-01,2.227000e-01,3.276000e-01,6.600000e-02,8.273856e+00
2.666667e+01,3.765000e-01,2.245000e-01,3.290000e-01,7.000000e-02,8.291788e+00
2.683333e+01,3.685000e-01,2.265000e-01,3.306000e-01,7.440000e-02,8.309262e+00
2.700000e+01,3.614000e-01,2.271000e-01,3.330000e-01,7.850000e-02,8.326327e+00
2.716667e+01,3.541000e-01,2.288000e-01,3.353000e-01,8.180000e-02,8.342665e+00
2.733333e+01,3.452000e-01,2.306000e-01,3.381000e-01,8.610000e-02,8.358942e+00
2.750000e+01,3.388000e-01,2.286000e-01,3.408000e-01,9.180000e-02,8.375388e+00
2.766667e+01,3.302000e-01,2.302000e-01,3.431000e-01,9.650000e-02,8.391379e+00
2.783333e+01,3.219000e-01,2.322000e-01,3.441000e-01,1.018000e-01,8.405922e+00
2.800000e+01,3.140000e-01,2.330000e-01,3.470000e-01,1.060000e-01,8.420012e+00
2.816667e+01,3.061000e-01,2.348000e-01,3.473000e-01,1.118000e-01,8.433252e+00
2.833333e+01,2.982000e-01,2.362000e-01,3.490000e-01,1.166000e-01,8.446765e+00
2.850000e+01,2.919000e-01,2.351000e-01,3.510000e-01,1.220000e-01,8.459219e+00
2.866667e+01,2.840000e-01,2.373000e-01,3.521000e-01,1.266000e-01,8.471350e+00
2.883333e+01,2.774000e-01,2.367000e-01,3.539000e-01,1.320000e-01,8.483037e+00
2.900000e+01,2.685000e-01,2.399000e-01,3.536000e-01,1.380000e-01,8.494783e+00
2.916667e+01,2.601000e-01,2.413000e-01,3.546000e-01,1.440000e-01,8.505873e+00
2.933333e+01,2.526000e-01,2.429000e-01,3.535000e-01,1.510000e-01,8.516196e+00
2.950000e+01,2.461000e-01,2.443000e-01,3.522000e-01,1.574000e-01,8.525858e+00
2.966667e+01,2.399000e-01,2.447000e-01,3.516000e-01,1.638000e-01,8.534295e+00
2.983333e+01,2.333000e-01,2.453000e-01,3.501000e-01,1.713000e-01,8.541730e+00
3.000000e+01,2.269000e-01,2.439000e-01,3.511000e-01,1.781000e-01,8.548209e+00
3.016667e+01,2.206000e-01,2.438000e-01,3.520000e-01,1.836000e-01,8.553342e+00
3.033333e+01,2.149000e-01,2.431000e-01,3.523000e-01,1.897000e-01,8.557873e+00
3.050000e+01,2.094000e-01,2.407000e-01,3.527000e-01,1.972000e-01,8.562056e+00
3.066667e+01,2.032000e-01,2.413000e-01,3.531000e-01,2.024000e-01,8.565778e+00
3.083333e+01,1.971000e-01,2.422000e-01,3.512000e-01,2.095000e-01,8.568399e+00
3.100000e+01,1.905000e-01,2.406000e-01,3.527000e-01,2.162000e-01,8.571083e+00
3.116667e+01,1.848000e-01,2.398000e-01,3.523000e-01,2.231000e-01,8.572988e+00
3.133333e+01,1.793000e-01,2.395000e-01,3.520000e-01,2.292000e-01,8.574231e+00
3.150000e+01,1.740000e-01,2.391000e-01,3.522000e-01,2.347000e-01,8.574680e+00
3.166667e+01,1.692000e-01,2.374000e-01,3.525000e-01,2.409000e-01,8.574794e+00
3.183333e+01,1.626000e-01,2.390000e-01,3.518000e-01,2.466000e-01,8.574805e+00
3.200000e+01,1.580000e-01,2.368000e-01,3.535000e-01,2.517000e-01,8.574424e+00
3.216667e+01,1.526000e-01,2.353000e-01,3.533000e-01,2.588000e-01,8.573798e+00
3.233333e+01,1.486000e-01,2.325000e-01,3.543000e-01,2.646000e-01,8.573301e+00
3.250000e+01,1.434000e-01,2.331000e-01,3.533000e-01,2.702000e-01,8.572231e+00
3.266667e+01,1.393000e-01,2.313000e-01,3.531000e-01,2.763000e-01,8.571005e+00
3.283333e+01,1.355000e-01,2.290000e-01,3.524000e-01,2.831000e-01,8.569655e+00
3.300000e+01,1.299000e-01,2.290000e-01,3.535000e-01,2.876000e-01,8.568213e+00
3.316667e+01,1.258000e-01,2.265000e-01,3.538000e-01,2.939000e-01,8.566296e+00
3.333333e+01,1.213000e-01,2.236000e-01,3.552000e-01,2.999000e-01,8.564768e+00
3.350000e+01,1.172000e-01,2.219000e-01,3.548000e-01,3.061000e-01,8.563043e+00
3.366667e+01,1.127000e-01,2.209000e-01,3.547000e-01,3.117000e-01,8.561550e+00
3.383333e+01,1.088000e-01,2.192000e-01,3.548000e-01,3.172000e-01,8.559885e+00
3.400000e+01,1.050000e-01,2.161000e-01,3.573000e-01,3.216000e-01,8.558220e+00
3.416667e+01,1.021000e-01,2.132000e-01,3.575000e-01,3.272000e-01,8.556903e+00
3.433333e+01,9.720000e-02,2.118000e-01,3.590000e-01,3.320000e-01,8.556583e+00
3.450000e+01,9.300000e-02,2.090000e-01,3.600000e-01,3.380000e-01,8.556743e+00
3.466667e+01,9.080000e-02,2.045000e-01,3.616000e-01,3.431000e-01,8.557815e+00
3.483333e+01,8.780000e-02,2.029000e-01,3.596000e-01,3.497000e-01,8.558903e+00
3.500000e+01,8.430000e-02,2.013000e-01,3.578000e-01,3.566000e-01,8.560333e+00
3.516667e+01,8.050000e-02,1.991000e-01,3.577000e-01,3.627000e-01,8.561314e+00
3.533333e+01,7.870000e-02,1.966000e-01,3.569000e-01,3.678000e-01,8.561933e+00
3.550000e+01,7.550000e-02,1.960000e-01,3.557000e-01,3.728000e-01,8.562668e+00
3.566667e+01,7.250000e-02,1.945000e-01,3.537000e-01,3.793000e-01,8.563823e+00
3.583333e+01,6.940000e-02,1.920000e-01,3.519000e-01,3.867000e-01,8.565540e+00
3.600000e+01,6.680000e-02,1.900000e-01,3.487000e-01,3.945000e-01,8.567082e+00
3.616667e+01,6.470000e-02,1.880000e-01,3.484000e-01,3.989000e-01,8.568037e+00
3.633333e+01,6.130000e-02,1.866000e-01,3.469000e-01,4.052000e-01,8.568381e+00
3.650000e+01,5.870000e-02,1.847000e-01,3.442000e-01,4.124000e-01,8.569662e+00
3.666667e+01,5.600000e-02,1.822000e-01,3.439000e-01,4.179000e-01,8.570853e+00
3.683333e+01,5.390000e-02,1.785000e-01,3.441000e-01,4.235000e-01,8.571676e+00
3.700000e+01,5.240000e-02,1.733000e-01,3.436000e-01,4.307000e-01,8.573080e+00
3.716667e+01,5.080000e-02,1.703000e-01,3.411000e-01,4.378000e-01,8.575106e+00
3.733333e+01,4.930000e-02,1.675000e-01,3.396000e-01,4.436000e-01,8.577320e+00
3.750000e+01,4.800000e-02,1.650000e-01,3.368000e-01,4.502000e-01,8.579350e+00
3.766667e+01,4.560000e-02,1.636000e-01,3.339000e-01,4.569000e-01,8.582087e+00
3.783333e+01,4.390000e-02,1.600000e-01,3.311000e-01,4.650000e-01,8.585118e+00
3.800000e+01,4.250000e-02,1.577000e-01,3.284000e-01,4.714000e-01,8.588241e+00
3.816667e+01,4.060000e-02,1.560000e-01,3.263000e-01,4.771000e-01,8.590986e+00
3.833333e+01,3.930000e-02,1.549000e-01,3.210000e-01,4.848000e-01,8.593923e+00
3.850000e+01,3.710000e-02,1.525000e-01,3.199000e-01,4.905000e-01,8.597402e+00
3.866667e+01,3.580000e-02,1.487000e-01,3.182000e-01,4.973000e-01,8.600338e+00
3.883333e+01,3.370000e-02,1.463000e-01,3.148000e-01,5.052000e-01,8.603757e+00
3.900000e+01,3.230000e-02,1.444000e-01,3.110000e-01,5.123000e-01,8.607220e+00
3.916667e+01,3.060000e-02,1.429000e-01,3.074000e-01,5.191000e-01,8.610238e+00
3.933333e+01,2.910000e-02,1.408000e-01,3.033000e-01,5.268000e-01,8.612913e+00
3.950000e+01,2.810000e-02,1.379000e-01,3.003000e-01,5.337000e-01,8.615591e+00
3.966667e+01,2.660000e-02,1.352000e-01,2.967000e-01,5.415000e-01,8.618005e+00
3.983333e+01,2.560000e-02,1.312000e-01,2.965000e-01,5.467000e-01,8.620546e+00
4.000000e+01,2.490000e-02,1.277000e-01,2.939000e-01,5.535000e-01,8.622543e+00
4.016667e+01,2.420000e-02,1.246000e-01,2.902000e-01,5.610000e-01,8.625546e+00
4.033333e+01,2.320000e-02,1.217000e-01,2.863000e-01,5.688000e-01,8.628509e+00
4.050000e+01,2.260000e-02,1.195000e-01,2.802000e-01,5.777000e-01,8.631309e+00
4.066667e+01,2.150000e-02,1.170000e-01,2.765000e-01,5.850000e-01,8.633876e+00
4.083333e+01,2.010000e-02,1.153000e-01,2.719000e-01,5.927000e-01,8.635563e+00
4.100000e+01,1.940000e-02,1.127000e-01,2.683000e-01,5.996000e-01,8.637012e+00
4.116667e+01,1.880000e-02,1.106000e-01,2.641000e-01,6.065000e-01,8.637910e+00
4.133333e+01,1.820000e-02,1.086000e-01,2.584000e-01,6.148000e-01,8.639050e+00
4.150000e+01,1.700000e-02,1.067000e-01,2.535000e-01,6.228000e-01,8.640200e+00
4.166667e+01,1.630000e-02,1.052000e-01,2.484000e-01,6.301000e-01,8.640629e+00
4.183333e+01,1.590000e-02,1.035000e-01,2.451000e-01,6.355000e-01,8.640428e+00
4.200000e+01,1.580000e-02,1.002000e-01,2.420000e-01,6.420000e-01,8.639777e+00
4.216667e+01,1.530000e-02,9.870000e-02,2.361000e-01,6.499000e-01,8.639444e+00
4.233333e+01,1.400000e-02,9.690000e-02,2.319000e-01,6.572000e-01,8.639256e+00
4.250000e+01,1.370000e-02,9.510000e-02,2.255000e-01,6.657000e-01,8.638115e+00
4.266667e+01,1.320000e-02,9.310000e-02,2.204000e-01,6.733000e-01,8.636688e+00
4.283333e+01,1.290000e-02,9.070000e-02,2.155000e-01,6.809000e-01,8.634222e+00
4.300000e+01,1.220000e-02,8.890000e-02,2.124000e-01,6.865000e-01,8.631216e+00
4.316667e+01,1.180000e-02,8.730000e-02,2.083000e-01,6.926000e-01,8.627830e+00
4.333333e+01,1.110000e-02,8.590000e-02,2.030000e-01,7.000000e-01,8.624664e+00
4.350000e+01,1.060000e-02,8.360000e-02,1.997000e-01,7.061000e-01,8.621558e+00
4.366667e+01,1.010000e-02,8.240000e-02,1.950000e-01,7.125000e-01,8.617979e+00
4.383333e+01,9.300000e-03,8.120000e-02,1.906000e-01,7.189000e-01,8.614547e+00
4.400000e+01,8.800000e-03,8.010000e-02,1.856000e-01,7.255000e-01,8.610836e+00
4.416667e+01,8.600000e-03,7.720000e-02,1.814000e-01,7.328000e-01,8.606943e+00
4.433333e+01,8.200000e-03,7.620000e-02,1.764000e-01,7.392000e-01,8.602743e+00
4.450000e+01,8.100000e-03,7.410000e-02,1.728000e-01,7.450000e-01,8.598310e+00
4.466667e+01,7.700000e-03,7.230000e-02,1.698000e-01,7.502000e-01,8.593311e+00
4.483333e+01,7.300000e-03,7.050000e-02,1.658000e-01,7.564000e-01,8.588351e+00
4.500000e+01,6.800000e-03,6.890000e-02,1.613000e-01,7.630000e-01,8.583617e+00
4.516667e+01,6.600000e-03,6.680000e-02,1.587000e-01,7.679000e-01,8.578417e+00
4.533333e+01,6.500000e-03,6.410000e-02,1.564000e-01,7.730000e-01,8.572623e+00
4.550000e+01,5.900000e-03,6.310000e-02,1.524000e-01,7.786000e-01,8.567130e+00
4.566667e+01,5.500000e-03,6.210000e-02,1.484000e-01,7.840000e-01,8.561827e+00
4.583333e+01,5.000000e-03,6.080000e-02,1.425000e-01,7.917000e-01,8.556386e+00
4.600000e+01,4.600000e-03,5.960000e-02,1.385000e-01,7.973000e-01,8.550445e+00
4.616667e+01,4.200000e-03,5.910000e-02,1.346000e-01,8.021000e-01,8.543020e+00
4.633333e+01,3.900000e-03,5.850000e-02,1.304000e-01,8.072000e-01,8.535281e+00
4.650000e+01,3.800000e-03,5.690000e-02,1.256000e-01,8.137000e-01,8.527468e+00
4.666667e+01,3.700000e-03,5.570000e-02,1.225000e-01,8.181000e-01,8.519409e+00
4.683333e+01,3.500000e-03,5.490000e-02,1.190000e-01,8.226000e-01,8.510203e+00
4.700000e+01,3.200000e-03,5.390000e-02,1.170000e-01,8.259000e-01,8.501210e+00
4.716667e+01,2.900000e-03,5.370000e-02,1.138000e-01,8.296000e-01,8.491977e+00
4.733333e+01,2.400000e-03,5.230000e-02,1.117000e-01,8.336000e-01,8.483355e+00
4.750000e+01,2.300000e-03,5.070000e-02,1.095000e-01,8.375000e-01,8.474876e+00
4.766667e+01,2.200000e-03,4.930000e-02,1.072000e-01,8.413000e-01,8.466535e+00
4.783333e+01,2.000000e-03,4.770000e-02,1.056000e-01,8.447000e-01,8.458143e+00
4.800000e+01,1.700000e-03,4.720000e-02,1.025000e-01,8.486000e-01,8.449655e+00
4.816667e+01,1.600000e-03,4.570000e-02,9.970000e-02,8.530000e-01,8.441493e+00
4.833333e+01,1.600000e-03,4.410000e-02,9.800000e-02,8.563000e-01,8.433154e+00
4.850000e+01,1.500000e-03,4.320000e-02,9.390000e-02,8.614000e-01,8.424719e+00
4.866667e+01,1.500000e-03,4.150000e-02,9.170000e-02,8.653000e-01,8.416864e+00
4.883333e+01,1.300000e-03,4.060000e-02,8.950000e-02,8.686000e-01,8.407855e+00
4.900000e+01,1.300000e-03,3.980000e-02,8.700000e-02,8.719000e-01,8.398806e+00
4.916667e+01,1.200000e-03,3.900000e-02,8.350000e-02,8.763000e-01,8.389947e+00
4.933333e+01,1.000000e-03,3.830000e-02,8.040000e-02,8.803000e-01,8.380924e+00
4.950000e+01,1.000000e-03,3.660000e-02,7.960000e-02,8.828000e-01,8.370743e+00
4.966667e+01,9.000000e-04,3.570000e-02,7.740000e-02,8.860000e-01,8.359794e+00
4.983333e+01,7.000000e-04,3.510000e-02,7.460000e-02,8.896000e-01,8.349452e+00
