Time,U,I1,I2,D,Ve
0.000000e+00,9.997772e-01,0.000000e+00,2.227668e-04,0.000000e+00,-inf
1.666667e-01,9.997772e-01,0.000000e+00,2.227668e-04,0.000000e+00,-inf
3.333333e-01,9.997772e-01,0.000000e+00,2.227668e-04,0.000000e+00,-2.548184e+00
5.000000e-01,9.997772e-01,0.000000e+00,2.227668e-04,0.000000e+00,-2.213077e+00
6.666667e-01,9.997772e-01,0.000000e+00,2.227668e-04,0.000000e+00,-1.999405e+00
8.333333e-01,9.997772e-01,0.000000e+00,2.227668e-04,0.000000e+00,-1.833466e+00
1.000000e+00,9.997772e-01,0.000000e+00,2.227668e-04,0.000000e+00,-1.692246e+00
1.166667e+00,9.997772e-01,0.000000e+00,2.227668e-04,0.000000e+00,-1.565582e+00
1.333333e+00,9.997772e-01,0.000000e+00,2.227668e-04,0.000000e+00,-1.448132e+00
1.500000e+00,9.997772e-01,0.000000e+00,2.227668e-04,0.000000e+00,-1.336784e+00
1.666667e+00,9.997772e-01,0.000000e+00,2.227668e-04,0.000000e+00,-1.229599e+00
1.833333e+00,9.997772e-01,0.000000e+00,2.227668e-04,0.000000e+00,-1.125311e+00
2.000000e+00,9.997772e-01,0.000000e+00,2.227668e-04,0.000000e+00,-1.023066e+00
2.166667e+00,9.997772e-01,0.000000e+00,2.227668e-04,0.000000e+00,-9.222764e-01
2.333333e+00,9.997772e-01,0.000000e+00,2.227668e-04,0.000000e+00,-8.225313e-01
2.500000e+00,9.997772e-01,0.000000e+00,2.227668e-04,0.000000e+00,-7.235389e-01
2.666667e+00,9.997772e-01,0.000000e+00,2.227668e-04,0.000000e+00,-6.250911e-01
2.833333e+00,9.997772e-01,0.000000e+00,2.227668e-04,0.000000e+00,-5.270381e-01
3.000000e+00,9.997772e-01,0.000000e+00,2.227668e-04,0.000000e+00,-4.292722e-01
3.166667e+00,9.997772e-01,0.000000e+00,2.227668e-04,0.000000e+00,-3.317150e-01
3.333333e+00,9.997772e-01,0.000000e+00,2.227668e-04,0.000000e+00,-2.343098e-01
3.500000e+00,9.997772e-01,0.000000e+00,2.227668e-04,0.000000e+00,-1.370156e-01
3.666667e+00,9.997772e-01,0.000000e+00,2.227668e-04,0.000000e+00,-3.980230e-02
3.833333e+00,9.997772e-01,0.000000e+00,2.227668e-04,0.000000e+00,5.735192e-02
4.000000e+00,9.997772e-01,0.000000e+00,2.227668e-04,0.000000e+00,1.544630e-01
4.166667e+00,9.997772e-01,0.000000e+00,2.227668e-04,0.000000e+00,2.515425e-01
4.333333e+00,9.997772e-01,0.000000e+00,2.227668e-04,0.000000e+00,3.485989e-01
4.500000e+00,9.997772e-01,0.000000e+00,2.227668e-04,0.000000e+00,4.456384e-01
4.666667e+00,9.997772e-01,0.000000e+00,2.227668e-04,0.000000e+00,5.426655e-01
4.833333e+00,9.997772e-01,0.000000e+00,2.227668e-04,0.000000e+00,6.396834e-01
5.000000e+00,9.997772e-01,0.000000e+00,2.227668e-04,0.000000e+00,7.366945e-01
5.166667e+00,9.997772e-01,0.000000e+00,2.227668e-04,0.000000e+00,8.337004e-01
5.333333e+00,9.997772e-01,0.000000e+00,2.227668e-04,0.000000e+00,9.307025e-01
5.500000e+00,9.997772e-01,0.000000e+00,2.227668e-04,0.000000e+00,1.027701e+00
5.666667e+00,9.997772e-01,0.000000e+00,2.227668e-04,0.000000e+00,1.124698e+00
5.833333e+00,9.997772e-01,0.000000e+00,2.227668e-04,0.000000e+00,1.221692e+00
6.000000e+00,9.997772e-01,0.000000e+00,2.227668e-04,0.000000e+00,1.318684e+00
6.166667e+00,9.997772e-01,0.000000e+00,2.227668e-04,0.000000e+00,1.415674e+00
6.333333e+00,9.997772e-01,0.000000e+00,2.227668e-04,0.000000e+00,1.512662e+00
6.500000e+00,9.997772e-01,0.000000e+00,2.227668e-04,0.000000e+00,1.609648e+00
6.666667e+00,9.995545e-01,2.227668e-04,2.227668e-04,0.000000e+00,1.706630e+00
6.833333e+00,9.995545e-01,2.227668e-04,2.227668e-04,0.000000e+00,1.803610e+00
7.000000e+00,9.995545e-01,2.227668e-04,2.227668e-04,0.000000e+00,1.900585e+00
7.166667e+00,9.995545e-01,2.227668e-04,2.227668e-04,0.000000e+00,1.997555e+00
7.333333e+00,9.993317e-01,4.455335e-04,2.227668e-04,0.000000e+00,2.094518e+00
7.500000e+00,9.993317e-01,4.455335e-04,2.227668e-04,0.000000e+00,2.191474e+00
7.666667e+00,9.993317e-01,4.455335e-04,2.227668e-04,0.000000e+00,2.288420e+00
7.833333e+00,9.993317e-01,4.455335e-04,2.227668e-04,0.000000e+00,2.385353e+00
8.000000e+00,9.988862e-01,8.910671e-04,2.227668e-04,0.000000e+00,2.482272e+00
8.166667e+00,9.988862e-01,8.910671e-04,2.227668e-04,0.000000e+00,2.579171e+00
8.333333e+00,9.986634e-01,8.910671e-04,4.455335e-04,0.000000e+00,2.676046e+00
8.500000e+00,9.982179e-01,1.336601e-03,4.455335e-04,0.000000e+00,2.772891e+00
8.666667e+00,9.979951e-01,1.559367e-03,4.455335e-04,0.000000e+00,2.869706e+00
8.833333e+00,9.977723e-01,1.782134e-03,4.455335e-04,0.000000e+00,2.966472e+00
9.000000e+00,9.975496e-01,2.004901e-03,4.455335e-04,0.000000e+00,3.063179e+00
9.166667e+00,9.968813e-01,2.450434e-03,6.683003e-04,0.000000e+00,3.159812e+00
9.333333e+00,9.964357e-01,2.895968e-03,6.683003e-04,0.000000e+00,3.256354e+00
9.500000e+00,9.962130e-01,3.118735e-03,6.683003e-04,0.000000e+00,3.352784e+00
9.666667e+00,9.953219e-01,4.009802e-03,6.683003e-04,0.000000e+00,3.449073e+00
9.833333e+00,9.953219e-01,4.009802e-03,6.683003e-04,0.000000e+00,3.545187e+00
1.000000e+01,9.953219e-01,3.787035e-03,8.910671e-04,0.000000e+00,3.641082e+00
1.016667e+01,9.946536e-01,4.232569e-03,1.113834e-03,0.000000e+00,3.736708e+00
1.033333e+01,9.944308e-01,4.455335e-03,1.113834e-03,0.000000e+00,3.831998e+00
1.050000e+01,9.933170e-01,5.569169e-03,1.113834e-03,0.000000e+00,3.926875e+00
1.066667e+01,9.930942e-01,5.346402e-03,1.559367e-03,0.000000e+00,4.021240e+00
1.083333e+01,9.926487e-01,5.791936e-03,1.559367e-03,0.000000e+00,4.114976e+00
1.100000e+01,9.915349e-01,6.905770e-03,1.559367e-03,0.000000e+00,4.207944e+00
1.116667e+01,9.899755e-01,8.242370e-03,1.782134e-03,0.000000e+00,4.299970e+00
1.133333e+01,9.893072e-01,8.687904e-03,2.004901e-03,0.000000e+00,4.390855e+00
1.150000e+01,9.888617e-01,8.687904e-03,2.450434e-03,0.000000e+00,4.480365e+00
1.166667e+01,9.879706e-01,8.910671e-03,3.118735e-03,0.000000e+00,4.568233e+00
1.183333e+01,9.875251e-01,8.687904e-03,3.787035e-03,0.000000e+00,4.654157e+00
1.200000e+01,9.873023e-01,8.910671e-03,3.787035e-03,0.000000e+00,4.737805e+00
1.216667e+01,9.864112e-01,9.133437e-03,4.455335e-03,0.000000e+00,4.818821e+00
1.233333e+01,9.855202e-01,1.002450e-02,4.455335e-03,0.000000e+00,4.896839e+00
1.250000e+01,9.846291e-01,1.047004e-02,4.678102e-03,2.227668e-04,4.971496e+00
1.266667e+01,9.841836e-01,1.069280e-02,4.900869e-03,2.227668e-04,5.042450e+00
1.283333e+01,9.828470e-01,1.202941e-02,4.900869e-03,2.227668e-04,5.002911e+00
1.300000e+01,9.821787e-01,1.247494e-02,5.123636e-03,2.227668e-04,4.963382e+00
1.316667e+01,9.812876e-01,1.336601e-02,5.123636e-03,2.227668e-04,4.923866e+00
1.333333e+01,9.806193e-01,1.381154e-02,5.346402e-03,2.227668e-04,4.884369e+00
1.350000e+01,9.801738e-01,1.381154e-02,5.791936e-03,2.227668e-04,4.844897e+00
1.366667e+01,9.786144e-01,1.537091e-02,5.791936e-03,2.227668e-04,4.805461e+00
1.383333e+01,9.783916e-01,1.514814e-02,6.237469e-03,2.227668e-04,4.766073e+00
1.400000e+01,9.777233e-01,1.559367e-02,6.460236e-03,2.227668e-04,4.726751e+00
1.416667e+01,9.768323e-01,1.603921e-02,6.905770e-03,2.227668e-04,4.687580e+00
1.433333e+01,9.754957e-01,1.715304e-02,7.128536e-03,2.227668e-04,4.648557e+00
1.450000e+01,9.743818e-01,1.759857e-02,7.796837e-03,2.227668e-04,4.609734e+00
1.466667e+01,9.723769e-01,1.871241e-02,8.687904e-03,2.227668e-04,4.571211e+00
1.483333e+01,9.717086e-01,1.915794e-02,8.910671e-03,2.227668e-04,4.533069e+00
1.500000e+01,9.705948e-01,2.004901e-02,9.133437e-03,2.227668e-04,4.495448e+00
1.516667e+01,9.692582e-01,2.049454e-02,1.002450e-02,2.227668e-04,4.458531e+00
1.533333e+01,9.679216e-01,2.094008e-02,1.091557e-02,2.227668e-04,4.422567e+00
1.550000e+01,9.672533e-01,2.116284e-02,1.136110e-02,2.227668e-04,4.387914e+00
1.566667e+01,9.665850e-01,2.071731e-02,1.247494e-02,2.227668e-04,4.355199e+00
1.583333e+01,9.654712e-01,2.049454e-02,1.381154e-02,2.227668e-04,4.325392e+00
1.600000e+01,9.645801e-01,2.116284e-02,1.403431e-02,2.227668e-04,4.298854e+00
1.616667e+01,9.632435e-01,2.205391e-02,1.447984e-02,2.227668e-04,4.276551e+00
1.633333e+01,9.630207e-01,2.183114e-02,1.492537e-02,2.227668e-04,4.259566e+00
1.650000e+01,9.621297e-01,2.227668e-02,1.537091e-02,2.227668e-04,4.249118e+00
1.666667e+01,9.616841e-01,2.160838e-02,1.648474e-02,2.227668e-04,4.246564e+00
1.683333e+01,9.612386e-01,2.160838e-02,1.693027e-02,2.227668e-04,4.253024e+00
1.700000e+01,9.596792e-01,2.249944e-02,1.759857e-02,2.227668e-04,4.269435e+00
1.716667e+01,9.590109e-01,2.227668e-02,1.848964e-02,2.227668e-04,4.296364e+00
1.733333e+01,9.587881e-01,2.205391e-02,1.893517e-02,2.227668e-04,4.333824e+00
1.750000e+01,9.585654e-01,2.094008e-02,2.027178e-02,2.227668e-04,4.387278e+00
1.766667e+01,9.581198e-01,2.049454e-02,2.116284e-02,2.227668e-04,4.449224e+00
1.783333e+01,9.576743e-01,2.049454e-02,2.160838e-02,2.227668e-04,4.521049e+00
1.800000e+01,9.572288e-01,2.027178e-02,2.227668e-02,2.227668e-04,4.598290e+00
1.816667e+01,9.572288e-01,1.982624e-02,2.272221e-02,2.227668e-04,4.679716e+00
1.833333e+01,9.572288e-01,1.871241e-02,2.383604e-02,2.227668e-04,4.772958e+00
1.850000e+01,9.561149e-01,1.871241e-02,2.494988e-02,2.227668e-04,4.866787e+00
1.866667e+01,9.552239e-01,1.893517e-02,2.561818e-02,2.227668e-04,4.960400e+00
1.883333e+01,9.543328e-01,1.960348e-02,2.584094e-02,2.227668e-04,5.053847e+00
1.900000e+01,9.538873e-01,1.938071e-02,2.650924e-02,2.227668e-04,5.146636e+00
1.916667e+01,9.532190e-01,1.960348e-02,2.695478e-02,2.227668e-04,5.238610e+00
1.933333e+01,9.521051e-01,2.049454e-02,2.717755e-02,2.227668e-04,5.329607e+00
1.950000e+01,9.514368e-01,2.094008e-02,2.717755e-02,4.455335e-04,5.419471e+00
1.966667e+01,9.503230e-01,2.183114e-02,2.740031e-02,4.455335e-04,5.507998e+00
1.983333e+01,9.498775e-01,2.160838e-02,2.806861e-02,4.455335e-04,5.570433e+00
2.000000e+01,9.498775e-01,2.094008e-02,2.851415e-02,6.683003e-04,5.643124e+00
2.016667e+01,9.485409e-01,2.205391e-02,2.873691e-02,6.683003e-04,5.718483e+00
2.033333e+01,9.483181e-01,2.138561e-02,2.962798e-02,6.683003e-04,5.782401e+00
2.050000e+01,9.478726e-01,2.116284e-02,3.029628e-02,6.683003e-04,5.850293e+00
2.066667e+01,9.476498e-01,2.094008e-02,3.074181e-02,6.683003e-04,5.920986e+00
2.083333e+01,9.472043e-01,2.094008e-02,3.118735e-02,6.683003e-04,5.992973e+00
2.100000e+01,9.456449e-01,2.205391e-02,3.163288e-02,6.683003e-04,6.065332e+00
2.116667e+01,9.451994e-01,2.160838e-02,3.252395e-02,6.683003e-04,6.137230e+00
2.133333e+01,9.434172e-01,2.294498e-02,3.274671e-02,8.910671e-04,6.208046e+00
2.150000e+01,9.414123e-01,2.405881e-02,3.341501e-02,1.113834e-03,6.277697e+00
2.166667e+01,9.391847e-01,2.472711e-02,3.475162e-02,1.336601e-03,6.343856e+00
2.183333e+01,9.380708e-01,2.539541e-02,3.519715e-02,1.336601e-03,6.401832e+00
2.200000e+01,9.365115e-01,2.606371e-02,3.608822e-02,1.336601e-03,6.455137e+00
2.216667e+01,9.340610e-01,2.829138e-02,3.608822e-02,1.559367e-03,6.508421e+00
2.233333e+01,9.331700e-01,2.806861e-02,3.675652e-02,2.004901e-03,6.561190e+00
2.250000e+01,9.311651e-01,2.940521e-02,3.742482e-02,2.004901e-03,6.609980e+00
2.266667e+01,9.298285e-01,2.962798e-02,3.831588e-02,2.227668e-03,6.650133e+00
2.283333e+01,9.276008e-01,3.163288e-02,3.831588e-02,2.450434e-03,6.691536e+00
2.300000e+01,9.255959e-01,3.296948e-02,3.876142e-02,2.673201e-03,6.731936e+00
2.316667e+01,9.242593e-01,3.341501e-02,3.876142e-02,3.564268e-03,6.769771e+00
2.333333e+01,9.222544e-01,3.497438e-02,3.920695e-02,3.564268e-03,6.806957e+00
2.350000e+01,9.202495e-01,3.564268e-02,4.032078e-02,3.787035e-03,6.834242e+00
2.366667e+01,9.184674e-01,3.697928e-02,3.987525e-02,4.678102e-03,6.863788e+00
2.383333e+01,9.169080e-01,3.742482e-02,4.076632e-02,4.900869e-03,6.892492e+00
2.400000e+01,9.155714e-01,3.742482e-02,4.188015e-02,5.123636e-03,6.915940e+00
2.416667e+01,9.140120e-01,3.876142e-02,4.210292e-02,5.123636e-03,6.939847e+00
2.433333e+01,9.113388e-01,4.098908e-02,4.210292e-02,5.569169e-03,6.964425e+00
2.450000e+01,9.100022e-01,4.121185e-02,4.299399e-02,5.791936e-03,6.990957e+00
2.466667e+01,9.068835e-01,4.299399e-02,4.321675e-02,6.905770e-03,7.015256e+00
2.483333e+01,9.053241e-01,4.277122e-02,4.477612e-02,7.128536e-03,7.040031e+00
2.500000e+01,9.033192e-01,4.366229e-02,4.499889e-02,8.019603e-03,7.057780e+00
2.516667e+01,9.008688e-01,4.477612e-02,4.611272e-02,8.242370e-03,7.076372e+00
2.533333e+01,8.993094e-01,4.522165e-02,4.655825e-02,8.910671e-03,7.091468e+00
2.550000e+01,8.977501e-01,4.588995e-02,4.700379e-02,9.356204e-03,7.108007e+00
2.566667e+01,8.968590e-01,4.499889e-02,4.789485e-02,1.024727e-02,7.122518e+00
2.583333e+01,8.948541e-01,4.611272e-02,4.834039e-02,1.069280e-02,7.137083e+00
2.600000e+01,8.935175e-01,4.700379e-02,4.878592e-02,1.069280e-02,7.150171e+00
2.616667e+01,8.910671e-01,4.834039e-02,4.923145e-02,1.136110e-02,7.163468e+00
2.633333e+01,8.895077e-01,4.900869e-02,4.967699e-02,1.180664e-02,7.179537e+00
2.650000e+01,8.883939e-01,4.923145e-02,5.012252e-02,1.225217e-02,7.194827e+00
2.666667e+01,8.863890e-01,5.012252e-02,5.056806e-02,1.292047e-02,7.211063e+00
2.683333e+01,8.848296e-01,5.012252e-02,5.079082e-02,1.425707e-02,7.228345e+00
2.700000e+01,8.830474e-01,5.056806e-02,5.123636e-02,1.514814e-02,7.243949e+00
2.716667e+01,8.808198e-01,5.168189e-02,5.123636e-02,1.626197e-02,7.256584e+00
2.733333e+01,8.785921e-01,5.279572e-02,5.212742e-02,1.648474e-02,7.268140e+00
2.750000e+01,8.759189e-01,5.413232e-02,5.235019e-02,1.759857e-02,7.278022e+00
2.766667e+01,8.730229e-01,5.457786e-02,5.324126e-02,1.915794e-02,7.289465e+00
2.783333e+01,8.712408e-01,5.546892e-02,5.368679e-02,1.960348e-02,7.299860e+00
2.800000e+01,8.670082e-01,5.858766e-02,5.368679e-02,2.071731e-02,7.308231e+00
2.816667e+01,8.641123e-01,6.126086e-02,5.212742e-02,2.249944e-02,7.317148e+00
2.833333e+01,8.621074e-01,6.237469e-02,5.190466e-02,2.361328e-02,7.324281e+00
2.850000e+01,8.601025e-01,6.192916e-02,5.324126e-02,2.472711e-02,7.326837e+00
2.866667e+01,8.572065e-01,6.304299e-02,5.390956e-02,2.584094e-02,7.328346e+00
2.883333e+01,8.545333e-01,6.437959e-02,5.502339e-02,2.606371e-02,7.328436e+00
2.900000e+01,8.520829e-01,6.616173e-02,5.457786e-02,2.717755e-02,7.327542e+00
2.916667e+01,8.500780e-01,6.638450e-02,5.546892e-02,2.806861e-02,7.328657e+00
2.933333e+01,8.474048e-01,6.660726e-02,5.680552e-02,2.918245e-02,7.327310e+00
2.950000e+01,8.451771e-01,6.705280e-02,5.725106e-02,3.051905e-02,7.324644e+00
2.966667e+01,8.429494e-01,6.794386e-02,5.769659e-02,3.141011e-02,7.319661e+00
2.983333e+01,8.407218e-01,6.660726e-02,6.103809e-02,3.163288e-02,7.312608e+00
3.000000e+01,8.378258e-01,6.794386e-02,6.215193e-02,3.207841e-02,7.304383e+00
3.016667e+01,8.360437e-01,6.749833e-02,6.393406e-02,3.252395e-02,7.298594e+00
3.033333e+01,8.340388e-01,6.816663e-02,6.482513e-02,3.296948e-02,7.293871e+00
3.050000e+01,8.313656e-01,6.928046e-02,6.527066e-02,3.408331e-02,7.290379e+00
3.066667e+01,8.293607e-01,7.083983e-02,6.527066e-02,3.452885e-02,7.287551e+00
3.083333e+01,8.273558e-01,7.039430e-02,6.660726e-02,3.564268e-02,7.281863e+00
3.100000e+01,8.249053e-01,7.128536e-02,6.772110e-02,3.608822e-02,7.276390e+00
3.116667e+01,8.222321e-01,7.128536e-02,7.017153e-02,3.631098e-02,7.268106e+00
3.133333e+01,8.195589e-01,7.195366e-02,7.150813e-02,3.697928e-02,7.260652e+00
3.150000e+01,8.168857e-01,7.284473e-02,7.306750e-02,3.720205e-02,7.254903e+00
3.166667e+01,8.155491e-01,7.239920e-02,7.418133e-02,3.787035e-02,7.250791e+00
3.183333e+01,8.139898e-01,7.239920e-02,7.551793e-02,3.809312e-02,7.248335e+00
3.200000e+01,8.119849e-01,7.239920e-02,7.685453e-02,3.876142e-02,7.245798e+00
3.216667e+01,8.095344e-01,7.306750e-02,7.796837e-02,3.942972e-02,7.245647e+00
3.233333e+01,8.068612e-01,7.395857e-02,7.930497e-02,3.987525e-02,7.245658e+00
3.250000e+01,8.046335e-01,7.551793e-02,7.841390e-02,4.143462e-02,7.245285e+00
3.266667e+01,8.008465e-01,7.640900e-02,8.108710e-02,4.165738e-02,7.246191e+00
3.283333e+01,7.990644e-01,7.596347e-02,8.286924e-02,4.210292e-02,7.243243e+00
3.300000e+01,7.950546e-01,7.730007e-02,8.442860e-02,4.321675e-02,7.242733e+00
3.316667e+01,7.928269e-01,7.663177e-02,8.710180e-02,4.343952e-02,7.245218e+00
3.333333e+01,7.910448e-01,7.685453e-02,8.821564e-02,4.388505e-02,7.245537e+00
3.350000e+01,7.892626e-01,7.707730e-02,8.910671e-02,4.455335e-02,7.249747e+00
3.366667e+01,7.865894e-01,7.685453e-02,9.111161e-02,4.544442e-02,7.257036e+00
3.383333e+01,7.830252e-01,7.930497e-02,9.111161e-02,4.655825e-02,7.267595e+00
3.400000e+01,7.814658e-01,7.997327e-02,9.111161e-02,4.744932e-02,7.282356e+00
3.416667e+01,7.799064e-01,8.041880e-02,9.066607e-02,4.900869e-02,7.298320e+00
3.433333e+01,7.776788e-01,8.086434e-02,9.133437e-02,5.012252e-02,7.313905e+00
3.450000e+01,7.752283e-01,8.086434e-02,9.289374e-02,5.101359e-02,7.327353e+00
3.466667e+01,7.723324e-01,8.064157e-02,9.556694e-02,5.145912e-02,7.340086e+00
3.483333e+01,7.703275e-01,8.108710e-02,9.645801e-02,5.212742e-02,7.353255e+00
3.500000e+01,7.665404e-01,8.175540e-02,9.846291e-02,5.324126e-02,7.368874e+00
3.516667e+01,7.649811e-01,8.220094e-02,9.801738e-02,5.480062e-02,7.385373e+00
3.533333e+01,7.636445e-01,8.041880e-02,1.002450e-01,5.569169e-02,7.401160e+00
3.550000e+01,7.620851e-01,8.086434e-02,9.979951e-02,5.725106e-02,7.415469e+00
3.566667e+01,7.600802e-01,8.153264e-02,9.957674e-02,5.881043e-02,7.431750e+00
3.583333e+01,7.574070e-01,8.242370e-02,1.002450e-01,5.992426e-02,7.445983e+00
3.600000e+01,7.545110e-01,8.353754e-02,1.004678e-01,6.148363e-02,7.459175e+00
3.616667e+01,7.525061e-01,8.309200e-02,1.024727e-01,6.192916e-02,7.472509e+00
3.633333e+01,7.507240e-01,8.197817e-02,1.040321e-01,6.326576e-02,7.484034e+00
3.650000e+01,7.476053e-01,8.264647e-02,1.049231e-01,6.482513e-02,7.496996e+00
3.666667e+01,7.451548e-01,8.220094e-02,1.053687e-01,6.727556e-02,7.510010e+00
3.683333e+01,7.431499e-01,8.242370e-02,1.058142e-01,6.861216e-02,7.521877e+00
3.700000e+01,7.400312e-01,8.286924e-02,1.064825e-01,7.061706e-02,7.532207e+00
3.716667e+01,7.380263e-01,8.175540e-02,1.078191e-01,7.239920e-02,7.542031e+00
3.733333e+01,7.353531e-01,8.108710e-02,1.091557e-01,7.440410e-02,7.550078e+00
3.750000e+01,7.335710e-01,8.064157e-02,1.100468e-01,7.574070e-02,7.557457e+00
3.766667e+01,7.311205e-01,8.153264e-02,1.102695e-01,7.707730e-02,7.563940e+00
3.783333e+01,7.284473e-01,8.264647e-02,1.102695e-01,7.863667e-02,7.570752e+00
3.800000e+01,7.266652e-01,8.108710e-02,1.118289e-01,8.041880e-02,7.577097e+00
3.816667e+01,7.244375e-01,8.153264e-02,1.118289e-01,8.220094e-02,7.582658e+00
3.833333e+01,7.233237e-01,8.086434e-02,1.116061e-01,8.420584e-02,7.588220e+00
3.850000e+01,7.210960e-01,8.197817e-02,1.116061e-01,8.531967e-02,7.593247e+00
3.866667e+01,7.184228e-01,8.108710e-02,1.136110e-01,8.687904e-02,7.597026e+00
3.883333e+01,7.166407e-01,8.086434e-02,1.142793e-01,8.821564e-02,7.601458e+00
3.900000e+01,7.132992e-01,8.242370e-02,1.153932e-01,8.888394e-02,7.607490e+00
3.916667e+01,7.108487e-01,8.264647e-02,1.151704e-01,9.133437e-02,7.613850e+00
3.933333e+01,7.083983e-01,8.175540e-02,1.169526e-01,9.289374e-02,7.621572e+00
3.950000e+01,7.055023e-01,8.220094e-02,1.182892e-01,9.400757e-02,7.627601e+00
3.966667e+01,7.026064e-01,8.309200e-02,1.171753e-01,9.712631e-02,7.634527e+00
3.983333e+01,6.990421e-01,8.442860e-02,1.171753e-01,9.935398e-02,7.642723e+00
4.000000e+01,6.965917e-01,8.531967e-02,1.165070e-01,1.015816e-01,7.648495e+00
4.016667e+01,6.934729e-01,8.598797e-02,1.173981e-01,1.031410e-01,7.654345e+00
4.033333e+01,6.896859e-01,8.754734e-02,1.171753e-01,1.055914e-01,7.659014e+00
4.050000e+01,6.865672e-01,8.866117e-02,1.180664e-01,1.067053e-01,7.664816e+00
4.066667e+01,6.843395e-01,8.777010e-02,1.187347e-01,1.091557e-01,7.669723e+00
4.083333e+01,6.803297e-01,9.044331e-02,1.185119e-01,1.107151e-01,7.675834e+00
4.100000e+01,6.765427e-01,9.289374e-02,1.169526e-01,1.136110e-01,7.681062e+00
4.116667e+01,6.743150e-01,9.244821e-02,1.180664e-01,1.151704e-01,7.686531e+00
4.133333e+01,6.727556e-01,9.066607e-02,1.194030e-01,1.171753e-01,7.690046e+00
4.150000e+01,6.685231e-01,9.200267e-02,1.196258e-01,1.198485e-01,7.693708e+00
4.166667e+01,6.645133e-01,9.356204e-02,1.198485e-01,1.220762e-01,7.697543e+00
4.183333e+01,6.616173e-01,9.400757e-02,1.209624e-01,1.234128e-01,7.700739e+00
4.200000e+01,6.598352e-01,9.289374e-02,1.220762e-01,1.251949e-01,7.703000e+00
4.216667e+01,6.564937e-01,9.333927e-02,1.243039e-01,1.258632e-01,7.706040e+00
4.233333e+01,6.529294e-01,9.445311e-02,1.247494e-01,1.278681e-01,7.708650e+00
4.250000e+01,6.475830e-01,9.890844e-02,1.236356e-01,1.298730e-01,7.713215e+00
4.266667e+01,6.431276e-01,1.013589e-01,1.231900e-01,1.323235e-01,7.717892e+00
4.283333e+01,6.400089e-01,1.004678e-01,1.251949e-01,1.343284e-01,7.721531e+00
4.300000e+01,6.357763e-01,1.022499e-01,1.249722e-01,1.370016e-01,7.724052e+00
4.316667e+01,6.324348e-01,1.022499e-01,1.251949e-01,1.401203e-01,7.726719e+00
4.333333e+01,6.286478e-01,1.040321e-01,1.247494e-01,1.425707e-01,7.729034e+00
4.350000e+01,6.250835e-01,1.047004e-01,1.263088e-01,1.439073e-01,7.729447e+00
4.366667e+01,6.212965e-01,1.051459e-01,1.280909e-01,1.454667e-01,7.729689e+00
4.383333e+01,6.186233e-01,1.035865e-01,1.300958e-01,1.476944e-01,7.730793e+00
4.400000e+01,6.137224e-01,1.067053e-01,1.294275e-01,1.501448e-01,7.732945e+00
4.416667e+01,6.099354e-01,1.078191e-01,1.296503e-01,1.525952e-01,7.735451e+00
4.433333e+01,6.054801e-01,1.080419e-01,1.321007e-01,1.543774e-01,7.736877e+00
4.450000e+01,6.014703e-01,1.087102e-01,1.325462e-01,1.572733e-01,7.737887e+00
4.466667e+01,5.981288e-01,1.096012e-01,1.323235e-01,1.599465e-01,7.739618e+00
4.483333e+01,5.936734e-01,1.111606e-01,1.336601e-01,1.615059e-01,7.740772e+00
4.500000e+01,5.912230e-01,1.098240e-01,1.354422e-01,1.635108e-01,7.741212e+00
4.516667e+01,5.872132e-01,1.109378e-01,1.361105e-01,1.657385e-01,7.743169e+00
4.533333e+01,5.854311e-01,1.096012e-01,1.376699e-01,1.672978e-01,7.745354e+00
4.550000e+01,5.840945e-01,1.071508e-01,1.390065e-01,1.697483e-01,7.747577e+00
4.566667e+01,5.803074e-01,1.075963e-01,1.403431e-01,1.717532e-01,7.750789e+00
4.583333e+01,5.754065e-01,1.075963e-01,1.434618e-01,1.735353e-01,7.753945e+00
4.600000e+01,5.722878e-01,1.082646e-01,1.436846e-01,1.757630e-01,7.757234e+00
4.616667e+01,5.698374e-01,1.075963e-01,1.443529e-01,1.782134e-01,7.760837e+00
4.633333e+01,5.673869e-01,1.075963e-01,1.447984e-01,1.802183e-01,7.765044e+00
4.650000e+01,5.633771e-01,1.087102e-01,1.459122e-01,1.820004e-01,7.769187e+00
4.666667e+01,5.598129e-01,1.093785e-01,1.459122e-01,1.848964e-01,7.773252e+00
4.683333e+01,5.537982e-01,1.120517e-01,1.465805e-01,1.875696e-01,7.777326e+00
4.700000e+01,5.486745e-01,1.156160e-01,1.456895e-01,1.900200e-01,7.780406e+00
4.716667e+01,5.435509e-01,1.169526e-01,1.465805e-01,1.929160e-01,7.783471e+00
4.733333e+01,5.390956e-01,1.185119e-01,1.470261e-01,1.953665e-01,7.785589e+00
4.750000e+01,5.355313e-01,1.196258e-01,1.468033e-01,1.980397e-01,7.786603e+00
4.766667e+01,5.312987e-01,1.205168e-01,1.476944e-01,2.004901e-01,7.786666e+00
4.783333e+01,5.275117e-01,1.218534e-01,1.476944e-01,2.029405e-01,7.785489e+00
4.800000e+01,5.250613e-01,1.211851e-01,1.494765e-01,2.042771e-01,7.784129e+00
4.816667e+01,5.212742e-01,1.205168e-01,1.514814e-01,2.067276e-01,7.782068e+00
4.833333e+01,5.168189e-01,1.220762e-01,1.521497e-01,2.089552e-01,7.780682e+00
4.850000e+01,5.112497e-01,1.245266e-01,1.537091e-01,2.105146e-01,7.780019e+00
4.866667e+01,5.079082e-01,1.243039e-01,1.548229e-01,2.129650e-01,7.779181e+00
4.883333e+01,5.041212e-01,1.243039e-01,1.561595e-01,2.154155e-01,7.779094e+00
4.900000e+01,5.016708e-01,1.236356e-01,1.572733e-01,2.174204e-01,7.777970e+00
4.916667e+01,4.976609e-01,1.234128e-01,1.595010e-01,2.194253e-01,7.776975e+00
4.933333e+01,4.947650e-01,1.238583e-01,1.599465e-01,2.214302e-01,7.776301e+00
4.950000e+01,4.927601e-01,1.222990e-01,1.615059e-01,2.234351e-01,7.775721e+00
4.966667e+01,4.903096e-01,1.216307e-01,1.630653e-01,2.249944e-01,7.775555e+00
4.983333e+01,4.851860e-01,1.231900e-01,1.641791e-01,2.274449e-01,7.776239e+00
