Time,U,I1,I2,D,Ve
0.000000e+00,9.997772e-01,2.227668e-04,0.000000e+00,0.000000e+00,-inf
1.666667e-01,9.997772e-01,2.227668e-04,0.000000e+00,0.000000e+00,-inf
3.333333e-01,9.997772e-01,2.227668e-04,0.000000e+00,0.000000e+00,-inf
5.000000e-01,9.997772e-01,2.227668e-04,0.000000e+00,0.000000e+00,-inf
6.666667e-01,9.997772e-01,2.227668e-04,0.000000e+00,0.000000e+00,-inf
8.333333e-01,9.997772e-01,2.227668e-04,0.000000e+00,0.000000e+00,-inf
1.000000e+00,9.997772e-01,2.227668e-04,0.000000e+00,0.000000e+00,-inf
1.166667e+00,9.997772e-01,2.227668e-04,0.000000e+00,0.000000e+00,-inf
1.333333e+00,9.997772e-01,2.227668e-04,0.000000e+00,0.000000e+00,-inf
1.500000e+00,9.997772e-01,2.227668e-04,0.000000e+00,0.000000e+00,-inf
1.666667e+00,9.997772e-01,0.000000e+00,2.227668e-04,0.000000e+00,-inf
1.833333e+00,9.997772e-01,0.000000e+00,2.227668e-04,0.000000e+00,-inf
2.000000e+00,9.997772e-01,0.000000e+00,2.227668e-04,0.000000e+00,-1.578119e+00
2.166667e+00,9.997772e-01,0.000000e+00,2.227668e-04,0.000000e+00,-1.243028e+00
2.333333e+00,9.997772e-01,0.000000e+00,2.227668e-04,0.000000e+00,-1.029370e+00
2.500000e+00,9.997772e-01,0.000000e+00,2.227668e-04,0.000000e+00,-8.634416e-01
2.666667e+00,9.997772e-01,0.000000e+00,2.227668e-04,0.000000e+00,-7.222322e-01
2.833333e+00,9.997772e-01,0.000000e+00,2.227668e-04,0.000000e+00,-5.955772e-01
3.000000e+00,9.997772e-01,0.000000e+00,2.227668e-04,0.000000e+00,-4.781364e-01
3.166667e+00,9.997772e-01,0.000000e+00,2.227668e-04,0.000000e+00,-3.667973e-01
3.333333e+00,9.997772e-01,0.000000e+00,2.227668e-04,0.000000e+00,-2.596196e-01
3.500000e+00,9.997772e-01,0.000000e+00,2.227668e-04,0.000000e+00,-1.553372e-01
3.666667e+00,9.997772e-01,0.000000e+00,2.227668e-04,0.000000e+00,-5.309728e-02
3.833333e+00,9.997772e-01,0.000000e+00,2.227668e-04,0.000000e+00,4.768783e-02
4.000000e+00,9.997772e-01,0.000000e+00,2.227668e-04,0.000000e+00,1.474295e-01
4.166667e+00,9.997772e-01,0.000000e+00,2.227668e-04,0.000000e+00,2.464189e-01
4.333333e+00,9.997772e-01,0.000000e+00,2.227668e-04,0.000000e+00,3.448642e-01
4.500000e+00,9.997772e-01,0.000000e+00,2.227668e-04,0.000000e+00,4.429148e-01
4.666667e+00,9.997772e-01,0.000000e+00,2.227668e-04,0.000000e+00,5.406785e-01
4.833333e+00,9.997772e-01,0.000000e+00,2.227668e-04,0.000000e+00,6.382335e-01
5.000000e+00,9.997772e-01,0.000000e+00,2.227668e-04,0.000000e+00,7.356363e-01
5.166667e+00,9.997772e-01,0.000000e+00,2.227668e-04,0.000000e+00,8.329280e-01
5.333333e+00,9.997772e-01,0.000000e+00,2.227668e-04,0.000000e+00,9.301386e-01
5.500000e+00,9.997772e-01,0.000000e+00,2.227668e-04,0.000000e+00,1.027290e+00
5.666667e+00,9.997772e-01,0.000000e+00,2.227668e-04,0.000000e+00,1.124397e+00
5.833333e+00,9.997772e-01,0.000000e+00,2.227668e-04,0.000000e+00,1.221473e+00
6.000000e+00,9.997772e-01,0.000000e+00,2.227668e-04,0.000000e+00,1.318524e+00
6.166667e+00,9.997772e-01,0.000000e+00,2.227668e-04,0.000000e+00,1.415557e+00
6.333333e+00,9.997772e-01,0.000000e+00,2.227668e-04,0.000000e+00,1.512577e+00
6.500000e+00,9.997772e-01,0.000000e+00,2.227668e-04,0.000000e+00,1.609585e+00
6.666667e+00,9.997772e-01,0.000000e+00,2.227668e-04,0.000000e+00,1.706585e+00
6.833333e+00,9.995545e-01,2.227668e-04,2.227668e-04,0.000000e+00,1.803576e+00
7.000000e+00,9.993317e-01,4.455335e-04,2.227668e-04,0.000000e+00,1.900560e+00
7.166667e+00,9.993317e-01,4.455335e-04,2.227668e-04,0.000000e+00,1.997537e+00
7.333333e+00,9.991089e-01,6.683003e-04,2.227668e-04,0.000000e+00,2.094505e+00
7.500000e+00,9.988862e-01,8.910671e-04,2.227668e-04,0.000000e+00,2.191464e+00
7.666667e+00,9.988862e-01,8.910671e-04,2.227668e-04,0.000000e+00,2.288413e+00
7.833333e+00,9.986634e-01,1.113834e-03,2.227668e-04,0.000000e+00,2.385348e+00
8.000000e+00,9.984406e-01,1.336601e-03,2.227668e-04,0.000000e+00,2.482268e+00
8.166667e+00,9.982179e-01,1.336601e-03,4.455335e-04,0.000000e+00,2.579168e+00
8.333333e+00,9.977723e-01,1.782134e-03,4.455335e-04,0.000000e+00,2.676044e+00
8.500000e+00,9.973268e-01,2.227668e-03,4.455335e-04,0.000000e+00,2.772896e+00
8.666667e+00,9.971040e-01,2.450434e-03,4.455335e-04,0.000000e+00,2.869709e+00
8.833333e+00,9.968813e-01,2.673201e-03,4.455335e-04,0.000000e+00,2.966474e+00
9.000000e+00,9.968813e-01,2.673201e-03,4.455335e-04,0.000000e+00,3.063181e+00
9.166667e+00,9.959902e-01,3.564268e-03,4.455335e-04,0.000000e+00,3.159813e+00
9.333333e+00,9.959902e-01,3.341501e-03,6.683003e-04,0.000000e+00,3.256355e+00
9.500000e+00,9.955447e-01,3.787035e-03,6.683003e-04,0.000000e+00,3.352784e+00
9.666667e+00,9.950991e-01,4.232569e-03,6.683003e-04,0.000000e+00,3.449072e+00
9.833333e+00,9.944308e-01,4.900869e-03,6.683003e-04,0.000000e+00,3.545185e+00
1.000000e+01,9.939853e-01,5.123636e-03,8.910671e-04,0.000000e+00,3.641080e+00
1.016667e+01,9.937625e-01,5.346402e-03,8.910671e-04,0.000000e+00,3.736705e+00
1.033333e+01,9.933170e-01,5.569169e-03,1.113834e-03,0.000000e+00,3.832008e+00
1.050000e+01,9.926487e-01,6.237469e-03,1.113834e-03,0.000000e+00,3.926893e+00
1.066667e+01,9.924259e-01,6.460236e-03,1.113834e-03,0.000000e+00,4.021265e+00
1.083333e+01,9.917576e-01,7.128536e-03,1.113834e-03,0.000000e+00,4.115007e+00
1.100000e+01,9.917576e-01,7.128536e-03,1.113834e-03,0.000000e+00,4.207975e+00
1.116667e+01,9.908666e-01,7.796837e-03,1.336601e-03,0.000000e+00,4.300003e+00
1.133333e+01,9.904210e-01,8.019603e-03,1.559367e-03,0.000000e+00,4.390889e+00
1.150000e+01,9.895300e-01,8.242370e-03,2.227668e-03,0.000000e+00,4.480401e+00
1.166667e+01,9.884161e-01,8.910671e-03,2.673201e-03,0.000000e+00,4.568270e+00
1.183333e+01,9.868568e-01,1.047004e-02,2.673201e-03,0.000000e+00,4.654199e+00
1.200000e+01,9.868568e-01,9.801738e-03,3.341501e-03,0.000000e+00,4.737851e+00
1.216667e+01,9.861885e-01,9.801738e-03,4.009802e-03,0.000000e+00,4.818871e+00
1.233333e+01,9.852974e-01,1.047004e-02,4.232569e-03,0.000000e+00,4.896893e+00
1.250000e+01,9.846291e-01,1.091557e-02,4.455335e-03,0.000000e+00,4.971568e+00
1.266667e+01,9.841836e-01,1.113834e-02,4.678102e-03,0.000000e+00,5.042538e+00
1.283333e+01,9.830697e-01,1.202941e-02,4.900869e-03,0.000000e+00,5.109501e+00
1.300000e+01,9.828470e-01,1.158387e-02,5.569169e-03,0.000000e+00,5.172214e+00
1.316667e+01,9.817331e-01,1.247494e-02,5.791936e-03,0.000000e+00,5.230504e+00
1.333333e+01,9.799510e-01,1.403431e-02,6.014703e-03,0.000000e+00,5.284277e+00
1.350000e+01,9.797282e-01,1.403431e-02,6.014703e-03,2.227668e-04,5.333523e+00
1.366667e+01,9.788372e-01,1.447984e-02,6.460236e-03,2.227668e-04,5.378307e+00
1.383333e+01,9.781689e-01,1.447984e-02,7.128536e-03,2.227668e-04,5.338868e+00
1.400000e+01,9.770550e-01,1.559367e-02,7.128536e-03,2.227668e-04,5.299475e+00
1.416667e+01,9.757184e-01,1.693027e-02,7.128536e-03,2.227668e-04,5.260147e+00
1.433333e+01,9.748274e-01,1.759857e-02,7.351303e-03,2.227668e-04,5.220906e+00
1.450000e+01,9.743818e-01,1.715304e-02,8.242370e-03,2.227668e-04,5.181784e+00
1.466667e+01,9.737135e-01,1.759857e-02,8.465137e-03,2.227668e-04,5.142826e+00
1.483333e+01,9.728225e-01,1.782134e-02,9.133437e-03,2.227668e-04,5.104100e+00
1.500000e+01,9.721542e-01,1.804411e-02,9.578971e-03,2.227668e-04,5.065681e+00
1.516667e+01,9.705948e-01,1.915794e-02,1.002450e-02,2.227668e-04,5.027686e+00
1.533333e+01,9.685899e-01,2.049454e-02,1.069280e-02,2.227668e-04,4.990358e+00
1.550000e+01,9.672533e-01,2.116284e-02,1.136110e-02,2.227668e-04,4.953863e+00
1.566667e+01,9.670305e-01,2.094008e-02,1.180664e-02,2.227668e-04,4.918466e+00
1.583333e+01,9.661395e-01,2.049454e-02,1.314324e-02,2.227668e-04,4.884548e+00
1.600000e+01,9.652484e-01,2.094008e-02,1.358877e-02,2.227668e-04,4.852593e+00
1.616667e+01,9.643573e-01,2.138561e-02,1.403431e-02,2.227668e-04,4.823233e+00
1.633333e+01,9.630207e-01,2.249944e-02,1.425707e-02,2.227668e-04,4.797436e+00
1.650000e+01,9.621297e-01,2.316774e-02,1.447984e-02,2.227668e-04,4.777466e+00
1.666667e+01,9.612386e-01,2.294498e-02,1.559367e-02,2.227668e-04,4.763385e+00
1.683333e+01,9.603475e-01,2.339051e-02,1.603921e-02,2.227668e-04,4.756387e+00
1.700000e+01,9.594564e-01,2.405881e-02,1.626197e-02,2.227668e-04,4.757768e+00
1.716667e+01,9.585654e-01,2.450434e-02,1.670751e-02,2.227668e-04,4.768499e+00
1.733333e+01,9.570060e-01,2.517264e-02,1.759857e-02,2.227668e-04,4.789296e+00
1.750000e+01,9.567832e-01,2.494988e-02,1.804411e-02,2.227668e-04,4.822453e+00
1.766667e+01,9.563377e-01,2.428158e-02,1.915794e-02,2.227668e-04,4.874154e+00
1.783333e+01,9.552239e-01,2.494988e-02,1.960348e-02,2.227668e-04,4.934110e+00
1.800000e+01,9.545556e-01,2.472711e-02,2.049454e-02,2.227668e-04,5.000993e+00
1.816667e+01,9.538873e-01,2.428158e-02,2.160838e-02,2.227668e-04,5.073458e+00
1.833333e+01,9.534417e-01,2.450434e-02,2.183114e-02,2.227668e-04,5.150182e+00
1.850000e+01,9.521051e-01,2.517264e-02,2.249944e-02,2.227668e-04,5.229913e+00
1.866667e+01,9.514368e-01,2.494988e-02,2.339051e-02,2.227668e-04,5.311571e+00
1.883333e+01,9.512141e-01,2.472711e-02,2.383604e-02,2.227668e-04,5.394267e+00
1.900000e+01,9.507685e-01,2.428158e-02,2.472711e-02,2.227668e-04,5.477209e+00
1.916667e+01,9.505458e-01,2.316774e-02,2.606371e-02,2.227668e-04,5.559745e+00
1.933333e+01,9.496547e-01,2.361328e-02,2.650924e-02,2.227668e-04,5.641334e+00
1.950000e+01,9.489864e-01,2.361328e-02,2.695478e-02,4.455335e-04,5.722081e+00
1.966667e+01,9.483181e-01,2.383604e-02,2.740031e-02,4.455335e-04,5.800921e+00
1.983333e+01,9.480953e-01,2.316774e-02,2.806861e-02,6.683003e-04,5.859264e+00
2.000000e+01,9.472043e-01,2.383604e-02,2.829138e-02,6.683003e-04,5.920364e+00
2.016667e+01,9.465360e-01,2.339051e-02,2.940521e-02,6.683003e-04,5.971698e+00
2.033333e+01,9.460904e-01,2.361328e-02,2.962798e-02,6.683003e-04,6.026085e+00
2.050000e+01,9.447538e-01,2.450434e-02,3.007351e-02,6.683003e-04,6.083646e+00
2.066667e+01,9.438628e-01,2.494988e-02,3.029628e-02,8.910671e-04,6.142146e+00
2.083333e+01,9.436400e-01,2.450434e-02,3.096458e-02,8.910671e-04,6.200882e+00
2.100000e+01,9.429717e-01,2.494988e-02,3.096458e-02,1.113834e-03,6.251020e+00
2.116667e+01,9.425262e-01,2.472711e-02,3.163288e-02,1.113834e-03,6.302476e+00
2.133333e+01,9.416351e-01,2.517264e-02,3.185565e-02,1.336601e-03,6.352335e+00
2.150000e+01,9.394074e-01,2.673201e-02,3.230118e-02,1.559367e-03,6.402524e+00
2.166667e+01,9.389619e-01,2.584094e-02,3.363778e-02,1.559367e-03,6.447287e+00
2.183333e+01,9.380708e-01,2.606371e-02,3.408331e-02,1.782134e-03,6.487041e+00
2.200000e+01,9.376253e-01,2.650924e-02,3.386055e-02,2.004901e-03,6.528211e+00
2.216667e+01,9.362887e-01,2.695478e-02,3.452885e-02,2.227668e-03,6.565293e+00
2.233333e+01,9.358432e-01,2.673201e-02,3.519715e-02,2.227668e-03,6.598773e+00
2.250000e+01,9.331700e-01,2.895968e-02,3.519715e-02,2.673201e-03,6.630693e+00
2.266667e+01,9.322789e-01,2.895968e-02,3.608822e-02,2.673201e-03,6.664851e+00
2.283333e+01,9.304968e-01,3.074181e-02,3.586545e-02,2.895968e-03,6.692923e+00
2.300000e+01,9.289374e-01,3.118735e-02,3.675652e-02,3.118735e-03,6.723727e+00
2.316667e+01,9.276008e-01,3.118735e-02,3.809312e-02,3.118735e-03,6.753439e+00
2.333333e+01,9.251504e-01,3.319225e-02,3.831588e-02,3.341501e-03,6.784688e+00
2.350000e+01,9.240365e-01,3.319225e-02,3.920695e-02,3.564268e-03,6.817964e+00
2.366667e+01,9.213633e-01,3.519715e-02,3.965248e-02,3.787035e-03,6.850055e+00
2.383333e+01,9.193584e-01,3.653375e-02,3.965248e-02,4.455335e-03,6.882438e+00
2.400000e+01,9.177991e-01,3.742482e-02,3.965248e-02,5.123636e-03,6.914790e+00
2.416667e+01,9.153486e-01,3.965248e-02,3.942972e-02,5.569169e-03,6.942565e+00
2.433333e+01,9.133437e-01,4.076632e-02,4.009802e-02,5.791936e-03,6.966107e+00
2.450000e+01,9.120071e-01,4.054355e-02,4.121185e-02,6.237469e-03,6.988881e+00
2.466667e+01,9.100022e-01,4.143462e-02,4.143462e-02,7.128536e-03,7.013609e+00
2.483333e+01,9.084429e-01,4.165738e-02,4.254845e-02,7.351303e-03,7.036107e+00
2.500000e+01,9.064380e-01,4.299399e-02,4.277122e-02,7.796837e-03,7.053319e+00
2.516667e+01,9.051014e-01,4.388505e-02,4.299399e-02,8.019603e-03,7.072066e+00
2.533333e+01,9.035420e-01,4.455335e-02,4.366229e-02,8.242370e-03,7.089761e+00
2.550000e+01,9.022054e-01,4.455335e-02,4.410782e-02,9.133437e-03,7.108242e+00
2.566667e+01,9.004233e-01,4.522165e-02,4.477612e-02,9.578971e-03,7.127200e+00
2.583333e+01,8.984184e-01,4.655825e-02,4.455335e-02,1.047004e-02,7.144577e+00
2.600000e+01,8.968590e-01,4.655825e-02,4.588995e-02,1.069280e-02,7.161308e+00
2.616667e+01,8.935175e-01,4.923145e-02,4.544442e-02,1.180664e-02,7.174823e+00
2.633333e+01,8.919581e-01,4.989975e-02,4.611272e-02,1.202941e-02,7.189796e+00
2.650000e+01,8.899532e-01,4.989975e-02,4.700379e-02,1.314324e-02,7.202877e+00
2.666667e+01,8.877256e-01,4.967699e-02,4.811762e-02,1.447984e-02,7.217336e+00
2.683333e+01,8.863890e-01,4.989975e-02,4.878592e-02,1.492537e-02,7.229584e+00
2.700000e+01,8.837157e-01,5.012252e-02,5.012252e-02,1.603921e-02,7.239744e+00
2.716667e+01,8.808198e-01,5.190466e-02,5.056806e-02,1.670751e-02,7.249822e+00
2.733333e+01,8.792604e-01,5.235019e-02,5.056806e-02,1.782134e-02,7.258098e+00
2.750000e+01,8.777010e-01,5.324126e-02,4.989975e-02,1.915794e-02,7.266707e+00
2.766667e+01,8.759189e-01,5.368679e-02,5.101359e-02,1.938071e-02,7.273213e+00
2.783333e+01,8.721319e-01,5.635999e-02,5.168189e-02,1.982624e-02,7.276838e+00
2.800000e+01,8.685676e-01,5.836489e-02,5.257296e-02,2.049454e-02,7.283511e+00
2.816667e+01,8.665627e-01,5.858766e-02,5.368679e-02,2.116284e-02,7.291560e+00
2.833333e+01,8.643350e-01,5.947873e-02,5.435509e-02,2.183114e-02,7.299214e+00
2.850000e+01,8.614391e-01,5.992426e-02,5.569169e-02,2.294498e-02,7.306523e+00
2.866667e+01,8.580976e-01,6.170639e-02,5.613722e-02,2.405881e-02,7.316274e+00
2.883333e+01,8.565382e-01,6.148363e-02,5.769659e-02,2.428158e-02,7.323911e+00
2.900000e+01,8.545333e-01,6.059256e-02,5.903319e-02,2.584094e-02,7.330152e+00
2.916667e+01,8.527512e-01,6.081533e-02,5.992426e-02,2.650924e-02,7.337989e+00
2.933333e+01,8.511918e-01,6.014703e-02,6.170639e-02,2.695478e-02,7.342621e+00
2.950000e+01,8.480731e-01,6.170639e-02,6.237469e-02,2.784585e-02,7.347999e+00
2.966667e+01,8.449543e-01,6.348853e-02,6.215193e-02,2.940521e-02,7.353752e+00
2.983333e+01,8.431722e-01,6.437959e-02,6.170639e-02,3.074181e-02,7.359277e+00
3.000000e+01,8.409445e-01,6.437959e-02,6.371129e-02,3.096458e-02,7.361437e+00
3.016667e+01,8.387169e-01,6.415683e-02,6.527066e-02,3.185565e-02,7.360596e+00
3.033333e+01,8.371575e-01,6.393406e-02,6.593896e-02,3.296948e-02,7.361317e+00
3.050000e+01,8.351526e-01,6.437959e-02,6.660726e-02,3.386055e-02,7.362240e+00
3.066667e+01,8.327022e-01,6.549343e-02,6.683003e-02,3.497438e-02,7.361050e+00
3.083333e+01,8.300290e-01,6.816663e-02,6.593896e-02,3.586545e-02,7.359308e+00
3.100000e+01,8.282468e-01,6.883493e-02,6.683003e-02,3.608822e-02,7.356141e+00
3.116667e+01,8.257964e-01,6.972600e-02,6.772110e-02,3.675652e-02,7.352081e+00
3.133333e+01,8.224549e-01,7.061706e-02,6.905770e-02,3.787035e-02,7.349086e+00
3.150000e+01,8.191134e-01,7.239920e-02,6.994876e-02,3.853865e-02,7.345688e+00
3.166667e+01,8.157719e-01,7.440410e-02,7.061706e-02,3.920695e-02,7.339819e+00
3.183333e+01,8.139898e-01,7.373580e-02,7.217643e-02,4.009802e-02,7.333519e+00
3.200000e+01,8.115393e-01,7.440410e-02,7.351303e-02,4.054355e-02,7.326943e+00
3.216667e+01,8.097572e-01,7.418133e-02,7.484963e-02,4.121185e-02,7.319195e+00
3.233333e+01,8.073067e-01,7.529517e-02,7.551793e-02,4.188015e-02,7.314282e+00
3.250000e+01,8.046335e-01,7.462687e-02,7.863667e-02,4.210292e-02,7.309373e+00
3.266667e+01,8.008465e-01,7.596347e-02,7.997327e-02,4.321675e-02,7.303800e+00
3.283333e+01,7.990644e-01,7.484963e-02,8.264647e-02,4.343952e-02,7.299924e+00
3.300000e+01,7.963912e-01,7.418133e-02,8.554244e-02,4.388505e-02,7.294217e+00
3.316667e+01,7.943863e-01,7.373580e-02,8.754734e-02,4.433059e-02,7.291004e+00
3.333333e+01,7.912675e-01,7.418133e-02,8.977501e-02,4.477612e-02,7.288533e+00
3.350000e+01,7.888171e-01,7.373580e-02,9.155714e-02,4.588995e-02,7.288322e+00
3.366667e+01,7.872577e-01,7.329027e-02,9.267097e-02,4.678102e-02,7.289829e+00
3.383333e+01,7.832479e-01,7.551793e-02,9.400757e-02,4.722655e-02,7.291547e+00
3.400000e+01,7.814658e-01,7.507240e-02,9.534417e-02,4.811762e-02,7.294787e+00
3.416667e+01,7.781243e-01,7.663177e-02,9.645801e-02,4.878592e-02,7.299262e+00
3.433333e+01,7.767877e-01,7.596347e-02,9.801738e-02,4.923145e-02,7.303619e+00
3.450000e+01,7.747828e-01,7.640900e-02,9.846291e-02,5.034529e-02,7.309377e+00
3.466667e+01,7.723324e-01,7.730007e-02,9.935398e-02,5.101359e-02,7.317884e+00
3.483333e+01,7.696592e-01,7.707730e-02,1.015816e-01,5.168189e-02,7.325383e+00
3.500000e+01,7.672087e-01,7.796837e-02,1.020272e-01,5.279572e-02,7.335049e+00
3.516667e+01,7.654266e-01,7.819113e-02,1.018044e-01,5.457786e-02,7.347041e+00
3.533333e+01,7.645355e-01,7.730007e-02,1.026955e-01,5.546892e-02,7.358613e+00
3.550000e+01,7.618623e-01,7.730007e-02,1.040321e-01,5.680552e-02,7.369369e+00
3.566667e+01,7.596347e-01,7.752283e-02,1.053687e-01,5.747382e-02,7.381813e+00
3.583333e+01,7.567387e-01,7.908220e-02,1.060370e-01,5.814213e-02,7.395444e+00
3.600000e+01,7.545110e-01,7.796837e-02,1.078191e-01,5.970149e-02,7.411746e+00
3.616667e+01,7.516151e-01,7.663177e-02,1.111606e-01,6.059256e-02,7.429502e+00
3.633333e+01,7.498329e-01,7.707730e-02,1.109378e-01,6.215193e-02,7.446798e+00
3.650000e+01,7.476053e-01,7.730007e-02,1.118289e-01,6.326576e-02,7.463907e+00
3.666667e+01,7.462687e-01,7.574070e-02,1.131655e-01,6.482513e-02,7.479397e+00
3.683333e+01,7.440410e-01,7.596347e-02,1.145021e-01,6.549343e-02,7.495034e+00
3.700000e+01,7.415906e-01,7.685453e-02,1.147249e-01,6.683003e-02,7.509803e+00
3.716667e+01,7.400312e-01,7.507240e-02,1.169526e-01,6.794386e-02,7.525725e+00
3.733333e+01,7.382491e-01,7.462687e-02,1.167298e-01,7.039430e-02,7.541351e+00
3.750000e+01,7.353531e-01,7.418133e-02,1.189575e-01,7.150813e-02,7.556480e+00
3.766667e+01,7.320116e-01,7.596347e-02,1.189575e-01,7.306750e-02,7.568871e+00
3.783333e+01,7.288928e-01,7.551793e-02,1.211851e-01,7.440410e-02,7.581543e+00
3.800000e+01,7.268879e-01,7.551793e-02,1.222990e-01,7.529517e-02,7.593074e+00
3.816667e+01,7.217643e-01,7.752283e-02,1.231900e-01,7.752283e-02,7.604593e+00
3.833333e+01,7.186456e-01,7.841390e-02,1.234128e-01,7.952773e-02,7.617415e+00
3.850000e+01,7.166407e-01,7.863667e-02,1.231900e-01,8.153264e-02,7.627558e+00
3.866667e+01,7.150813e-01,7.885943e-02,1.236356e-01,8.242370e-02,7.635780e+00
3.883333e+01,7.128536e-01,7.930497e-02,1.238583e-01,8.398307e-02,7.642792e+00
3.900000e+01,7.106260e-01,8.086434e-02,1.227445e-01,8.576520e-02,7.651043e+00
3.916667e+01,7.075072e-01,8.130987e-02,1.231900e-01,8.799287e-02,7.659085e+00
3.933333e+01,7.046113e-01,8.220094e-02,1.229673e-01,9.022054e-02,7.666421e+00
3.950000e+01,7.028291e-01,8.220094e-02,1.231900e-01,9.177991e-02,7.673139e+00
3.966667e+01,7.006015e-01,8.286924e-02,1.214079e-01,9.512141e-02,7.679516e+00
3.983333e+01,6.972600e-01,8.420584e-02,1.214079e-01,9.712631e-02,7.686062e+00
4.000000e+01,6.954778e-01,8.353754e-02,1.222990e-01,9.868568e-02,7.689701e+00
4.016667e+01,6.930274e-01,8.331477e-02,1.234128e-01,1.002450e-01,7.692979e+00
4.033333e+01,6.892404e-01,8.398307e-02,1.222990e-01,1.044776e-01,7.697854e+00
4.050000e+01,6.876810e-01,8.309200e-02,1.227445e-01,1.064825e-01,7.703623e+00
4.066667e+01,6.858989e-01,8.264647e-02,1.243039e-01,1.071508e-01,7.706803e+00
4.083333e+01,6.825574e-01,8.376030e-02,1.251949e-01,1.084874e-01,7.709815e+00
4.100000e+01,6.805525e-01,8.442860e-02,1.247494e-01,1.102695e-01,7.714625e+00
4.116667e+01,6.769882e-01,8.598797e-02,1.247494e-01,1.122744e-01,7.720104e+00
4.133333e+01,6.727556e-01,8.799287e-02,1.247494e-01,1.145021e-01,7.725617e+00
4.150000e+01,6.687458e-01,8.955224e-02,1.254177e-01,1.162843e-01,7.730649e+00
4.166667e+01,6.667409e-01,8.866117e-02,1.256405e-01,1.189575e-01,7.735240e+00
4.183333e+01,6.631767e-01,8.866117e-02,1.258632e-01,1.222990e-01,7.740207e+00
4.200000e+01,6.598352e-01,8.888394e-02,1.267543e-01,1.245266e-01,7.743784e+00
4.216667e+01,6.547115e-01,9.111161e-02,1.274226e-01,1.267543e-01,7.745375e+00
4.233333e+01,6.502562e-01,9.267097e-02,1.280909e-01,1.289820e-01,7.746807e+00
4.250000e+01,6.475830e-01,9.356204e-02,1.278681e-01,1.309869e-01,7.748847e+00
4.266667e+01,6.449098e-01,9.267097e-02,1.285364e-01,1.338828e-01,7.750932e+00
4.283333e+01,6.420138e-01,9.222544e-02,1.287592e-01,1.370016e-01,7.753744e+00
4.300000e+01,6.364446e-01,9.467587e-02,1.296503e-01,1.392292e-01,7.755623e+00
4.316667e+01,6.333259e-01,9.534417e-02,1.300958e-01,1.412341e-01,7.755538e+00
4.333333e+01,6.308755e-01,9.512141e-02,1.303186e-01,1.436846e-01,7.755302e+00
4.350000e+01,6.259746e-01,9.801738e-02,1.309869e-01,1.450212e-01,7.755543e+00
4.366667e+01,6.224103e-01,9.846291e-02,1.312096e-01,1.479171e-01,7.755848e+00
4.383333e+01,6.186233e-01,9.890844e-02,1.325462e-01,1.499220e-01,7.757198e+00
4.400000e+01,6.141680e-01,1.006906e-01,1.327690e-01,1.523725e-01,7.757727e+00
4.416667e+01,6.112720e-01,1.009133e-01,1.341056e-01,1.537091e-01,7.758836e+00
4.433333e+01,6.070394e-01,1.029182e-01,1.349967e-01,1.550457e-01,7.760192e+00
4.450000e+01,6.039207e-01,1.038093e-01,1.343284e-01,1.579416e-01,7.762458e+00
4.466667e+01,6.008020e-01,1.033638e-01,1.358877e-01,1.599465e-01,7.765567e+00
4.483333e+01,5.974605e-01,1.038093e-01,1.363333e-01,1.623970e-01,7.767445e+00
4.500000e+01,5.941190e-01,1.044776e-01,1.358877e-01,1.655157e-01,7.769893e+00
4.516667e+01,5.914458e-01,1.031410e-01,1.383382e-01,1.670751e-01,7.772278e+00
4.533333e+01,5.885498e-01,1.044776e-01,1.374471e-01,1.695255e-01,7.772925e+00
4.550000e+01,5.845400e-01,1.049231e-01,1.385609e-01,1.719759e-01,7.774407e+00
4.566667e+01,5.814213e-01,1.051459e-01,1.394520e-01,1.739808e-01,7.775623e+00
4.583333e+01,5.771887e-01,1.069280e-01,1.396748e-01,1.762085e-01,7.776577e+00
4.600000e+01,5.736244e-01,1.078191e-01,1.401203e-01,1.784362e-01,7.778100e+00
4.616667e+01,5.698374e-01,1.087102e-01,1.405658e-01,1.808866e-01,7.779198e+00
4.633333e+01,5.664959e-01,1.096012e-01,1.401203e-01,1.837826e-01,7.780240e+00
4.650000e+01,5.620405e-01,1.122744e-01,1.392292e-01,1.864558e-01,7.780789e+00
4.666667e+01,5.593673e-01,1.109378e-01,1.412341e-01,1.884607e-01,7.780110e+00
4.683333e+01,5.544665e-01,1.122744e-01,1.423480e-01,1.909111e-01,7.778872e+00
4.700000e+01,5.500111e-01,1.142793e-01,1.419024e-01,1.938071e-01,7.777845e+00
4.716667e+01,5.468924e-01,1.133883e-01,1.447984e-01,1.949209e-01,7.776498e+00
4.733333e+01,5.431054e-01,1.118289e-01,1.485854e-01,1.964803e-01,7.773728e+00
4.750000e+01,5.404322e-01,1.127200e-01,1.470261e-01,1.998218e-01,7.772326e+00
4.766667e+01,5.366451e-01,1.131655e-01,1.481399e-01,2.020495e-01,7.771621e+00
4.783333e+01,5.326353e-01,1.153932e-01,1.476944e-01,2.042771e-01,7.769204e+00
4.800000e+01,5.284028e-01,1.165070e-01,1.485854e-01,2.065048e-01,7.767104e+00
4.816667e+01,5.246157e-01,1.167298e-01,1.510359e-01,2.076186e-01,7.764587e+00
4.833333e+01,5.210515e-01,1.169526e-01,1.523725e-01,2.096235e-01,7.761765e+00
4.850000e+01,5.183783e-01,1.176209e-01,1.525952e-01,2.114057e-01,7.760073e+00
4.866667e+01,5.163734e-01,1.169526e-01,1.532635e-01,2.134106e-01,7.758870e+00
4.883333e+01,5.128091e-01,1.180664e-01,1.541546e-01,2.149699e-01,7.757900e+00
4.900000e+01,5.081310e-01,1.200713e-01,1.550457e-01,2.167521e-01,7.757551e+00
4.916667e+01,5.027846e-01,1.222990e-01,1.559367e-01,2.189797e-01,7.757750e+00
4.933333e+01,4.994431e-01,1.216307e-01,1.581644e-01,2.207619e-01,7.758378e+00
4.950000e+01,4.958788e-01,1.209624e-01,1.601693e-01,2.229895e-01,7.759134e+00
4.966667e+01,4.907552e-01,1.231900e-01,1.619514e-01,2.241034e-01,7.761463e+00
4.983333e+01,4.880820e-01,1.222990e-01,1.635108e-01,2.261083e-01,7.763999e+00
