Time,U,I1,I2,D,Ve
0.000000e+00,9.997772e-01,2.227668e-04,0.000000e+00,0.000000e+00,-inf
1.666667e-01,9.997772e-01,2.227668e-04,0.000000e+00,0.000000e+00,-inf
3.333333e-01,9.997772e-01,2.227668e-04,0.000000e+00,0.000000e+00,-inf
5.000000e-01,9.997772e-01,2.227668e-04,0.000000e+00,0.000000e+00,-inf
6.666667e-01,9.997772e-01,2.227668e-04,0.000000e+00,0.000000e+00,-inf
8.333333e-01,9.997772e-01,2.227668e-04,0.000000e+00,0.000000e+00,-inf
1.000000e+00,9.997772e-01,2.227668e-04,0.000000e+00,0.000000e+00,-inf
1.166667e+00,9.997772e-01,2.227668e-04,0.000000e+00,0.000000e+00,-inf
1.333333e+00,9.997772e-01,2.227668e-04,0.000000e+00,0.000000e+00,-inf
1.500000e+00,9.997772e-01,2.227668e-04,0.000000e+00,0.000000e+00,-inf
1.666667e+00,9.997772e-01,2.227668e-04,0.000000e+00,0.000000e+00,-inf
1.833333e+00,9.997772e-01,2.227668e-04,0.000000e+00,0.000000e+00,-inf
2.000000e+00,9.997772e-01,2.227668e-04,0.000000e+00,0.000000e+00,-inf
2.166667e+00,9.997772e-01,2.227668e-04,0.000000e+00,0.000000e+00,-inf
2.333333e+00,9.997772e-01,2.227668e-04,0.000000e+00,0.000000e+00,-inf
2.500000e+00,9.997772e-01,2.227668e-04,0.000000e+00,0.000000e+00,-inf
2.666667e+00,9.997772e-01,2.227668e-04,0.000000e+00,0.000000e+00,-inf
2.833333e+00,9.997772e-01,2.227668e-04,0.000000e+00,0.000000e+00,-inf
3.000000e+00,9.997772e-01,2.227668e-04,0.000000e+00,0.000000e+00,-inf
3.166667e+00,9.997772e-01,2.227668e-04,0.000000e+00,0.000000e+00,-inf
3.333333e+00,9.997772e-01,2.227668e-04,0.000000e+00,0.000000e+00,-inf
3.500000e+00,9.997772e-01,2.227668e-04,0.000000e+00,0.000000e+00,-inf
3.666667e+00,9.997772e-01,2.227668e-04,0.000000e+00,0.000000e+00,-inf
3.833333e+00,9.997772e-01,2.227668e-04,0.000000e+00,0.000000e+00,-inf
4.000000e+00,9.997772e-01,2.227668e-04,0.000000e+00,0.000000e+00,-inf
4.166667e+00,9.997772e-01,2.227668e-04,0.000000e+00,0.000000e+00,-inf
4.333333e+00,9.997772e-01,2.227668e-04,0.000000e+00,0.000000e+00,-inf
4.500000e+00,9.997772e-01,2.227668e-04,0.000000e+00,0.000000e+00,-inf
4.666667e+00,9.997772e-01,2.227668e-04,0.000000e+00,0.000000e+00,-inf
4.833333e+00,9.997772e-01,2.227668e-04,0.000000e+00,0.000000e+00,-inf
5.000000e+00,9.997772e-01,2.227668e-04,0.000000e+00,0.000000e+00,-inf
5.166667e+00,9.997772e-01,2.227668e-04,0.000000e+00,0.000000e+00,-inf
5.333333e+00,9.997772e-01,2.227668e-04,0.000000e+00,0.000000e+00,-inf
5.500000e+00,9.997772e-01,2.227668e-04,0.000000e+00,0.000000e+00,-inf
5.666667e+00,9.997772e-01,2.227668e-04,0.000000e+00,0.000000e+00,-inf
5.833333e+00,9.997772e-01,2.227668e-04,0.000000e+00,0.000000e+00,-inf
6.000000e+00,9.997772e-01,2.227668e-04,0.000000e+00,0.000000e+00,-inf
6.166667e+00,9.997772e-01,2.227668e-04,0.000000e+00,0.000000e+00,-inf
6.333333e+00,9.997772e-01,2.227668e-04,0.000000e+00,0.000000e+00,-inf
6.500000e+00,9.997772e-01,2.227668e-04,0.000000e+00,0.000000e+00,-inf
6.666667e+00,9.997772e-01,2.227668e-04,0.000000e+00,0.000000e+00,-inf
6.833333e+00,9.997772e-01,2.227668e-04,0.000000e+00,0.000000e+00,-inf
7.000000e+00,9.997772e-01,2.227668e-04,0.000000e+00,0.000000e+00,-inf
7.166667e+00,9.997772e-01,2.227668e-04,0.000000e+00,0.000000e+00,-inf
7.333333e+00,9.997772e-01,2.227668e-04,0.000000e+00,0.000000e+00,-inf
7.500000e+00,9.997772e-01,2.227668e-04,0.000000e+00,0.000000e+00,-inf
7.666667e+00,9.997772e-01,2.227668e-04,0.000000e+00,0.000000e+00,-inf
7.833333e+00,9.997772e-01,2.227668e-04,0.000000e+00,0.000000e+00,-inf
8.000000e+00,9.997772e-01,2.227668e-04,0.000000e+00,0.000000e+00,-inf
8.166667e+00,9.997772e-01,2.227668e-04,0.000000e+00,0.000000e+00,-inf
8.333333e+00,9.997772e-01,2.227668e-04,0.000000e+00,0.000000e+00,-inf
8.500000e+00,9.997772e-01,2.227668e-04,0.000000e+00,0.000000e+00,-inf
8.666667e+00,9.997772e-01,2.227668e-04,0.000000e+00,0.000000e+00,-inf
8.833333e+00,9.997772e-01,2.227668e-04,0.000000e+00,0.000000e+00,-inf
9.000000e+00,9.997772e-01,2.227668e-04,0.000000e+00,0.000000e+00,-inf
9.166667e+00,9.997772e-01,2.227668e-04,0.000000e+00,0.000000e+00,-inf
9.333333e+00,9.997772e-01,2.227668e-04,0.000000e+00,0.000000e+00,-inf
9.500000e+00,9.997772e-01,2.227668e-04,0.000000e+00,0.000000e+00,-inf
9.666667e+00,9.997772e-01,2.227668e-04,0.000000e+00,0.000000e+00,-inf
9.833333e+00,9.997772e-01,2.227668e-04,0.000000e+00,0.000000e+00,-inf
1.000000e+01,9.997772e-01,2.227668e-04,0.000000e+00,0.000000e+00,-inf
1.016667e+01,9.997772e-01,2.227668e-04,0.000000e+00,0.000000e+00,-inf
1.033333e+01,9.997772e-01,2.227668e-04,0.000000e+00,0.000000e+00,-inf
1.050000e+01,9.997772e-01,2.227668e-04,0.000000e+00,0.000000e+00,-inf
1.066667e+01,9.997772e-01,2.227668e-04,0.000000e+00,0.000000e+00,-inf
1.083333e+01,9.997772e-01,2.227668e-04,0.000000e+00,0.000000e+00,-inf
1.100000e+01,9.997772e-01,2.227668e-04,0.000000e+00,0.000000e+00,-inf
1.116667e+01,9.997772e-01,2.227668e-04,0.000000e+00,0.000000e+00,-inf
1.133333e+01,9.997772e-01,2.227668e-04,0.000000e+00,0.000000e+00,-inf
1.150000e+01,9.997772e-01,2.227668e-04,0.000000e+00,0.000000e+00,-inf
1.166667e+01,9.997772e-01,2.227668e-04,0.000000e+00,0.000000e+00,-inf
1.183333e+01,9.997772e-01,2.227668e-04,0.000000e+00,0.000000e+00,-inf
1.200000e+01,9.997772e-01,2.227668e-04,0.000000e+00,0.000000e+00,-inf
1.216667e+01,9.997772e-01,2.227668e-04,0.000000e+00,0.000000e+00,-inf
1.233333e+01,9.997772e-01,2.227668e-04,0.000000e+00,0.000000e+00,-inf
1.250000e+01,9.997772e-01,2.227668e-04,0.000000e+00,0.000000e+00,-inf
1.266667e+01,9.997772e-01,2.227668e-04,0.000000e+00,0.000000e+00,-inf
1.283333e+01,9.997772e-01,2.227668e-04,0.000000e+00,0.000000e+00,-inf
1.300000e+01,9.997772e-01,2.227668e-04,0.000000e+00,0.000000e+00,-inf
1.316667e+01,9.997772e-01,2.227668e-04,0.000000e+00,0.000000e+00,-inf
1.333333e+01,9.997772e-01,2.227668e-04,0.000000e+00,0.000000e+00,-inf
1.350000e+01,9.997772e-01,2.227668e-04,0.000000e+00,0.000000e+00,-inf
1.366667e+01,9.997772e-01,2.227668e-04,0.000000e+00,0.000000e+00,-inf
1.383333e+01,9.997772e-01,2.227668e-04,0.000000e+00,0.000000e+00,-inf
1.400000e+01,9.997772e-01,2.227668e-04,0.000000e+00,0.000000e+00,-inf
1.416667e+01,9.997772e-01,2.227668e-04,0.000000e+00,0.000000e+00,-inf
1.433333e+01,9.997772e-01,2.227668e-04,0.000000e+00,0.000000e+00,-inf
1.450000e+01,9.997772e-01,2.227668e-04,0.000000e+00,0.000000e+00,-inf
1.466667e+01,9.997772e-01,2.227668e-04,0.000000e+00,0.000000e+00,-inf
1.483333e+01,9.997772e-01,2.227668e-04,0.000000e+00,0.000000e+00,-inf
1.500000e+01,9.997772e-01,2.227668e-04,0.000000e+00,0.000000e+00,-inf
1.516667e+01,9.997772e-01,2.227668e-04,0.000000e+00,0.000000e+00,-inf
1.533333e+01,9.997772e-01,2.227668e-04,0.000000e+00,0.000000e+00,-inf
1.550000e+01,9.997772e-01,2.227668e-04,0.000000e+00,0.000000e+00,-inf
1.566667e+01,9.997772e-01,2.227668e-04,0.000000e+00,0.000000e+00,-inf
1.583333e+01,9.997772e-01,2.227668e-04,0.000000e+00,0.000000e+00,-inf
1.600000e+01,9.997772e-01,2.227668e-04,0.000000e+00,0.000000e+00,-inf
1.616667e+01,9.997772e-01,2.227668e-04,0.000000e+00,0.000000e+00,-inf
1.633333e+01,9.997772e-01,2.227668e-04,0.000000e+00,0.000000e+00,-inf
1.650000e+01,9.997772e-01,2.227668e-04,0.000000e+00,0.000000e+00,-inf
1.666667e+01,9.997772e-01,2.227668e-04,0.000000e+00,0.000000e+00,-inf
1.683333e+01,9.997772e-01,2.227668e-04,0.000000e+00,0.000000e+00,-inf
1.700000e+01,9.997772e-01,2.227668e-04,0.000000e+00,0.000000e+00,-inf
1.716667e+01,9.997772e-01,2.227668e-04,0.000000e+00,0.000000e+00,-inf
1.733333e+01,9.997772e-01,2.227668e-04,0.000000e+00,0.000000e+00,-inf
1.750000e+01,9.997772e-01,2.227668e-04,0.000000e+00,0.000000e+00,-inf
1.766667e+01,9.997772e-01,2.227668e-04,0.000000e+00,0.000000e+00,-inf
1.783333e+01,9.997772e-01,2.227668e-04,0.000000e+00,0.000000e+00,-inf
1.800000e+01,9.997772e-01,2.227668e-04,0.000000e+00,0.000000e+00,-inf
1.816667e+01,9.997772e-01,2.227668e-04,0.000000e+00,0.000000e+00,-inf
1.833333e+01,9.997772e-01,2.227668e-04,0.000000e+00,0.000000e+00,-inf
1.850000e+01,9.997772e-01,2.227668e-04,0.000000e+00,0.000000e+00,-inf
1.866667e+01,9.997772e-01,2.227668e-04,0.000000e+00,0.000000e+00,-inf
1.883333e+01,9.997772e-01,2.227668e-04,0.000000e+00,0.000000e+00,-inf
1.900000e+01,9.997772e-01,2.227668e-04,0.000000e+00,0.000000e+00,-inf
1.916667e+01,9.997772e-01,2.227668e-04,0.000000e+00,0.000000e+00,-inf
1.933333e+01,9.997772e-01,2.227668e-04,0.000000e+00,0.000000e+00,-inf
1.950000e+01,9.997772e-01,2.227668e-04,0.000000e+00,0.000000e+00,-inf
1.966667e+01,9.997772e-01,2.227668e-04,0.000000e+00,0.000000e+00,-inf
1.983333e+01,9.997772e-01,2.227668e-04,0.000000e+00,0.000000e+00,-inf
2.000000e+01,9.997772e-01,2.227668e-04,0.000000e+00,0.000000e+00,-inf
2.016667e+01,9.997772e-01,2.227668e-04,0.000000e+00,0.000000e+00,-inf
2.033333e+01,9.997772e-01,2.227668e-04,0.000000e+00,0.000000e+00,-inf
2.050000e+01,9.997772e-01,2.227668e-04,0.000000e+00,0.000000e+00,-inf
2.066667e+01,9.997772e-01,2.227668e-04,0.000000e+00,0.000000e+00,-inf
2.083333e+01,9.997772e-01,2.227668e-04,0.000000e+00,0.000000e+00,-inf
2.100000e+01,9.997772e-01,2.227668e-04,0.000000e+00,0.000000e+00,-inf
2.116667e+01,9.997772e-01,2.227668e-04,0.000000e+00,0.000000e+00,-inf
2.133333e+01,9.997772e-01,2.227668e-04,0.000000e+00,0.000000e+00,-inf
2.150000e+01,9.997772e-01,2.227668e-04,0.000000e+00,0.000000e+00,-inf
2.166667e+01,9.997772e-01,2.227668e-04,0.000000e+00,0.000000e+00,-inf
2.183333e+01,9.997772e-01,2.227668e-04,0.000000e+00,0.000000e+00,-inf
2.200000e+01,9.997772e-01,2.227668e-04,0.000000e+00,0.000000e+00,-inf
2.216667e+01,9.997772e-01,2.227668e-04,0.000000e+00,0.000000e+00,-inf
2.233333e+01,9.997772e-01,2.227668e-04,0.000000e+00,0.000000e+00,-inf
2.250000e+01,9.997772e-01,2.227668e-04,0.000000e+00,0.000000e+00,-inf
2.266667e+01,9.997772e-01,2.227668e-04,0.000000e+00,0.000000e+00,-inf
2.283333e+01,9.997772e-01,2.227668e-04,0.000000e+00,0.000000e+00,-inf
2.300000e+01,9.997772e-01,2.227668e-04,0.000000e+00,0.000000e+00,-inf
2.316667e+01,9.997772e-01,2.227668e-04,0.000000e+00,0.000000e+00,-inf
2.333333e+01,9.997772e-01,2.227668e-04,0.000000e+00,0.000000e+00,-inf
2.350000e+01,9.997772e-01,2.227668e-04,0.000000e+00,0.000000e+00,-inf
2.366667e+01,9.997772e-01,2.227668e-04,0.000000e+00,0.000000e+00,-inf
2.383333e+01,9.997772e-01,2.227668e-04,0.000000e+00,0.000000e+00,-inf
2.400000e+01,9.997772e-01,2.227668e-04,0.000000e+00,0.000000e+00,-inf
2.416667e+01,9.997772e-01,2.227668e-04,0.000000e+00,0.000000e+00,-inf
2.433333e+01,9.997772e-01,2.227668e-04,0.000000e+00,0.000000e+00,-inf
2.450000e+01,9.997772e-01,2.227668e-04,0.000000e+00,0.000000e+00,-inf
2.466667e+01,9.997772e-01,2.227668e-04,0.000000e+00,0.000000e+00,-inf
2.483333e+01,9.997772e-01,2.227668e-04,0.000000e+00,0.000000e+00,-inf
2.500000e+01,9.997772e-01,2.227668e-04,0.000000e+00,0.000000e+00,-inf
2.516667e+01,9.997772e-01,2.227668e-04,0.000000e+00,0.000000e+00,-inf
2.533333e+01,9.997772e-01,2.227668e-04,0.000000e+00,0.000000e+00,-inf
2.550000e+01,9.997772e-01,2.227668e-04,0.000000e+00,0.000000e+00,-inf
2.566667e+01,9.997772e-01,2.227668e-04,0.000000e+00,0.000000e+00,-inf
2.583333e+01,9.997772e-01,2.227668e-04,0.000000e+00,0.000000e+00,-inf
2.600000e+01,9.997772e-01,2.227668e-04,0.000000e+00,0.000000e+00,-inf
2.616667e+01,9.997772e-01,2.227668e-04,0.000000e+00,0.000000e+00,-inf
2.633333e+01,9.997772e-01,2.227668e-04,0.000000e+00,0.000000e+00,-inf
2.650000e+01,9.997772e-01,2.227668e-04,0.000000e+00,0.000000e+00,-inf
2.666667e+01,9.997772e-01,2.227668e-04,0.000000e+00,0.000000e+00,-inf
2.683333e+01,9.997772e-01,2.227668e-04,0.000000e+00,0.000000e+00,-inf
2.700000e+01,9.997772e-01,2.227668e-04,0.000000e+00,0.000000e+00,-inf
2.716667e+01,9.997772e-01,0.000000e+00,2.227668e-04,0.000000e+00,-inf
2.733333e+01,9.997772e-01,0.000000e+00,2.227668e-04,0.000000e+00,-inf
2.750000e+01,9.979951e-01,1.782134e-03,2.227668e-04,0.000000e+00,3.696063e+00
2.766667e+01,9.975496e-01,2.227668e-03,2.227668e-04,0.000000e+00,3.970403e+00
2.783333e+01,9.962130e-01,3.564268e-03,2.227668e-04,0.000000e+00,4.119928e+00
2.800000e+01,9.959902e-01,3.787035e-03,2.227668e-04,0.000000e+00,4.218423e+00
2.816667e+01,9.948764e-01,4.900869e-03,2.227668e-04,0.000000e+00,4.289012e+00
2.833333e+01,9.930942e-01,6.683003e-03,2.227668e-04,0.000000e+00,4.341995e+00
2.850000e+01,9.919804e-01,7.796837e-03,2.227668e-04,0.000000e+00,4.382866e+00
2.866667e+01,9.910893e-01,8.242370e-03,6.683003e-04,0.000000e+00,4.414904e+00
2.883333e+01,9.904210e-01,8.465137e-03,1.113834e-03,0.000000e+00,4.440225e+00
2.900000e+01,9.899755e-01,8.687904e-03,1.336601e-03,0.000000e+00,4.460272e+00
2.916667e+01,9.881934e-01,1.047004e-02,1.336601e-03,0.000000e+00,4.476076e+00
2.933333e+01,9.873023e-01,1.069280e-02,2.004901e-03,0.000000e+00,4.488397e+00
2.950000e+01,9.866340e-01,1.113834e-02,2.227668e-03,0.000000e+00,4.497811e+00
2.966667e+01,9.859657e-01,1.158387e-02,2.450434e-03,0.000000e+00,4.504769e+00
2.983333e+01,9.855202e-01,1.136110e-02,3.118735e-03,0.000000e+00,4.509625e+00
3.000000e+01,9.844063e-01,1.202941e-02,3.564268e-03,0.000000e+00,4.512665e+00
3.016667e+01,9.839608e-01,1.202941e-02,4.009802e-03,0.000000e+00,4.514125e+00
3.033333e+01,9.837380e-01,1.180664e-02,4.455335e-03,0.000000e+00,4.514199e+00
3.050000e+01,9.832925e-01,1.202941e-02,4.678102e-03,0.000000e+00,4.513048e+00
3.066667e+01,9.828470e-01,1.180664e-02,5.346402e-03,0.000000e+00,4.510812e+00
3.083333e+01,9.812876e-01,1.336601e-02,5.346402e-03,0.000000e+00,4.507608e+00
3.100000e+01,9.808421e-01,1.358877e-02,5.569169e-03,0.000000e+00,4.503537e+00
3.116667e+01,9.797282e-01,1.425707e-02,6.014703e-03,0.000000e+00,4.498687e+00
3.133333e+01,9.792827e-01,1.425707e-02,6.460236e-03,0.000000e+00,4.493134e+00
3.150000e+01,9.788372e-01,1.447984e-02,6.683003e-03,0.000000e+00,4.486951e+00
3.166667e+01,9.781689e-01,1.514814e-02,6.683003e-03,0.000000e+00,4.480194e+00
3.183333e+01,9.777233e-01,1.514814e-02,7.128536e-03,0.000000e+00,4.472920e+00
3.200000e+01,9.763867e-01,1.603921e-02,7.574070e-03,0.000000e+00,4.465176e+00
3.216667e+01,9.759412e-01,1.514814e-02,8.910671e-03,0.000000e+00,4.457008e+00
3.233333e+01,9.754957e-01,1.537091e-02,9.133437e-03,0.000000e+00,4.448458e+00
3.250000e+01,9.743818e-01,1.581644e-02,9.801738e-03,0.000000e+00,4.439586e+00
3.266667e+01,9.739363e-01,1.581644e-02,1.024727e-02,0.000000e+00,4.430418e+00
3.283333e+01,9.730452e-01,1.626197e-02,1.069280e-02,0.000000e+00,4.421006e+00
3.300000e+01,9.721542e-01,1.626197e-02,1.158387e-02,0.000000e+00,4.411376e+00
3.316667e+01,9.721542e-01,1.514814e-02,1.269771e-02,0.000000e+00,4.401570e+00
3.333333e+01,9.712631e-01,1.537091e-02,1.336601e-02,0.000000e+00,4.391654e+00
3.350000e+01,9.712631e-01,1.514814e-02,1.358877e-02,0.000000e+00,4.381664e+00
3.366667e+01,9.708176e-01,1.514814e-02,1.403431e-02,0.000000e+00,4.371655e+00
3.383333e+01,9.705948e-01,1.514814e-02,1.425707e-02,0.000000e+00,4.361701e+00
3.400000e+01,9.701493e-01,1.537091e-02,1.447984e-02,0.000000e+00,4.351952e+00
3.416667e+01,9.697037e-01,1.559367e-02,1.470261e-02,0.000000e+00,4.342418e+00
3.433333e+01,9.694810e-01,1.559367e-02,1.492537e-02,0.000000e+00,4.333197e+00
3.450000e+01,9.688127e-01,1.603921e-02,1.514814e-02,0.000000e+00,4.324449e+00
3.466667e+01,9.681444e-01,1.648474e-02,1.537091e-02,0.000000e+00,4.316347e+00
3.483333e+01,9.681444e-01,1.559367e-02,1.626197e-02,0.000000e+00,4.309132e+00
3.500000e+01,9.674761e-01,1.603921e-02,1.648474e-02,0.000000e+00,4.302879e+00
3.516667e+01,9.663622e-01,1.648474e-02,1.715304e-02,0.000000e+00,4.298088e+00
3.533333e+01,9.661395e-01,1.648474e-02,1.737581e-02,0.000000e+00,4.294771e+00
3.550000e+01,9.650256e-01,1.670751e-02,1.826687e-02,0.000000e+00,4.293701e+00
3.566667e+01,9.648029e-01,1.626197e-02,1.893517e-02,0.000000e+00,4.294753e+00
3.583333e+01,9.643573e-01,1.603921e-02,1.960348e-02,0.000000e+00,4.298617e+00
3.600000e+01,9.639118e-01,1.626197e-02,1.982624e-02,0.000000e+00,4.306041e+00
3.616667e+01,9.632435e-01,1.693027e-02,1.982624e-02,0.000000e+00,4.317508e+00
3.633333e+01,9.632435e-01,1.648474e-02,2.027178e-02,0.000000e+00,4.332558e+00
3.650000e+01,9.630207e-01,1.626197e-02,2.071731e-02,0.000000e+00,4.351447e+00
3.666667e+01,9.621297e-01,1.693027e-02,2.094008e-02,0.000000e+00,4.375398e+00
3.683333e+01,9.619069e-01,1.670751e-02,2.138561e-02,0.000000e+00,4.403391e+00
3.700000e+01,9.614613e-01,1.603921e-02,2.249944e-02,0.000000e+00,4.435423e+00
3.716667e+01,9.605703e-01,1.670751e-02,2.272221e-02,0.000000e+00,4.471394e+00
3.733333e+01,9.601247e-01,1.693027e-02,2.294498e-02,0.000000e+00,4.511792e+00
3.750000e+01,9.590109e-01,1.804411e-02,2.294498e-02,0.000000e+00,4.556561e+00
3.766667e+01,9.583426e-01,1.804411e-02,2.361328e-02,0.000000e+00,4.604333e+00
3.783333e+01,9.578971e-01,1.737581e-02,2.472711e-02,0.000000e+00,4.654790e+00
3.800000e+01,9.570060e-01,1.804411e-02,2.494988e-02,0.000000e+00,4.708062e+00
3.816667e+01,9.567832e-01,1.759857e-02,2.561818e-02,0.000000e+00,4.767181e+00
3.833333e+01,9.558922e-01,1.804411e-02,2.606371e-02,0.000000e+00,4.827298e+00
3.850000e+01,9.550011e-01,1.804411e-02,2.695478e-02,0.000000e+00,4.890475e+00
3.866667e+01,9.534417e-01,1.938071e-02,2.717755e-02,0.000000e+00,4.953774e+00
3.883333e+01,9.523279e-01,1.982624e-02,2.784585e-02,0.000000e+00,5.018091e+00
3.900000e+01,9.509913e-01,2.094008e-02,2.806861e-02,0.000000e+00,5.083360e+00
3.916667e+01,9.501002e-01,2.049454e-02,2.940521e-02,0.000000e+00,5.148262e+00
3.933333e+01,9.489864e-01,2.071731e-02,3.029628e-02,0.000000e+00,5.212659e+00
3.950000e+01,9.483181e-01,2.094008e-02,3.074181e-02,0.000000e+00,5.277296e+00
3.966667e+01,9.465360e-01,2.249944e-02,3.096458e-02,0.000000e+00,5.342692e+00
3.983333e+01,9.447538e-01,2.339051e-02,3.185565e-02,0.000000e+00,5.407062e+00
4.000000e+01,9.434172e-01,2.428158e-02,3.230118e-02,0.000000e+00,5.470481e+00
4.016667e+01,9.416351e-01,2.517264e-02,3.319225e-02,0.000000e+00,5.533002e+00
4.033333e+01,9.402985e-01,2.606371e-02,3.363778e-02,0.000000e+00,5.594649e+00
4.050000e+01,9.396302e-01,2.628648e-02,3.408331e-02,0.000000e+00,5.656713e+00
4.066667e+01,9.365115e-01,2.873691e-02,3.475162e-02,0.000000e+00,5.717728e+00
4.083333e+01,9.342838e-01,3.074181e-02,3.497438e-02,0.000000e+00,5.779080e+00
4.100000e+01,9.327244e-01,3.163288e-02,3.564268e-02,0.000000e+00,5.840217e+00
4.116667e+01,9.311651e-01,3.163288e-02,3.720205e-02,0.000000e+00,5.899933e+00
4.133333e+01,9.289374e-01,3.319225e-02,3.787035e-02,0.000000e+00,5.959267e+00
4.150000e+01,9.278236e-01,3.408331e-02,3.809312e-02,0.000000e+00,6.017121e+00
4.166667e+01,9.242593e-01,3.720205e-02,3.853865e-02,0.000000e+00,6.073593e+00
4.183333e+01,9.215861e-01,3.898418e-02,3.942972e-02,0.000000e+00,6.128754e+00
4.200000e+01,9.200267e-01,3.920695e-02,4.076632e-02,0.000000e+00,6.182734e+00
4.216667e+01,9.191357e-01,3.942972e-02,4.121185e-02,2.227668e-04,6.235473e+00
4.233333e+01,9.177991e-01,3.942972e-02,4.254845e-02,2.227668e-04,6.287647e+00
4.250000e+01,9.164625e-01,3.920695e-02,4.410782e-02,2.227668e-04,6.336021e+00
4.266667e+01,9.140120e-01,4.032078e-02,4.522165e-02,4.455335e-04,6.383611e+00
4.283333e+01,9.122299e-01,4.054355e-02,4.678102e-02,4.455335e-04,6.435727e+00
4.300000e+01,9.093339e-01,4.232569e-02,4.789485e-02,4.455335e-04,6.482235e+00
4.316667e+01,9.068835e-01,4.388505e-02,4.878592e-02,4.455335e-04,6.527756e+00
4.333333e+01,9.046558e-01,4.611272e-02,4.856315e-02,6.683003e-04,6.572269e+00
4.350000e+01,9.019826e-01,4.722655e-02,4.967699e-02,1.113834e-03,6.615739e+00
4.366667e+01,9.002005e-01,4.856315e-02,4.989975e-02,1.336601e-03,6.657258e+00
4.383333e+01,8.979728e-01,4.945422e-02,5.123636e-02,1.336601e-03,6.694949e+00
4.400000e+01,8.966362e-01,4.989975e-02,5.168189e-02,1.782134e-03,6.731058e+00
4.416667e+01,8.948541e-01,5.012252e-02,5.257296e-02,2.450434e-03,6.766759e+00
4.433333e+01,8.932947e-01,5.056806e-02,5.368679e-02,2.450434e-03,6.798340e+00
4.450000e+01,8.906215e-01,5.235019e-02,5.457786e-02,2.450434e-03,6.824609e+00
4.466667e+01,8.881711e-01,5.346402e-02,5.524616e-02,3.118735e-03,6.851782e+00
4.483333e+01,8.857207e-01,5.390956e-02,5.680552e-02,3.564268e-03,6.879515e+00
4.500000e+01,8.819336e-01,5.591446e-02,5.791936e-02,4.232569e-03,6.903616e+00
4.516667e+01,8.794832e-01,5.613722e-02,6.014703e-02,4.232569e-03,6.925496e+00
4.533333e+01,8.777010e-01,5.702829e-02,6.081533e-02,4.455335e-03,6.944878e+00
4.550000e+01,8.756961e-01,5.769659e-02,6.148363e-02,5.123636e-03,6.965182e+00
4.566667e+01,8.734685e-01,5.725106e-02,6.393406e-02,5.346402e-03,6.984893e+00
4.583333e+01,8.721319e-01,5.680552e-02,6.549343e-02,5.569169e-03,7.000532e+00
4.600000e+01,8.699042e-01,5.769659e-02,6.616173e-02,6.237469e-03,7.015578e+00
4.616667e+01,8.676765e-01,5.858766e-02,6.727556e-02,6.460236e-03,7.030659e+00
4.633333e+01,8.665627e-01,5.836489e-02,6.838940e-02,6.683003e-03,7.044517e+00
4.650000e+01,8.636667e-01,5.925596e-02,7.017153e-02,6.905770e-03,7.058072e+00
4.666667e+01,8.601025e-01,6.148363e-02,7.106260e-02,7.351303e-03,7.071773e+00
4.683333e+01,8.583203e-01,6.059256e-02,7.329027e-02,7.796837e-03,7.085112e+00
4.700000e+01,8.567610e-01,6.059256e-02,7.351303e-02,9.133437e-03,7.097157e+00
4.716667e+01,8.545333e-01,6.148363e-02,7.462687e-02,9.356204e-03,7.108422e+00
4.733333e+01,8.518601e-01,6.192916e-02,7.663177e-02,9.578971e-03,7.114069e+00
4.750000e+01,8.489641e-01,6.371129e-02,7.730007e-02,1.002450e-02,7.120096e+00
4.766667e+01,8.460682e-01,6.371129e-02,7.908220e-02,1.113834e-02,7.126963e+00
4.783333e+01,8.433950e-01,6.460236e-02,8.041880e-02,1.158387e-02,7.133880e+00
4.800000e+01,8.411673e-01,6.616173e-02,8.041880e-02,1.225217e-02,7.138300e+00
4.816667e+01,8.398307e-01,6.638450e-02,8.108710e-02,1.269771e-02,7.142482e+00
4.833333e+01,8.382713e-01,6.527066e-02,8.353754e-02,1.292047e-02,7.144764e+00
4.850000e+01,8.360437e-01,6.571620e-02,8.509690e-02,1.314324e-02,7.146654e+00
4.866667e+01,8.340388e-01,6.616173e-02,8.554244e-02,1.425707e-02,7.149026e+00
4.883333e+01,8.320339e-01,6.660726e-02,8.598797e-02,1.537091e-02,7.152124e+00
4.900000e+01,8.302517e-01,6.705280e-02,8.643350e-02,1.626197e-02,7.154237e+00
4.916667e+01,8.282468e-01,6.772110e-02,8.732457e-02,1.670751e-02,7.154666e+00
4.933333e+01,8.255736e-01,6.861216e-02,8.866117e-02,1.715304e-02,7.154292e+00
4.950000e+01,8.233460e-01,6.816663e-02,9.066607e-02,1.782134e-02,7.154677e+00
4.966667e+01,8.220094e-01,6.705280e-02,9.311651e-02,1.782134e-02,7.155488e+00
4.983333e+01,8.200045e-01,6.705280e-02,9.445311e-02,1.848964e-02,7.155745e+00
