Time,U,I1,I2,D,Ve
0.000000e+00,9.997772e-01,2.227668e-04,0.000000e+00,0.000000e+00,-inf
1.666667e-01,9.997772e-01,2.227668e-04,0.000000e+00,0.000000e+00,-inf
3.333333e-01,9.997772e-01,2.227668e-04,0.000000e+00,0.000000e+00,-inf
5.000000e-01,9.997772e-01,2.227668e-04,0.000000e+00,0.000000e+00,-inf
6.666667e-01,9.997772e-01,2.227668e-04,0.000000e+00,0.000000e+00,-inf
8.333333e-01,9.997772e-01,2.227668e-04,0.000000e+00,0.000000e+00,-inf
1.000000e+00,9.997772e-01,2.227668e-04,0.000000e+00,0.000000e+00,-inf
1.166667e+00,9.997772e-01,2.227668e-04,0.000000e+00,0.000000e+00,-inf
1.333333e+00,9.997772e-01,2.227668e-04,0.000000e+00,0.000000e+00,-inf
1.500000e+00,9.997772e-01,2.227668e-04,0.000000e+00,0.000000e+00,-inf
1.666667e+00,9.997772e-01,2.227668e-04,0.000000e+00,0.000000e+00,-inf
1.833333e+00,9.997772e-01,2.227668e-04,0.000000e+00,0.000000e+00,-inf
2.000000e+00,9.997772e-01,2.227668e-04,0.000000e+00,0.000000e+00,-inf
2.166667e+00,9.997772e-01,2.227668e-04,0.000000e+00,0.000000e+00,-inf
2.333333e+00,9.997772e-01,2.227668e-04,0.000000e+00,0.000000e+00,-inf
2.500000e+00,9.997772e-01,2.227668e-04,0.000000e+00,0.000000e+00,-inf
2.666667e+00,9.997772e-01,2.227668e-04,0.000000e+00,0.000000e+00,-inf
2.833333e+00,9.997772e-01,2.227668e-04,0.000000e+00,0.000000e+00,-inf
3.000000e+00,9.997772e-01,2.227668e-04,0.000000e+00,0.000000e+00,-inf
3.166667e+00,9.997772e-01,2.227668e-04,0.000000e+00,0.000000e+00,-inf
3.333333e+00,9.997772e-01,2.227668e-04,0.000000e+00,0.000000e+00,-inf
3.500000e+00,9.997772e-01,2.227668e-04,0.000000e+00,0.000000e+00,-inf
3.666667e+00,9.997772e-01,2.227668e-04,0.000000e+00,0.000000e+00,-inf
3.833333e+00,9.997772e-01,2.227668e-04,0.000000e+00,0.000000e+00,-inf
4.000000e+00,9.997772e-01,2.227668e-04,0.000000e+00,0.000000e+00,-inf
4.166667e+00,9.997772e-01,2.227668e-04,0.000000e+00,0.000000e+00,-inf
4.333333e+00,9.997772e-01,2.227668e-04,0.000000e+00,0.000000e+00,-inf
4.500000e+00,9.997772e-01,2.227668e-04,0.000000e+00,0.000000e+00,-inf
4.666667e+00,9.997772e-01,2.227668e-04,0.000000e+00,0.000000e+00,-inf
4.833333e+00,9.997772e-01,2.227668e-04,0.000000e+00,0.000000e+00,-inf
5.000000e+00,9.997772e-01,2.227668e-04,0.000000e+00,0.000000e+00,-inf
5.166667e+00,9.997772e-01,2.227668e-04,0.000000e+00,0.000000e+00,-inf
5.333333e+00,9.997772e-01,2.227668e-04,0.000000e+00,0.000000e+00,-inf
5.500000e+00,9.997772e-01,2.227668e-04,0.000000e+00,0.000000e+00,-inf
5.666667e+00,9.997772e-01,2.227668e-04,0.000000e+00,0.000000e+00,-inf
5.833333e+00,9.997772e-01,2.227668e-04,0.000000e+00,0.000000e+00,-inf
6.000000e+00,9.997772e-01,2.227668e-04,0.000000e+00,0.000000e+00,-inf
6.166667e+00,9.997772e-01,2.227668e-04,0.000000e+00,0.000000e+00,-inf
6.333333e+00,9.997772e-01,2.227668e-04,0.000000e+00,0.000000e+00,-inf
6.500000e+00,9.997772e-01,2.227668e-04,0.000000e+00,0.000000e+00,-inf
6.666667e+00,9.997772e-01,2.227668e-04,0.000000e+00,0.000000e+00,-inf
6.833333e+00,9.997772e-01,2.227668e-04,0.000000e+00,0.000000e+00,-inf
7.000000e+00,9.997772e-01,2.227668e-04,0.000000e+00,0.000000e+00,-inf
7.166667e+00,9.997772e-01,2.227668e-04,0.000000e+00,0.000000e+00,-inf
7.333333e+00,9.997772e-01,2.227668e-04,0.000000e+00,0.000000e+00,-inf
7.500000e+00,9.997772e-01,0.000000e+00,2.227668e-04,0.000000e+00,-inf
7.666667e+00,9.997772e-01,0.000000e+00,2.227668e-04,0.000000e+00,-inf
7.833333e+00,9.997772e-01,0.000000e+00,2.227668e-04,0.000000e+00,1.816235e+00
8.000000e+00,9.997772e-01,0.000000e+00,2.227668e-04,0.000000e+00,2.151257e+00
8.166667e+00,9.995545e-01,2.227668e-04,2.227668e-04,0.000000e+00,2.364828e+00
8.333333e+00,9.991089e-01,6.683003e-04,2.227668e-04,0.000000e+00,2.530644e+00
8.500000e+00,9.984406e-01,1.336601e-03,2.227668e-04,0.000000e+00,2.671712e+00
8.666667e+00,9.984406e-01,1.336601e-03,2.227668e-04,0.000000e+00,2.798188e+00
8.833333e+00,9.977723e-01,1.782134e-03,4.455335e-04,0.000000e+00,2.915403e+00
9.000000e+00,9.977723e-01,1.559367e-03,6.683003e-04,0.000000e+00,3.026458e+00
9.166667e+00,9.975496e-01,1.782134e-03,6.683003e-04,0.000000e+00,3.133281e+00
9.333333e+00,9.966585e-01,2.673201e-03,6.683003e-04,0.000000e+00,3.237118e+00
9.500000e+00,9.966585e-01,2.227668e-03,1.113834e-03,0.000000e+00,3.338799e+00
9.666667e+00,9.962130e-01,2.450434e-03,1.336601e-03,0.000000e+00,3.438885e+00
9.833333e+00,9.953219e-01,3.118735e-03,1.559367e-03,0.000000e+00,3.537753e+00
1.000000e+01,9.953219e-01,2.895968e-03,1.782134e-03,0.000000e+00,3.635651e+00
1.016667e+01,9.944308e-01,3.787035e-03,1.782134e-03,0.000000e+00,3.732736e+00
1.033333e+01,9.939853e-01,4.232569e-03,1.782134e-03,0.000000e+00,3.829091e+00
1.050000e+01,9.933170e-01,4.900869e-03,1.782134e-03,0.000000e+00,3.924744e+00
1.066667e+01,9.928715e-01,5.123636e-03,2.004901e-03,0.000000e+00,4.019675e+00
1.083333e+01,9.926487e-01,5.346402e-03,2.004901e-03,0.000000e+00,4.113825e+00
1.100000e+01,9.924259e-01,5.346402e-03,2.227668e-03,0.000000e+00,4.207093e+00
1.116667e+01,9.919804e-01,5.346402e-03,2.673201e-03,0.000000e+00,4.299339e+00
1.133333e+01,9.908666e-01,6.237469e-03,2.895968e-03,0.000000e+00,4.390385e+00
1.150000e+01,9.893072e-01,7.574070e-03,3.118735e-03,0.000000e+00,4.480013e+00
1.166667e+01,9.886389e-01,8.242370e-03,3.118735e-03,0.000000e+00,4.567968e+00
1.183333e+01,9.881934e-01,8.687904e-03,3.118735e-03,0.000000e+00,4.653956e+00
1.200000e+01,9.870795e-01,9.801738e-03,3.118735e-03,0.000000e+00,4.737650e+00
1.216667e+01,9.864112e-01,1.002450e-02,3.564268e-03,0.000000e+00,4.818700e+00
1.233333e+01,9.855202e-01,1.047004e-02,4.009802e-03,0.000000e+00,4.896743e+00
1.250000e+01,9.846291e-01,1.069280e-02,4.678102e-03,0.000000e+00,4.971417e+00
1.266667e+01,9.837380e-01,1.158387e-02,4.678102e-03,0.000000e+00,5.042384e+00
1.283333e+01,9.824014e-01,1.247494e-02,5.123636e-03,0.000000e+00,5.109343e+00
1.300000e+01,9.819559e-01,1.247494e-02,5.569169e-03,0.000000e+00,5.172049e+00
1.316667e+01,9.815104e-01,1.269771e-02,5.791936e-03,0.000000e+00,5.230329e+00
1.333333e+01,9.806193e-01,1.269771e-02,6.683003e-03,0.000000e+00,5.284088e+00
1.350000e+01,9.795055e-01,1.314324e-02,7.351303e-03,0.000000e+00,5.333316e+00
1.366667e+01,9.788372e-01,1.358877e-02,7.574070e-03,0.000000e+00,5.378078e+00
1.383333e+01,9.781689e-01,1.403431e-02,7.796837e-03,0.000000e+00,5.418506e+00
1.400000e+01,9.770550e-01,1.425707e-02,8.687904e-03,0.000000e+00,5.454780e+00
1.416667e+01,9.763867e-01,1.425707e-02,9.356204e-03,0.000000e+00,5.487122e+00
1.433333e+01,9.759412e-01,1.447984e-02,9.578971e-03,0.000000e+00,5.515784e+00
1.450000e+01,9.741591e-01,1.603921e-02,9.801738e-03,0.000000e+00,5.541021e+00
1.466667e+01,9.732680e-01,1.603921e-02,1.069280e-02,0.000000e+00,5.563095e+00
1.483333e+01,9.728225e-01,1.626197e-02,1.091557e-02,0.000000e+00,5.582264e+00
1.500000e+01,9.717086e-01,1.670751e-02,1.158387e-02,0.000000e+00,5.598776e+00
1.516667e+01,9.705948e-01,1.782134e-02,1.158387e-02,0.000000e+00,5.612864e+00
1.533333e+01,9.685899e-01,1.915794e-02,1.202941e-02,2.227668e-04,5.624757e+00
1.550000e+01,9.683671e-01,1.804411e-02,1.336601e-02,2.227668e-04,5.634651e+00
1.566667e+01,9.672533e-01,1.915794e-02,1.336601e-02,2.227668e-04,5.595451e+00
1.583333e+01,9.659167e-01,2.049454e-02,1.336601e-02,2.227668e-04,5.556386e+00
1.600000e+01,9.645801e-01,2.094008e-02,1.425707e-02,2.227668e-04,5.517505e+00
1.616667e+01,9.634663e-01,2.183114e-02,1.447984e-02,2.227668e-04,5.478875e+00
1.633333e+01,9.623524e-01,2.183114e-02,1.559367e-02,2.227668e-04,5.440588e+00
1.650000e+01,9.619069e-01,2.160838e-02,1.626197e-02,2.227668e-04,5.402768e+00
1.666667e+01,9.614613e-01,2.138561e-02,1.693027e-02,2.227668e-04,5.365587e+00
1.683333e+01,9.599020e-01,2.205391e-02,1.782134e-02,2.227668e-04,5.329267e+00
1.700000e+01,9.596792e-01,2.160838e-02,1.848964e-02,2.227668e-04,5.294105e+00
1.716667e+01,9.587881e-01,2.205391e-02,1.893517e-02,2.227668e-04,5.260496e+00
1.733333e+01,9.581198e-01,2.205391e-02,1.960348e-02,2.227668e-04,5.229020e+00
1.750000e+01,9.574515e-01,2.249944e-02,1.982624e-02,2.227668e-04,5.200286e+00
1.766667e+01,9.558922e-01,2.316774e-02,2.071731e-02,2.227668e-04,5.175142e+00
1.783333e+01,9.550011e-01,2.249944e-02,2.227668e-02,2.227668e-04,5.154555e+00
1.800000e+01,9.536645e-01,2.294498e-02,2.316774e-02,2.227668e-04,5.139664e+00
1.816667e+01,9.523279e-01,2.428158e-02,2.316774e-02,2.227668e-04,5.131729e+00
1.833333e+01,9.516596e-01,2.316774e-02,2.494988e-02,2.227668e-04,5.131959e+00
1.850000e+01,9.512141e-01,2.294498e-02,2.561818e-02,2.227668e-04,5.141424e+00
1.866667e+01,9.496547e-01,2.316774e-02,2.695478e-02,2.227668e-04,5.160905e+00
1.883333e+01,9.483181e-01,2.383604e-02,2.762308e-02,2.227668e-04,5.190724e+00
1.900000e+01,9.469815e-01,2.472711e-02,2.806861e-02,2.227668e-04,5.230689e+00
1.916667e+01,9.458677e-01,2.561818e-02,2.829138e-02,2.227668e-04,5.280109e+00
1.933333e+01,9.447538e-01,2.650924e-02,2.851415e-02,2.227668e-04,5.338311e+00
1.950000e+01,9.445311e-01,2.561818e-02,2.962798e-02,2.227668e-04,5.403795e+00
1.966667e+01,9.440855e-01,2.584094e-02,2.985075e-02,2.227668e-04,5.474841e+00
1.983333e+01,9.425262e-01,2.606371e-02,3.118735e-02,2.227668e-04,5.550102e+00
2.000000e+01,9.423034e-01,2.561818e-02,3.185565e-02,2.227668e-04,5.628310e+00
2.016667e+01,9.416351e-01,2.584094e-02,3.230118e-02,2.227668e-04,5.708368e+00
2.033333e+01,9.407440e-01,2.606371e-02,3.296948e-02,2.227668e-04,5.789370e+00
2.050000e+01,9.402985e-01,2.606371e-02,3.341501e-02,2.227668e-04,5.870428e+00
2.066667e+01,9.389619e-01,2.717755e-02,3.363778e-02,2.227668e-04,5.950853e+00
2.083333e+01,9.385164e-01,2.628648e-02,3.497438e-02,2.227668e-04,6.030080e+00
2.100000e+01,9.382936e-01,2.561818e-02,3.586545e-02,2.227668e-04,6.107597e+00
2.116667e+01,9.378481e-01,2.561818e-02,3.631098e-02,2.227668e-04,6.183047e+00
2.133333e+01,9.374025e-01,2.561818e-02,3.675652e-02,2.227668e-04,6.256065e+00
2.150000e+01,9.360659e-01,2.628648e-02,3.742482e-02,2.227668e-04,6.326415e+00
2.166667e+01,9.358432e-01,2.628648e-02,3.764758e-02,2.227668e-04,6.393937e+00
2.183333e+01,9.342838e-01,2.695478e-02,3.809312e-02,6.683003e-04,6.458537e+00
2.200000e+01,9.331700e-01,2.717755e-02,3.876142e-02,8.910671e-04,6.520182e+00
2.216667e+01,9.320561e-01,2.762308e-02,3.920695e-02,1.113834e-03,6.572457e+00
2.233333e+01,9.318334e-01,2.673201e-02,3.987525e-02,1.559367e-03,6.618757e+00
2.250000e+01,9.302740e-01,2.717755e-02,4.098908e-02,1.559367e-03,6.660240e+00
2.266667e+01,9.289374e-01,2.784585e-02,4.165738e-02,1.559367e-03,6.695268e+00
2.283333e+01,9.280463e-01,2.762308e-02,4.277122e-02,1.559367e-03,6.731702e+00
2.300000e+01,9.273780e-01,2.806861e-02,4.254845e-02,2.004901e-03,6.769052e+00
2.316667e+01,9.271553e-01,2.740031e-02,4.210292e-02,3.341501e-03,6.807635e+00
2.333333e+01,9.258187e-01,2.829138e-02,4.232569e-02,3.564268e-03,6.840544e+00
2.350000e+01,9.240365e-01,2.895968e-02,4.321675e-02,3.787035e-03,6.860596e+00
2.366667e+01,9.233682e-01,2.895968e-02,4.343952e-02,4.232569e-03,6.881797e+00
2.383333e+01,9.229227e-01,2.918245e-02,4.343952e-02,4.455335e-03,6.905215e+00
2.400000e+01,9.220316e-01,2.962798e-02,4.388505e-02,4.455335e-03,6.926681e+00
2.416667e+01,9.204723e-01,3.096458e-02,4.343952e-02,5.123636e-03,6.949880e+00
2.433333e+01,9.193584e-01,3.163288e-02,4.321675e-02,5.791936e-03,6.975886e+00
2.450000e+01,9.169080e-01,3.386055e-02,4.299399e-02,6.237469e-03,6.999268e+00
2.466667e+01,9.149031e-01,3.475162e-02,4.366229e-02,6.683003e-03,7.018992e+00
2.483333e+01,9.131210e-01,3.586545e-02,4.343952e-02,7.574070e-03,7.037976e+00
2.500000e+01,9.111161e-01,3.720205e-02,4.343952e-02,8.242370e-03,7.056522e+00
2.516667e+01,9.086656e-01,3.920695e-02,4.366229e-02,8.465137e-03,7.071414e+00
2.533333e+01,9.077746e-01,3.987525e-02,4.388505e-02,8.465137e-03,7.085659e+00
2.550000e+01,9.044331e-01,4.188015e-02,4.433059e-02,9.356204e-03,7.102008e+00
2.566667e+01,9.026509e-01,4.165738e-02,4.588995e-02,9.801738e-03,7.121388e+00
2.583333e+01,9.006460e-01,4.188015e-02,4.767209e-02,9.801738e-03,7.140102e+00
2.600000e+01,8.986411e-01,4.254845e-02,4.744932e-02,1.136110e-02,7.160014e+00
2.616667e+01,8.968590e-01,4.299399e-02,4.856315e-02,1.158387e-02,7.184090e+00
2.633333e+01,8.948541e-01,4.343952e-02,4.967699e-02,1.202941e-02,7.200434e+00
2.650000e+01,8.939630e-01,4.410782e-02,4.856315e-02,1.336601e-02,7.217665e+00
2.666667e+01,8.908443e-01,4.678102e-02,4.789485e-02,1.447984e-02,7.235579e+00
2.683333e+01,8.883939e-01,4.744932e-02,4.923145e-02,1.492537e-02,7.248875e+00
2.700000e+01,8.859434e-01,4.856315e-02,4.967699e-02,1.581644e-02,7.259908e+00
2.716667e+01,8.839385e-01,4.989975e-02,4.900869e-02,1.715304e-02,7.271743e+00
2.733333e+01,8.823791e-01,4.923145e-02,5.034529e-02,1.804411e-02,7.281965e+00
2.750000e+01,8.797059e-01,5.012252e-02,5.145912e-02,1.871241e-02,7.289465e+00
2.766667e+01,8.763644e-01,5.168189e-02,5.257296e-02,1.938071e-02,7.296753e+00
2.783333e+01,8.741368e-01,5.212742e-02,5.368679e-02,2.004901e-02,7.304690e+00
2.800000e+01,8.716863e-01,5.279572e-02,5.502339e-02,2.049454e-02,7.312896e+00
2.816667e+01,8.687904e-01,5.435509e-02,5.591446e-02,2.094008e-02,7.320548e+00
2.833333e+01,8.670082e-01,5.480062e-02,5.613722e-02,2.205391e-02,7.329777e+00
2.850000e+01,8.650033e-01,5.591446e-02,5.591446e-02,2.316774e-02,7.339191e+00
2.866667e+01,8.627757e-01,5.680552e-02,5.591446e-02,2.450434e-02,7.346584e+00
2.883333e+01,8.607708e-01,5.680552e-02,5.725106e-02,2.517264e-02,7.353659e+00
2.900000e+01,8.583203e-01,5.836489e-02,5.680552e-02,2.650924e-02,7.357805e+00
2.916667e+01,8.572065e-01,5.725106e-02,5.791936e-02,2.762308e-02,7.362985e+00
2.933333e+01,8.552016e-01,5.747382e-02,5.881043e-02,2.851415e-02,7.366004e+00
2.950000e+01,8.518601e-01,5.858766e-02,6.014703e-02,2.940521e-02,7.368494e+00
2.966667e+01,8.491869e-01,6.014703e-02,6.036979e-02,3.029628e-02,7.370517e+00
2.983333e+01,8.467365e-01,6.081533e-02,6.036979e-02,3.207841e-02,7.373337e+00
3.000000e+01,8.451771e-01,6.059256e-02,6.192916e-02,3.230118e-02,7.376422e+00
3.016667e+01,8.429494e-01,6.036979e-02,6.304299e-02,3.363778e-02,7.377534e+00
3.033333e+01,8.407218e-01,6.081533e-02,6.482513e-02,3.363778e-02,7.381239e+00
3.050000e+01,8.378258e-01,6.282023e-02,6.460236e-02,3.475162e-02,7.384388e+00
3.066667e+01,8.358209e-01,6.282023e-02,6.504789e-02,3.631098e-02,7.390938e+00
3.083333e+01,8.329249e-01,6.393406e-02,6.638450e-02,3.675652e-02,7.396567e+00
3.100000e+01,8.306973e-01,6.460236e-02,6.571620e-02,3.898418e-02,7.399280e+00
3.116667e+01,8.284696e-01,6.549343e-02,6.705280e-02,3.898418e-02,7.404212e+00
3.133333e+01,8.266875e-01,6.549343e-02,6.749833e-02,4.032078e-02,7.404008e+00
3.150000e+01,8.242370e-01,6.616173e-02,6.861216e-02,4.098908e-02,7.406303e+00
3.166667e+01,8.222321e-01,6.660726e-02,6.905770e-02,4.210292e-02,7.406615e+00
3.183333e+01,8.200045e-01,6.727556e-02,7.017153e-02,4.254845e-02,7.407583e+00
3.200000e+01,8.168857e-01,6.838940e-02,7.173090e-02,4.299399e-02,7.407478e+00
3.216667e+01,8.126532e-01,7.061706e-02,7.329027e-02,4.343952e-02,7.408056e+00
3.233333e+01,8.099800e-01,7.128536e-02,7.484963e-02,4.388505e-02,7.409399e+00
3.250000e+01,8.073067e-01,7.150813e-02,7.618623e-02,4.499889e-02,7.411481e+00
3.266667e+01,8.050791e-01,7.061706e-02,7.819113e-02,4.611272e-02,7.414892e+00
3.283333e+01,8.024059e-01,7.195366e-02,7.819113e-02,4.744932e-02,7.416782e+00
3.300000e+01,8.010693e-01,7.128536e-02,7.863667e-02,4.900869e-02,7.416706e+00
3.316667e+01,7.981733e-01,7.306750e-02,7.908220e-02,4.967699e-02,7.414188e+00
3.333333e+01,7.961684e-01,7.284473e-02,7.908220e-02,5.190466e-02,7.409028e+00
3.350000e+01,7.932724e-01,7.329027e-02,8.086434e-02,5.257296e-02,7.403584e+00
3.366667e+01,7.914903e-01,7.217643e-02,8.309200e-02,5.324126e-02,7.392939e+00
3.383333e+01,7.892626e-01,7.262196e-02,8.376030e-02,5.435509e-02,7.382676e+00
3.400000e+01,7.870350e-01,7.262196e-02,8.598797e-02,5.435509e-02,7.373200e+00
3.416667e+01,7.845845e-01,7.329027e-02,8.732457e-02,5.480062e-02,7.363114e+00
3.433333e+01,7.825796e-01,7.440410e-02,8.777010e-02,5.524616e-02,7.356519e+00
3.450000e+01,7.801292e-01,7.440410e-02,8.977501e-02,5.569169e-02,7.351643e+00
3.466667e+01,7.774560e-01,7.507240e-02,9.133437e-02,5.613722e-02,7.348015e+00
3.483333e+01,7.752283e-01,7.574070e-02,9.200267e-02,5.702829e-02,7.346919e+00
3.500000e+01,7.732234e-01,7.618623e-02,9.289374e-02,5.769659e-02,7.347522e+00
3.516667e+01,7.714413e-01,7.640900e-02,9.400757e-02,5.814213e-02,7.348210e+00
3.533333e+01,7.698819e-01,7.596347e-02,9.489864e-02,5.925596e-02,7.349853e+00
3.550000e+01,7.676543e-01,7.596347e-02,9.668078e-02,5.970149e-02,7.353229e+00
3.566667e+01,7.645355e-01,7.663177e-02,9.757184e-02,6.126086e-02,7.356625e+00
3.583333e+01,7.625306e-01,7.596347e-02,9.935398e-02,6.215193e-02,7.363175e+00
3.600000e+01,7.607485e-01,7.484963e-02,1.011361e-01,6.326576e-02,7.368035e+00
3.616667e+01,7.580753e-01,7.418133e-02,1.026955e-01,6.504789e-02,7.374291e+00
3.633333e+01,7.569615e-01,7.395857e-02,1.031410e-01,6.593896e-02,7.381325e+00
3.650000e+01,7.547338e-01,7.462687e-02,1.040321e-01,6.660726e-02,7.385162e+00
3.666667e+01,7.527289e-01,7.529517e-02,1.044776e-01,6.749833e-02,7.389657e+00
3.683333e+01,7.502785e-01,7.551793e-02,1.053687e-01,6.883493e-02,7.396289e+00
3.700000e+01,7.478280e-01,7.707730e-02,1.049231e-01,7.017153e-02,7.403366e+00
3.716667e+01,7.458231e-01,7.774560e-02,1.053687e-01,7.106260e-02,7.410497e+00
3.733333e+01,7.431499e-01,7.796837e-02,1.071508e-01,7.173090e-02,7.417669e+00
3.750000e+01,7.402540e-01,7.952773e-02,1.078191e-01,7.239920e-02,7.426011e+00
3.766667e+01,7.371352e-01,7.908220e-02,1.098240e-01,7.395857e-02,7.437977e+00
3.783333e+01,7.349076e-01,7.975050e-02,1.104923e-01,7.484963e-02,7.452213e+00
3.800000e+01,7.333482e-01,7.975050e-02,1.109378e-01,7.596347e-02,7.465358e+00
3.816667e+01,7.304522e-01,7.997327e-02,1.124972e-01,7.707730e-02,7.479612e+00
3.833333e+01,7.286701e-01,7.930497e-02,1.136110e-01,7.841390e-02,7.494173e+00
3.850000e+01,7.259969e-01,8.019603e-02,1.136110e-01,8.019603e-02,7.509048e+00
3.866667e+01,7.224326e-01,8.264647e-02,1.131655e-01,8.175540e-02,7.523180e+00
3.883333e+01,7.204277e-01,8.197817e-02,1.138338e-01,8.376030e-02,7.537212e+00
3.900000e+01,7.182000e-01,8.220094e-02,1.142793e-01,8.531967e-02,7.550334e+00
3.916667e+01,7.141902e-01,8.286924e-02,1.156160e-01,8.732457e-02,7.562422e+00
3.933333e+01,7.112943e-01,8.309200e-02,1.167298e-01,8.888394e-02,7.575489e+00
3.950000e+01,7.081755e-01,8.442860e-02,1.167298e-01,9.066607e-02,7.587915e+00
3.966667e+01,7.061706e-01,8.442860e-02,1.173981e-01,9.200267e-02,7.600018e+00
3.983333e+01,7.039430e-01,8.420584e-02,1.178436e-01,9.400757e-02,7.611208e+00
4.000000e+01,7.021608e-01,8.331477e-02,1.182892e-01,9.623524e-02,7.623197e+00
4.016667e+01,6.974827e-01,8.576520e-02,1.180664e-01,9.868568e-02,7.633823e+00
4.033333e+01,6.950323e-01,8.487414e-02,1.205168e-01,9.957674e-02,7.642823e+00
4.050000e+01,6.914680e-01,8.598797e-02,1.216307e-01,1.009133e-01,7.650048e+00
4.066667e+01,6.887948e-01,8.554244e-02,1.225217e-01,1.031410e-01,7.658363e+00
4.083333e+01,6.863444e-01,8.531967e-02,1.229673e-01,1.053687e-01,7.666792e+00
4.100000e+01,6.827801e-01,8.665627e-02,1.234128e-01,1.071508e-01,7.674697e+00
4.116667e+01,6.796614e-01,8.732457e-02,1.238583e-01,1.091557e-01,7.681452e+00
4.133333e+01,6.754288e-01,8.710180e-02,1.258632e-01,1.116061e-01,7.687979e+00
4.150000e+01,6.723101e-01,8.777010e-02,1.258632e-01,1.140566e-01,7.693757e+00
4.166667e+01,6.696369e-01,8.821564e-02,1.265315e-01,1.156160e-01,7.698076e+00
4.183333e+01,6.662954e-01,8.910671e-02,1.265315e-01,1.180664e-01,7.700808e+00
4.200000e+01,6.618401e-01,8.977501e-02,1.292047e-01,1.191802e-01,7.704334e+00
4.216667e+01,6.596124e-01,8.932947e-02,1.296503e-01,1.214079e-01,7.707021e+00
4.233333e+01,6.560481e-01,9.022054e-02,1.292047e-01,1.245266e-01,7.711932e+00
4.250000e+01,6.524838e-01,9.177991e-02,1.292047e-01,1.265315e-01,7.716910e+00
4.266667e+01,6.509245e-01,8.955224e-02,1.318779e-01,1.276454e-01,7.719799e+00
4.283333e+01,6.469147e-01,9.177991e-02,1.323235e-01,1.289820e-01,7.723283e+00
4.300000e+01,6.437959e-01,9.133437e-02,1.332145e-01,1.316552e-01,7.728481e+00
4.316667e+01,6.402317e-01,9.356204e-02,1.318779e-01,1.343284e-01,7.734141e+00
4.333333e+01,6.368902e-01,9.601247e-02,1.307641e-01,1.363333e-01,7.738327e+00
4.350000e+01,6.339942e-01,9.712631e-02,1.303186e-01,1.385609e-01,7.741872e+00
4.366667e+01,6.306527e-01,9.645801e-02,1.325462e-01,1.403431e-01,7.745254e+00
4.383333e+01,6.275340e-01,9.690354e-02,1.334373e-01,1.421252e-01,7.747858e+00
4.400000e+01,6.228559e-01,9.757184e-02,1.354422e-01,1.441301e-01,7.750835e+00
4.416667e+01,6.197371e-01,9.801738e-02,1.367788e-01,1.454667e-01,7.754360e+00
4.433333e+01,6.152818e-01,9.913121e-02,1.374471e-01,1.481399e-01,7.758372e+00
4.450000e+01,6.117175e-01,1.000223e-01,1.383382e-01,1.499220e-01,7.763322e+00
4.466667e+01,6.088216e-01,1.002450e-01,1.394520e-01,1.514814e-01,7.767451e+00
4.483333e+01,6.061484e-01,9.957674e-02,1.403431e-01,1.539318e-01,7.772336e+00
4.500000e+01,6.019158e-01,1.018044e-01,1.385609e-01,1.577189e-01,7.778217e+00
4.516667e+01,5.974605e-01,1.035865e-01,1.385609e-01,1.603921e-01,7.783899e+00
4.533333e+01,5.941190e-01,1.024727e-01,1.401203e-01,1.632880e-01,7.787653e+00
4.550000e+01,5.898864e-01,1.035865e-01,1.405658e-01,1.659612e-01,7.790623e+00
4.566667e+01,5.867677e-01,1.042548e-01,1.412341e-01,1.677434e-01,7.792984e+00
4.583333e+01,5.825351e-01,1.055914e-01,1.410114e-01,1.708621e-01,7.795007e+00
4.600000e+01,5.787481e-01,1.064825e-01,1.412341e-01,1.735353e-01,7.797272e+00
4.616667e+01,5.758521e-01,1.047004e-01,1.412341e-01,1.782134e-01,7.798666e+00
4.633333e+01,5.738472e-01,1.049231e-01,1.414569e-01,1.797728e-01,7.799458e+00
4.650000e+01,5.705057e-01,1.062597e-01,1.421252e-01,1.811094e-01,7.798215e+00
4.666667e+01,5.676097e-01,1.062597e-01,1.427935e-01,1.833370e-01,7.797590e+00
4.683333e+01,5.624861e-01,1.096012e-01,1.414569e-01,1.864558e-01,7.797665e+00
4.700000e+01,5.573624e-01,1.120517e-01,1.423480e-01,1.882379e-01,7.797138e+00
4.716667e+01,5.540209e-01,1.127200e-01,1.430163e-01,1.902428e-01,7.794713e+00
4.733333e+01,5.511250e-01,1.107151e-01,1.465805e-01,1.915794e-01,7.792791e+00
4.750000e+01,5.473379e-01,1.116061e-01,1.456895e-01,1.953665e-01,7.791857e+00
4.766667e+01,5.439964e-01,1.118289e-01,1.456895e-01,1.984852e-01,7.792118e+00
4.783333e+01,5.411005e-01,1.111606e-01,1.479171e-01,1.998218e-01,7.790482e+00
4.800000e+01,5.373134e-01,1.127200e-01,1.476944e-01,2.022722e-01,7.787108e+00
4.816667e+01,5.319670e-01,1.149476e-01,1.485854e-01,2.044999e-01,7.784808e+00
4.833333e+01,5.275117e-01,1.162843e-01,1.505903e-01,2.056137e-01,7.781690e+00
4.850000e+01,5.235019e-01,1.158387e-01,1.528180e-01,2.078414e-01,7.778796e+00
4.866667e+01,5.199376e-01,1.169526e-01,1.530408e-01,2.100691e-01,7.777418e+00
4.883333e+01,5.161506e-01,1.176209e-01,1.537091e-01,2.125195e-01,7.775882e+00
4.900000e+01,5.099131e-01,1.207396e-01,1.550457e-01,2.143016e-01,7.774585e+00
4.916667e+01,5.047895e-01,1.238583e-01,1.543774e-01,2.169748e-01,7.772843e+00
4.933333e+01,5.010025e-01,1.231900e-01,1.574961e-01,2.183114e-01,7.771457e+00
4.950000e+01,4.985520e-01,1.220762e-01,1.599465e-01,2.194253e-01,7.769707e+00
4.966667e+01,4.947650e-01,1.229673e-01,1.608376e-01,2.214302e-01,7.768999e+00
4.983333e+01,4.918690e-01,1.229673e-01,1.623970e-01,2.227668e-01,7.769770e+00
