Time,U,I1,I2,D,Ve
0.000000e+00,9.997772e-01,0.000000e+00,2.227668e-04,0.000000e+00,-inf
1.666667e-01,9.997772e-01,0.000000e+00,2.227668e-04,0.000000e+00,-inf
3.333333e-01,9.997772e-01,0.000000e+00,2.227668e-04,0.000000e+00,-2.548184e+00
5.000000e-01,9.997772e-01,0.000000e+00,2.227668e-04,0.000000e+00,-2.213077e+00
6.666667e-01,9.997772e-01,0.000000e+00,2.227668e-04,0.000000e+00,-1.999405e+00
8.333333e-01,9.997772e-01,0.000000e+00,2.227668e-04,0.000000e+00,-1.833466e+00
1.000000e+00,9.997772e-01,0.000000e+00,2.227668e-04,0.000000e+00,-1.692246e+00
1.166667e+00,9.997772e-01,0.000000e+00,2.227668e-04,0.000000e+00,-1.565582e+00
1.333333e+00,9.997772e-01,0.000000e+00,2.227668e-04,0.000000e+00,-1.448132e+00
1.500000e+00,9.997772e-01,0.000000e+00,2.227668e-04,0.000000e+00,-1.336784e+00
1.666667e+00,9.997772e-01,0.000000e+00,2.227668e-04,0.000000e+00,-1.229599e+00
1.833333e+00,9.997772e-01,0.000000e+00,2.227668e-04,0.000000e+00,-1.125311e+00
2.000000e+00,9.997772e-01,0.000000e+00,2.227668e-04,0.000000e+00,-1.023066e+00
2.166667e+00,9.997772e-01,0.000000e+00,2.227668e-04,0.000000e+00,-9.222764e-01
2.333333e+00,9.997772e-01,0.000000e+00,2.227668e-04,0.000000e+00,-8.225313e-01
2.500000e+00,9.997772e-01,0.000000e+00,2.227668e-04,0.000000e+00,-7.235389e-01
2.666667e+00,9.997772e-01,0.000000e+00,2.227668e-04,0.000000e+00,-6.250911e-01
2.833333e+00,9.997772e-01,0.000000e+00,2.227668e-04,0.000000e+00,-5.270381e-01
3.000000e+00,9.997772e-01,0.000000e+00,2.227668e-04,0.000000e+00,-4.292722e-01
3.166667e+00,9.997772e-01,0.000000e+00,2.227668e-04,0.000000e+00,-3.317150e-01
3.333333e+00,9.997772e-01,0.000000e+00,2.227668e-04,0.000000e+00,-2.343098e-01
3.500000e+00,9.997772e-01,0.000000e+00,2.227668e-04,0.000000e+00,-1.370156e-01
3.666667e+00,9.997772e-01,0.000000e+00,2.227668e-04,0.000000e+00,-3.980230e-02
3.833333e+00,9.997772e-01,0.000000e+00,2.227668e-04,0.000000e+00,5.735192e-02
4.000000e+00,9.997772e-01,0.000000e+00,2.227668e-04,0.000000e+00,1.544630e-01
4.166667e+00,9.997772e-01,0.000000e+00,2.227668e-04,0.000000e+00,2.515425e-01
4.333333e+00,9.997772e-01,0.000000e+00,2.227668e-04,0.000000e+00,3.485989e-01
4.500000e+00,9.997772e-01,0.000000e+00,2.227668e-04,0.000000e+00,4.456384e-01
4.666667e+00,9.997772e-01,0.000000e+00,2.227668e-04,0.000000e+00,5.426655e-01
4.833333e+00,9.997772e-01,0.000000e+00,2.227668e-04,0.000000e+00,6.396834e-01
5.000000e+00,9.997772e-01,0.000000e+00,2.227668e-04,0.000000e+00,7.366945e-01
5.166667e+00,9.997772e-01,0.000000e+00,2.227668e-04,0.000000e+00,8.337004e-01
5.333333e+00,9.997772e-01,0.000000e+00,2.227668e-04,0.000000e+00,9.307025e-01
5.500000e+00,9.997772e-01,0.000000e+00,2.227668e-04,0.000000e+00,1.027701e+00
5.666667e+00,9.997772e-01,0.000000e+00,2.227668e-04,0.000000e+00,1.124698e+00
5.833333e+00,9.997772e-01,0.000000e+00,2.227668e-04,0.000000e+00,1.221692e+00
6.000000e+00,9.997772e-01,0.000000e+00,2.227668e-04,0.000000e+00,1.318684e+00
6.166667e+00,9.997772e-01,0.000000e+00,2.227668e-04,0.000000e+00,1.415674e+00
6.333333e+00,9.997772e-01,0.000000e+00,2.227668e-04,0.000000e+00,1.512662e+00
6.500000e+00,9.997772e-01,0.000000e+00,2.227668e-04,0.000000e+00,1.609648e+00
6.666667e+00,9.997772e-01,0.000000e+00,2.227668e-04,0.000000e+00,1.706630e+00
6.833333e+00,9.997772e-01,0.000000e+00,2.227668e-04,0.000000e+00,1.803610e+00
7.000000e+00,9.997772e-01,0.000000e+00,2.227668e-04,0.000000e+00,1.900585e+00
7.166667e+00,9.997772e-01,0.000000e+00,2.227668e-04,0.000000e+00,1.997555e+00
7.333333e+00,9.997772e-01,0.000000e+00,2.227668e-04,0.000000e+00,2.094518e+00
7.500000e+00,9.997772e-01,0.000000e+00,2.227668e-04,0.000000e+00,2.191474e+00
7.666667e+00,9.997772e-01,0.000000e+00,2.227668e-04,0.000000e+00,2.288420e+00
7.833333e+00,9.997772e-01,0.000000e+00,2.227668e-04,0.000000e+00,2.385353e+00
8.000000e+00,9.997772e-01,0.000000e+00,2.227668e-04,0.000000e+00,2.482272e+00
8.166667e+00,9.988862e-01,8.910671e-04,2.227668e-04,0.000000e+00,2.579171e+00
8.333333e+00,9.988862e-01,6.683003e-04,4.455335e-04,0.000000e+00,2.676046e+00
8.500000e+00,9.986634e-01,8.910671e-04,4.455335e-04,0.000000e+00,2.772891e+00
8.666667e+00,9.982179e-01,1.336601e-03,4.455335e-04,0.000000e+00,2.869701e+00
8.833333e+00,9.977723e-01,1.782134e-03,4.455335e-04,0.000000e+00,2.966464e+00
9.000000e+00,9.971040e-01,2.450434e-03,4.455335e-04,0.000000e+00,3.063169e+00
9.166667e+00,9.968813e-01,2.450434e-03,6.683003e-04,0.000000e+00,3.159801e+00
9.333333e+00,9.964357e-01,2.895968e-03,6.683003e-04,0.000000e+00,3.256342e+00
9.500000e+00,9.959902e-01,2.895968e-03,1.113834e-03,0.000000e+00,3.352771e+00
9.666667e+00,9.957674e-01,3.118735e-03,1.113834e-03,0.000000e+00,3.449059e+00
9.833333e+00,9.953219e-01,3.564268e-03,1.113834e-03,0.000000e+00,3.545173e+00
1.000000e+01,9.948764e-01,3.787035e-03,1.336601e-03,0.000000e+00,3.641070e+00
1.016667e+01,9.944308e-01,4.009802e-03,1.559367e-03,0.000000e+00,3.736695e+00
1.033333e+01,9.935398e-01,4.900869e-03,1.559367e-03,0.000000e+00,3.831987e+00
1.050000e+01,9.928715e-01,5.346402e-03,1.782134e-03,0.000000e+00,3.926864e+00
1.066667e+01,9.926487e-01,5.569169e-03,1.782134e-03,0.000000e+00,4.021230e+00
1.083333e+01,9.926487e-01,5.569169e-03,1.782134e-03,0.000000e+00,4.114966e+00
1.100000e+01,9.919804e-01,6.237469e-03,1.782134e-03,0.000000e+00,4.207931e+00
1.116667e+01,9.915349e-01,6.683003e-03,1.782134e-03,0.000000e+00,4.299955e+00
1.133333e+01,9.910893e-01,6.905770e-03,2.004901e-03,0.000000e+00,4.390838e+00
1.150000e+01,9.906438e-01,7.128536e-03,2.227668e-03,0.000000e+00,4.480347e+00
1.166667e+01,9.895300e-01,8.019603e-03,2.450434e-03,0.000000e+00,4.568213e+00
1.183333e+01,9.888617e-01,8.687904e-03,2.450434e-03,0.000000e+00,4.654138e+00
1.200000e+01,9.879706e-01,9.133437e-03,2.895968e-03,0.000000e+00,4.737786e+00
1.216667e+01,9.873023e-01,9.801738e-03,2.895968e-03,0.000000e+00,4.818802e+00
1.233333e+01,9.861885e-01,1.069280e-02,3.118735e-03,0.000000e+00,4.896819e+00
1.250000e+01,9.850746e-01,1.136110e-02,3.564268e-03,0.000000e+00,4.971474e+00
1.266667e+01,9.846291e-01,1.158387e-02,3.787035e-03,0.000000e+00,5.042426e+00
1.283333e+01,9.837380e-01,1.225217e-02,4.009802e-03,0.000000e+00,5.109374e+00
1.300000e+01,9.826242e-01,1.336601e-02,4.009802e-03,0.000000e+00,5.172071e+00
1.316667e+01,9.819559e-01,1.336601e-02,4.678102e-03,0.000000e+00,5.230343e+00
1.333333e+01,9.806193e-01,1.447984e-02,4.900869e-03,0.000000e+00,5.284097e+00
1.350000e+01,9.806193e-01,1.403431e-02,5.346402e-03,0.000000e+00,5.333319e+00
1.366667e+01,9.797282e-01,1.470261e-02,5.569169e-03,0.000000e+00,5.378074e+00
1.383333e+01,9.786144e-01,1.581644e-02,5.569169e-03,0.000000e+00,5.418492e+00
1.400000e+01,9.772778e-01,1.715304e-02,5.569169e-03,0.000000e+00,5.454756e+00
1.416667e+01,9.768323e-01,1.715304e-02,5.791936e-03,2.227668e-04,5.487089e+00
1.433333e+01,9.752729e-01,1.826687e-02,6.237469e-03,2.227668e-04,5.515736e+00
1.450000e+01,9.748274e-01,1.804411e-02,6.905770e-03,2.227668e-04,5.476239e+00
1.466667e+01,9.734908e-01,1.893517e-02,7.351303e-03,2.227668e-04,5.436768e+00
1.483333e+01,9.728225e-01,1.915794e-02,7.796837e-03,2.227668e-04,5.397338e+00
1.500000e+01,9.717086e-01,1.982624e-02,8.242370e-03,2.227668e-04,5.357960e+00
1.516667e+01,9.699265e-01,2.094008e-02,8.910671e-03,2.227668e-04,5.318650e+00
1.533333e+01,9.690354e-01,2.049454e-02,1.024727e-02,2.227668e-04,5.279435e+00
1.550000e+01,9.672533e-01,2.205391e-02,1.047004e-02,2.227668e-04,5.240349e+00
1.566667e+01,9.652484e-01,2.405881e-02,1.047004e-02,2.227668e-04,5.201449e+00
1.583333e+01,9.639118e-01,2.517264e-02,1.069280e-02,2.227668e-04,5.162792e+00
1.600000e+01,9.634663e-01,2.561818e-02,1.069280e-02,2.227668e-04,5.124467e+00
1.616667e+01,9.632435e-01,2.561818e-02,1.091557e-02,2.227668e-04,5.086596e+00
1.633333e+01,9.627980e-01,2.428158e-02,1.269771e-02,2.227668e-04,5.049338e+00
1.650000e+01,9.616841e-01,2.450434e-02,1.358877e-02,2.227668e-04,5.012913e+00
1.666667e+01,9.612386e-01,2.339051e-02,1.514814e-02,2.227668e-04,4.977778e+00
1.683333e+01,9.607930e-01,2.316774e-02,1.581644e-02,2.227668e-04,4.944710e+00
1.700000e+01,9.587881e-01,2.472711e-02,1.626197e-02,2.227668e-04,4.914887e+00
1.716667e+01,9.581198e-01,2.472711e-02,1.693027e-02,2.227668e-04,4.888317e+00
1.733333e+01,9.570060e-01,2.561818e-02,1.715304e-02,2.227668e-04,4.865936e+00
1.750000e+01,9.558922e-01,2.584094e-02,1.804411e-02,2.227668e-04,4.849239e+00
1.766667e+01,9.552239e-01,2.606371e-02,1.848964e-02,2.227668e-04,4.839121e+00
1.783333e+01,9.532190e-01,2.695478e-02,1.960348e-02,2.227668e-04,4.836869e+00
1.800000e+01,9.527734e-01,2.673201e-02,2.027178e-02,2.227668e-04,4.843630e+00
1.816667e+01,9.523279e-01,2.628648e-02,2.116284e-02,2.227668e-04,4.860744e+00
1.833333e+01,9.518824e-01,2.673201e-02,2.116284e-02,2.227668e-04,4.888275e+00
1.850000e+01,9.514368e-01,2.606371e-02,2.227668e-02,2.227668e-04,4.926200e+00
1.866667e+01,9.509913e-01,2.561818e-02,2.316774e-02,2.227668e-04,4.973979e+00
1.883333e+01,9.507685e-01,2.561818e-02,2.339051e-02,2.227668e-04,5.030771e+00
1.900000e+01,9.498775e-01,2.650924e-02,2.339051e-02,2.227668e-04,5.095219e+00
1.916667e+01,9.487636e-01,2.717755e-02,2.383604e-02,2.227668e-04,5.165954e+00
1.933333e+01,9.480953e-01,2.673201e-02,2.494988e-02,2.227668e-04,5.241627e+00
1.950000e+01,9.476498e-01,2.650924e-02,2.561818e-02,2.227668e-04,5.320988e+00
1.966667e+01,9.472043e-01,2.673201e-02,2.584094e-02,2.227668e-04,5.402939e+00
1.983333e+01,9.463132e-01,2.740031e-02,2.606371e-02,2.227668e-04,5.486527e+00
2.000000e+01,9.451994e-01,2.784585e-02,2.673201e-02,2.227668e-04,5.570966e+00
2.016667e+01,9.447538e-01,2.740031e-02,2.762308e-02,2.227668e-04,5.655465e+00
2.033333e+01,9.445311e-01,2.717755e-02,2.806861e-02,2.227668e-04,5.740161e+00
2.050000e+01,9.440855e-01,2.740031e-02,2.829138e-02,2.227668e-04,5.824571e+00
2.066667e+01,9.436400e-01,2.740031e-02,2.851415e-02,4.455335e-04,5.907132e+00
2.083333e+01,9.429717e-01,2.806861e-02,2.829138e-02,6.683003e-04,5.987542e+00
2.100000e+01,9.418579e-01,2.873691e-02,2.851415e-02,8.910671e-04,6.060461e+00
2.116667e+01,9.416351e-01,2.806861e-02,2.940521e-02,8.910671e-04,6.121793e+00
2.133333e+01,9.409668e-01,2.762308e-02,3.051905e-02,8.910671e-04,6.176836e+00
2.150000e+01,9.407440e-01,2.673201e-02,3.163288e-02,8.910671e-04,6.233581e+00
2.166667e+01,9.398530e-01,2.717755e-02,3.185565e-02,1.113834e-03,6.290777e+00
2.183333e+01,9.389619e-01,2.717755e-02,3.274671e-02,1.113834e-03,6.347732e+00
2.200000e+01,9.378481e-01,2.762308e-02,3.341501e-02,1.113834e-03,6.400787e+00
2.216667e+01,9.367342e-01,2.829138e-02,3.386055e-02,1.113834e-03,6.453782e+00
2.233333e+01,9.358432e-01,2.851415e-02,3.452885e-02,1.113834e-03,6.505933e+00
2.250000e+01,9.349521e-01,2.851415e-02,3.519715e-02,1.336601e-03,6.556916e+00
2.266667e+01,9.333927e-01,2.873691e-02,3.631098e-02,1.559367e-03,6.606544e+00
2.283333e+01,9.309423e-01,3.074181e-02,3.653375e-02,1.782134e-03,6.650084e+00
2.300000e+01,9.276008e-01,3.341501e-02,3.697928e-02,2.004901e-03,6.694205e+00
2.316667e+01,9.269325e-01,3.341501e-02,3.720205e-02,2.450434e-03,6.734880e+00
2.333333e+01,9.251504e-01,3.341501e-02,3.831588e-02,3.118735e-03,6.771974e+00
2.350000e+01,9.249276e-01,3.274671e-02,3.898418e-02,3.341501e-03,6.803768e+00
2.366667e+01,9.240365e-01,3.274671e-02,3.942972e-02,3.787035e-03,6.830561e+00
2.383333e+01,9.224772e-01,3.341501e-02,4.009802e-02,4.009802e-03,6.859430e+00
2.400000e+01,9.209178e-01,3.296948e-02,4.210292e-02,4.009802e-03,6.885071e+00
2.416667e+01,9.200267e-01,3.341501e-02,4.188015e-02,4.678102e-03,6.911261e+00
2.433333e+01,9.175763e-01,3.475162e-02,4.210292e-02,5.569169e-03,6.939968e+00
2.450000e+01,9.155714e-01,3.541992e-02,4.210292e-02,6.905770e-03,6.969058e+00
2.466667e+01,9.142348e-01,3.519715e-02,4.299399e-02,7.574070e-03,6.993098e+00
2.483333e+01,9.117844e-01,3.653375e-02,4.343952e-02,8.242370e-03,7.010478e+00
2.500000e+01,9.106705e-01,3.697928e-02,4.366229e-02,8.687904e-03,7.025543e+00
2.516667e+01,9.091112e-01,3.787035e-02,4.321675e-02,9.801738e-03,7.038807e+00
2.533333e+01,9.068835e-01,3.876142e-02,4.433059e-02,1.002450e-02,7.051953e+00
2.550000e+01,9.051014e-01,3.965248e-02,4.433059e-02,1.091557e-02,7.061904e+00
2.566667e+01,9.026509e-01,4.009802e-02,4.611272e-02,1.113834e-02,7.073776e+00
2.583333e+01,9.002005e-01,4.188015e-02,4.611272e-02,1.180664e-02,7.083599e+00
2.600000e+01,8.968590e-01,4.388505e-02,4.722655e-02,1.202941e-02,7.098445e+00
2.616667e+01,8.948541e-01,4.499889e-02,4.767209e-02,1.247494e-02,7.113004e+00
2.633333e+01,8.928492e-01,4.588995e-02,4.789485e-02,1.336601e-02,7.129134e+00
2.650000e+01,8.915126e-01,4.678102e-02,4.767209e-02,1.403431e-02,7.145776e+00
2.666667e+01,8.897305e-01,4.744932e-02,4.834039e-02,1.447984e-02,7.160136e+00
2.683333e+01,8.872800e-01,4.834039e-02,4.945422e-02,1.492537e-02,7.173998e+00
2.700000e+01,8.854979e-01,4.878592e-02,5.034529e-02,1.537091e-02,7.189421e+00
2.716667e+01,8.828247e-01,4.989975e-02,5.190466e-02,1.537091e-02,7.205228e+00
2.733333e+01,8.808198e-01,5.012252e-02,5.368679e-02,1.537091e-02,7.222009e+00
2.750000e+01,8.799287e-01,4.989975e-02,5.212742e-02,1.804411e-02,7.241138e+00
2.766667e+01,8.774783e-01,5.101359e-02,5.324126e-02,1.826687e-02,7.262184e+00
2.783333e+01,8.748051e-01,5.257296e-02,5.390956e-02,1.871241e-02,7.274734e+00
2.800000e+01,8.716863e-01,5.390956e-02,5.457786e-02,1.982624e-02,7.288527e+00
2.816667e+01,8.685676e-01,5.635999e-02,5.457786e-02,2.049454e-02,7.302211e+00
2.833333e+01,8.663399e-01,5.680552e-02,5.546892e-02,2.138561e-02,7.314594e+00
2.850000e+01,8.638895e-01,5.680552e-02,5.702829e-02,2.227668e-02,7.326176e+00
2.866667e+01,8.618846e-01,5.725106e-02,5.725106e-02,2.361328e-02,7.336176e+00
2.883333e+01,8.603252e-01,5.658276e-02,5.881043e-02,2.428158e-02,7.346016e+00
2.900000e+01,8.585431e-01,5.747382e-02,5.858766e-02,2.539541e-02,7.353589e+00
2.916667e+01,8.565382e-01,5.769659e-02,5.947873e-02,2.628648e-02,7.360799e+00
2.933333e+01,8.545333e-01,5.836489e-02,5.903319e-02,2.806861e-02,7.366722e+00
2.950000e+01,8.516373e-01,5.970149e-02,5.970149e-02,2.895968e-02,7.372657e+00
2.966667e+01,8.485186e-01,6.059256e-02,6.081533e-02,3.007351e-02,7.374747e+00
2.983333e+01,8.458454e-01,6.215193e-02,6.081533e-02,3.118735e-02,7.376121e+00
3.000000e+01,8.440633e-01,6.259746e-02,6.081533e-02,3.252395e-02,7.375870e+00
3.016667e+01,8.418356e-01,6.304299e-02,6.148363e-02,3.363778e-02,7.373781e+00
3.033333e+01,8.387169e-01,6.415683e-02,6.282023e-02,3.430608e-02,7.370199e+00
3.050000e+01,8.371575e-01,6.393406e-02,6.393406e-02,3.497438e-02,7.365626e+00
3.066667e+01,8.344843e-01,6.482513e-02,6.415683e-02,3.653375e-02,7.361072e+00
3.083333e+01,8.298062e-01,6.727556e-02,6.638450e-02,3.653375e-02,7.357674e+00
3.100000e+01,8.280241e-01,6.705280e-02,6.794386e-02,3.697928e-02,7.351152e+00
3.116667e+01,8.257964e-01,6.794386e-02,6.838940e-02,3.787035e-02,7.347545e+00
3.133333e+01,8.233460e-01,6.838940e-02,6.928046e-02,3.898418e-02,7.345468e+00
3.150000e+01,8.211183e-01,6.861216e-02,7.017153e-02,4.009802e-02,7.342706e+00
3.166667e+01,8.179996e-01,7.083983e-02,7.039430e-02,4.076632e-02,7.337865e+00
3.183333e+01,8.159947e-01,7.061706e-02,7.217643e-02,4.121185e-02,7.331643e+00
3.200000e+01,8.126532e-01,7.239920e-02,7.262196e-02,4.232569e-02,7.325458e+00
3.216667e+01,8.102027e-01,7.351303e-02,7.329027e-02,4.299399e-02,7.320259e+00
3.233333e+01,8.070840e-01,7.440410e-02,7.440410e-02,4.410782e-02,7.313065e+00
3.250000e+01,8.039652e-01,7.618623e-02,7.462687e-02,4.522165e-02,7.306311e+00
3.266667e+01,8.019603e-01,7.596347e-02,7.551793e-02,4.655825e-02,7.299494e+00
3.283333e+01,7.999554e-01,7.618623e-02,7.707730e-02,4.678102e-02,7.290980e+00
3.300000e+01,7.961684e-01,7.730007e-02,7.975050e-02,4.678102e-02,7.280027e+00
3.316667e+01,7.941635e-01,7.707730e-02,8.175540e-02,4.700379e-02,7.271372e+00
3.333333e+01,7.926041e-01,7.707730e-02,8.286924e-02,4.744932e-02,7.266203e+00
3.350000e+01,7.910448e-01,7.640900e-02,8.465137e-02,4.789485e-02,7.264095e+00
3.366667e+01,7.885943e-01,7.774560e-02,8.509690e-02,4.856315e-02,7.264050e+00
3.383333e+01,7.856984e-01,7.841390e-02,8.554244e-02,5.034529e-02,7.264935e+00
3.400000e+01,7.843618e-01,7.819113e-02,8.643350e-02,5.101359e-02,7.265836e+00
3.416667e+01,7.810203e-01,8.019603e-02,8.710180e-02,5.168189e-02,7.263855e+00
3.433333e+01,7.796837e-01,7.975050e-02,8.821564e-02,5.235019e-02,7.262479e+00
3.450000e+01,7.772332e-01,8.086434e-02,8.910671e-02,5.279572e-02,7.261463e+00
3.466667e+01,7.752283e-01,8.064157e-02,9.111161e-02,5.301849e-02,7.261577e+00
3.483333e+01,7.741145e-01,8.041880e-02,9.155714e-02,5.390956e-02,7.263965e+00
3.500000e+01,7.714413e-01,8.153264e-02,9.267097e-02,5.435509e-02,7.268983e+00
3.516667e+01,7.685453e-01,8.286924e-02,9.356204e-02,5.502339e-02,7.275557e+00
3.533333e+01,7.667632e-01,8.242370e-02,9.445311e-02,5.635999e-02,7.285368e+00
3.550000e+01,7.658721e-01,8.197817e-02,9.489864e-02,5.725106e-02,7.296183e+00
3.566667e+01,7.645355e-01,8.153264e-02,9.601247e-02,5.791936e-02,7.305800e+00
3.583333e+01,7.607485e-01,8.353754e-02,9.690354e-02,5.881043e-02,7.315570e+00
3.600000e+01,7.571842e-01,8.442860e-02,9.868568e-02,5.970149e-02,7.326747e+00
3.616667e+01,7.554021e-01,8.465137e-02,9.957674e-02,6.036979e-02,7.338287e+00
3.633333e+01,7.525061e-01,8.576520e-02,1.009133e-01,6.081533e-02,7.350934e+00
3.650000e+01,7.487191e-01,8.821564e-02,1.015816e-01,6.148363e-02,7.364533e+00
3.666667e+01,7.460459e-01,8.799287e-02,1.029182e-01,6.304299e-02,7.380316e+00
3.683333e+01,7.440410e-01,8.732457e-02,1.047004e-01,6.393406e-02,7.396673e+00
3.700000e+01,7.424816e-01,8.576520e-02,1.062597e-01,6.549343e-02,7.412619e+00
3.716667e+01,7.395857e-01,8.687904e-02,1.067053e-01,6.683003e-02,7.428948e+00
3.733333e+01,7.378035e-01,8.665627e-02,1.075963e-01,6.794386e-02,7.443841e+00
3.750000e+01,7.337937e-01,8.866117e-02,1.075963e-01,6.994876e-02,7.457719e+00
3.766667e+01,7.322344e-01,8.843840e-02,1.087102e-01,7.061706e-02,7.472570e+00
3.783333e+01,7.293384e-01,8.843840e-02,1.093785e-01,7.284473e-02,7.485111e+00
3.800000e+01,7.277790e-01,8.643350e-02,1.102695e-01,7.551793e-02,7.499831e+00
3.816667e+01,7.248830e-01,8.621074e-02,1.122744e-01,7.663177e-02,7.512337e+00
3.833333e+01,7.237692e-01,8.465137e-02,1.138338e-01,7.774560e-02,7.522412e+00
3.850000e+01,7.226554e-01,8.264647e-02,1.149476e-01,7.975050e-02,7.533387e+00
3.866667e+01,7.202049e-01,8.398307e-02,1.153932e-01,8.041880e-02,7.546129e+00
3.883333e+01,7.173090e-01,8.509690e-02,1.158387e-01,8.175540e-02,7.558126e+00
3.900000e+01,7.153041e-01,8.487414e-02,1.167298e-01,8.309200e-02,7.571353e+00
3.916667e+01,7.130764e-01,8.509690e-02,1.169526e-01,8.487414e-02,7.585237e+00
3.933333e+01,7.083983e-01,8.643350e-02,1.180664e-01,8.710180e-02,7.598882e+00
3.950000e+01,7.066162e-01,8.598797e-02,1.185119e-01,8.888394e-02,7.611283e+00
3.966667e+01,7.041657e-01,8.710180e-02,1.173981e-01,9.133437e-02,7.622558e+00
3.983333e+01,7.021608e-01,8.643350e-02,1.182892e-01,9.311651e-02,7.633983e+00
4.000000e+01,7.001559e-01,8.665627e-02,1.180664e-01,9.512141e-02,7.643741e+00
4.016667e+01,6.954778e-01,8.932947e-02,1.176209e-01,9.757184e-02,7.653106e+00
4.033333e+01,6.939185e-01,8.866117e-02,1.185119e-01,9.890844e-02,7.661297e+00
4.050000e+01,6.901314e-01,8.977501e-02,1.196258e-01,1.004678e-01,7.668692e+00
4.066667e+01,6.867899e-01,9.267097e-02,1.171753e-01,1.033638e-01,7.676198e+00
4.083333e+01,6.843395e-01,9.267097e-02,1.176209e-01,1.053687e-01,7.683592e+00
4.100000e+01,6.814435e-01,9.267097e-02,1.187347e-01,1.071508e-01,7.689292e+00
4.116667e+01,6.794386e-01,9.289374e-02,1.189575e-01,1.087102e-01,7.695855e+00
4.133333e+01,6.767654e-01,9.289374e-02,1.205168e-01,1.098240e-01,7.702535e+00
4.150000e+01,6.740922e-01,9.311651e-02,1.198485e-01,1.129427e-01,7.710052e+00
4.166667e+01,6.711963e-01,9.400757e-02,1.189575e-01,1.158387e-01,7.718101e+00
4.183333e+01,6.667409e-01,9.712631e-02,1.173981e-01,1.187347e-01,7.724480e+00
4.200000e+01,6.625084e-01,9.979951e-02,1.162843e-01,1.214079e-01,7.728623e+00
4.216667e+01,6.591669e-01,1.000223e-01,1.185119e-01,1.222990e-01,7.730789e+00
4.233333e+01,6.558254e-01,1.004678e-01,1.194030e-01,1.243039e-01,7.731863e+00
4.250000e+01,6.507017e-01,1.026955e-01,1.205168e-01,1.260860e-01,7.734665e+00
4.266667e+01,6.453553e-01,1.053687e-01,1.220762e-01,1.271998e-01,7.738145e+00
4.283333e+01,6.417910e-01,1.049231e-01,1.234128e-01,1.298730e-01,7.741732e+00
4.300000e+01,6.384495e-01,1.051459e-01,1.240811e-01,1.323235e-01,7.746767e+00
4.316667e+01,6.333259e-01,1.073736e-01,1.245266e-01,1.347739e-01,7.751380e+00
4.333333e+01,6.302072e-01,1.082646e-01,1.245266e-01,1.370016e-01,7.755562e+00
4.350000e+01,6.288706e-01,1.067053e-01,1.256405e-01,1.387837e-01,7.759625e+00
4.366667e+01,6.250835e-01,1.073736e-01,1.265315e-01,1.410114e-01,7.763804e+00
4.383333e+01,6.212965e-01,1.080419e-01,1.267543e-01,1.439073e-01,7.768471e+00
4.400000e+01,6.184005e-01,1.073736e-01,1.280909e-01,1.461350e-01,7.772709e+00
4.416667e+01,6.157273e-01,1.078191e-01,1.287592e-01,1.476944e-01,7.775853e+00
4.433333e+01,6.128314e-01,1.071508e-01,1.300958e-01,1.499220e-01,7.779138e+00
4.450000e+01,6.092671e-01,1.069280e-01,1.316552e-01,1.521497e-01,7.782642e+00
4.466667e+01,6.050345e-01,1.080419e-01,1.316552e-01,1.552684e-01,7.786552e+00
4.483333e+01,5.999109e-01,1.104923e-01,1.305413e-01,1.590555e-01,7.790756e+00
4.500000e+01,5.954556e-01,1.113834e-01,1.307641e-01,1.623970e-01,7.793342e+00
4.516667e+01,5.905547e-01,1.116061e-01,1.338828e-01,1.639563e-01,7.793741e+00
4.533333e+01,5.847628e-01,1.142793e-01,1.347739e-01,1.661840e-01,7.792007e+00
4.550000e+01,5.796391e-01,1.158387e-01,1.376699e-01,1.668523e-01,7.791285e+00
4.566667e+01,5.760748e-01,1.156160e-01,1.392292e-01,1.690800e-01,7.790946e+00
4.583333e+01,5.729561e-01,1.160615e-01,1.398975e-01,1.710849e-01,7.792672e+00
4.600000e+01,5.687235e-01,1.187347e-01,1.401203e-01,1.724215e-01,7.793929e+00
4.616667e+01,5.640454e-01,1.211851e-01,1.398975e-01,1.748719e-01,7.795389e+00
4.633333e+01,5.613722e-01,1.198485e-01,1.423480e-01,1.764313e-01,7.798164e+00
4.650000e+01,5.569169e-01,1.205168e-01,1.432390e-01,1.793272e-01,7.800312e+00
4.666667e+01,5.529071e-01,1.214079e-01,1.439073e-01,1.817777e-01,7.802593e+00
4.683333e+01,5.497884e-01,1.202941e-01,1.454667e-01,1.844509e-01,7.803207e+00
4.700000e+01,5.462241e-01,1.198485e-01,1.472488e-01,1.866785e-01,7.803679e+00
4.716667e+01,5.419915e-01,1.211851e-01,1.485854e-01,1.882379e-01,7.803773e+00
4.733333e+01,5.370907e-01,1.214079e-01,1.519269e-01,1.895745e-01,7.804091e+00
4.750000e+01,5.321898e-01,1.229673e-01,1.521497e-01,1.926933e-01,7.804933e+00
4.766667e+01,5.279572e-01,1.225217e-01,1.546001e-01,1.949209e-01,7.806321e+00
4.783333e+01,5.243930e-01,1.216307e-01,1.557140e-01,1.982624e-01,7.806195e+00
4.800000e+01,5.210515e-01,1.214079e-01,1.570506e-01,2.004901e-01,7.806196e+00
4.816667e+01,5.174872e-01,1.211851e-01,1.590555e-01,2.022722e-01,7.805465e+00
4.833333e+01,5.145912e-01,1.207396e-01,1.595010e-01,2.051682e-01,7.804921e+00
4.850000e+01,5.112497e-01,1.214079e-01,1.610604e-01,2.062820e-01,7.804680e+00
4.866667e+01,5.063489e-01,1.218534e-01,1.630653e-01,2.087325e-01,7.804026e+00
4.883333e+01,5.030074e-01,1.218534e-01,1.644019e-01,2.107374e-01,7.804310e+00
4.900000e+01,5.005569e-01,1.198485e-01,1.655157e-01,2.140789e-01,7.804795e+00
4.916667e+01,4.949877e-01,1.229673e-01,1.650702e-01,2.169748e-01,7.805204e+00
4.933333e+01,4.900869e-01,1.247494e-01,1.659612e-01,2.192025e-01,7.804564e+00
4.950000e+01,4.860771e-01,1.254177e-01,1.655157e-01,2.229895e-01,7.803724e+00
4.966667e+01,4.809534e-01,1.276454e-01,1.672978e-01,2.241034e-01,7.803450e+00
4.983333e+01,4.760526e-01,1.298730e-01,1.684117e-01,2.256627e-01,7.801804e+00
