Time,U,I1,I2,D,Ve
0.000000e+00,9.997772e-01,2.227668e-04,0.000000e+00,0.000000e+00,-inf
1.666667e-01,9.997772e-01,2.227668e-04,0.000000e+00,0.000000e+00,-inf
3.333333e-01,9.997772e-01,2.227668e-04,0.000000e+00,0.000000e+00,-inf
5.000000e-01,9.997772e-01,2.227668e-04,0.000000e+00,0.000000e+00,-inf
6.666667e-01,9.997772e-01,2.227668e-04,0.000000e+00,0.000000e+00,-inf
8.333333e-01,9.997772e-01,2.227668e-04,0.000000e+00,0.000000e+00,-inf
1.000000e+00,9.997772e-01,2.227668e-04,0.000000e+00,0.000000e+00,-inf
1.166667e+00,9.997772e-01,2.227668e-04,0.000000e+00,0.000000e+00,-inf
1.333333e+00,9.997772e-01,2.227668e-04,0.000000e+00,0.000000e+00,-inf
1.500000e+00,9.997772e-01,2.227668e-04,0.000000e+00,0.000000e+00,-inf
1.666667e+00,9.997772e-01,2.227668e-04,0.000000e+00,0.000000e+00,-inf
1.833333e+00,9.997772e-01,2.227668e-04,0.000000e+00,0.000000e+00,-inf
2.000000e+00,9.997772e-01,2.227668e-04,0.000000e+00,0.000000e+00,-inf
2.166667e+00,9.997772e-01,2.227668e-04,0.000000e+00,0.000000e+00,-inf
2.333333e+00,9.997772e-01,2.227668e-04,0.000000e+00,0.000000e+00,-inf
2.500000e+00,9.997772e-01,2.227668e-04,0.000000e+00,0.000000e+00,-inf
2.666667e+00,9.997772e-01,2.227668e-04,0.000000e+00,0.000000e+00,-inf
2.833333e+00,9.997772e-01,2.227668e-04,0.000000e+00,0.000000e+00,-inf
3.000000e+00,9.997772e-01,2.227668e-04,0.000000e+00,0.000000e+00,-inf
3.166667e+00,9.997772e-01,2.227668e-04,0.000000e+00,0.000000e+00,-inf
3.333333e+00,9.997772e-01,2.227668e-04,0.000000e+00,0.000000e+00,-inf
3.500000e+00,9.997772e-01,2.227668e-04,0.000000e+00,0.000000e+00,-inf
3.666667e+00,9.997772e-01,2.227668e-04,0.000000e+00,0.000000e+00,-inf
3.833333e+00,9.997772e-01,2.227668e-04,0.000000e+00,0.000000e+00,-inf
4.000000e+00,9.997772e-01,2.227668e-04,0.000000e+00,0.000000e+00,-inf
4.166667e+00,9.997772e-01,2.227668e-04,0.000000e+00,0.000000e+00,-inf
4.333333e+00,9.997772e-01,2.227668e-04,0.000000e+00,0.000000e+00,-inf
4.500000e+00,9.997772e-01,2.227668e-04,0.000000e+00,0.000000e+00,-inf
4.666667e+00,9.997772e-01,2.227668e-04,0.000000e+00,0.000000e+00,-inf
4.833333e+00,9.997772e-01,2.227668e-04,0.000000e+00,0.000000e+00,-inf
5.000000e+00,9.997772e-01,2.227668e-04,0.000000e+00,0.000000e+00,-inf
5.166667e+00,9.997772e-01,2.227668e-04,0.000000e+00,0.000000e+00,-inf
5.333333e+00,9.997772e-01,2.227668e-04,0.000000e+00,0.000000e+00,-inf
5.500000e+00,9.997772e-01,2.227668e-04,0.000000e+00,0.000000e+00,-inf
5.666667e+00,9.997772e-01,2.227668e-04,0.000000e+00,0.000000e+00,-inf
5.833333e+00,9.997772e-01,2.227668e-04,0.000000e+00,0.000000e+00,-inf
6.000000e+00,9.997772e-01,2.227668e-04,0.000000e+00,0.000000e+00,-inf
6.166667e+00,9.997772e-01,2.227668e-04,0.000000e+00,0.000000e+00,-inf
6.333333e+00,9.997772e-01,2.227668e-04,0.000000e+00,0.000000e+00,-inf
6.500000e+00,9.997772e-01,2.227668e-04,0.000000e+00,0.000000e+00,-inf
6.666667e+00,9.997772e-01,2.227668e-04,0.000000e+00,0.000000e+00,-inf
6.833333e+00,9.997772e-01,2.227668e-04,0.000000e+00,0.000000e+00,-inf
7.000000e+00,9.997772e-01,2.227668e-04,0.000000e+00,0.000000e+00,-inf
7.166667e+00,9.997772e-01,2.227668e-04,0.000000e+00,0.000000e+00,-inf
7.333333e+00,9.997772e-01,2.227668e-04,0.000000e+00,0.000000e+00,-inf
7.500000e+00,9.997772e-01,2.227668e-04,0.000000e+00,0.000000e+00,-inf
7.666667e+00,9.997772e-01,2.227668e-04,0.000000e+00,0.000000e+00,-inf
7.833333e+00,9.997772e-01,2.227668e-04,0.000000e+00,0.000000e+00,-inf
8.000000e+00,9.997772e-01,2.227668e-04,0.000000e+00,0.000000e+00,-inf
8.166667e+00,9.997772e-01,2.227668e-04,0.000000e+00,0.000000e+00,-inf
8.333333e+00,9.997772e-01,2.227668e-04,0.000000e+00,0.000000e+00,-inf
8.500000e+00,9.997772e-01,2.227668e-04,0.000000e+00,0.000000e+00,-inf
8.666667e+00,9.997772e-01,2.227668e-04,0.000000e+00,0.000000e+00,-inf
8.833333e+00,9.997772e-01,2.227668e-04,0.000000e+00,0.000000e+00,-inf
9.000000e+00,9.997772e-01,0.000000e+00,2.227668e-04,0.000000e+00,-inf
9.166667e+00,9.997772e-01,0.000000e+00,2.227668e-04,0.000000e+00,-inf
9.333333e+00,9.993317e-01,4.455335e-04,2.227668e-04,0.000000e+00,2.686151e+00
9.500000e+00,9.988862e-01,8.910671e-04,2.227668e-04,0.000000e+00,3.020736e+00
9.666667e+00,9.986634e-01,8.910671e-04,4.455335e-04,0.000000e+00,3.233749e+00
9.833333e+00,9.982179e-01,1.336601e-03,4.455335e-04,0.000000e+00,3.398858e+00
1.000000e+01,9.971040e-01,2.450434e-03,4.455335e-04,0.000000e+00,3.539031e+00
1.016667e+01,9.968813e-01,2.673201e-03,4.455335e-04,0.000000e+00,3.664379e+00
1.033333e+01,9.964357e-01,3.118735e-03,4.455335e-04,0.000000e+00,3.780176e+00
1.050000e+01,9.955447e-01,3.787035e-03,6.683003e-04,0.000000e+00,3.889456e+00
1.066667e+01,9.946536e-01,4.678102e-03,6.683003e-04,0.000000e+00,3.994060e+00
1.083333e+01,9.937625e-01,5.569169e-03,6.683003e-04,0.000000e+00,4.095138e+00
1.100000e+01,9.930942e-01,6.237469e-03,6.683003e-04,0.000000e+00,4.193400e+00
1.116667e+01,9.917576e-01,7.574070e-03,6.683003e-04,0.000000e+00,4.289263e+00
1.133333e+01,9.913121e-01,8.019603e-03,6.683003e-04,0.000000e+00,4.382940e+00
1.150000e+01,9.904210e-01,8.910671e-03,6.683003e-04,0.000000e+00,4.474487e+00
1.166667e+01,9.895300e-01,9.801738e-03,6.683003e-04,0.000000e+00,4.563844e+00
1.183333e+01,9.888617e-01,9.801738e-03,1.336601e-03,0.000000e+00,4.650860e+00
1.200000e+01,9.877478e-01,1.024727e-02,2.004901e-03,0.000000e+00,4.735310e+00
1.216667e+01,9.873023e-01,1.047004e-02,2.227668e-03,0.000000e+00,4.816918e+00
1.233333e+01,9.859657e-01,1.180664e-02,2.227668e-03,0.000000e+00,4.895373e+00
1.250000e+01,9.855202e-01,1.225217e-02,2.227668e-03,0.000000e+00,4.970353e+00
1.266667e+01,9.844063e-01,1.314324e-02,2.450434e-03,0.000000e+00,5.041546e+00
1.283333e+01,9.839608e-01,1.358877e-02,2.450434e-03,0.000000e+00,5.108671e+00
1.300000e+01,9.826242e-01,1.381154e-02,3.564268e-03,0.000000e+00,5.171500e+00
1.316667e+01,9.824014e-01,1.381154e-02,3.787035e-03,0.000000e+00,5.229870e+00
1.333333e+01,9.815104e-01,1.403431e-02,4.455335e-03,0.000000e+00,5.283696e+00
1.350000e+01,9.803965e-01,1.470261e-02,4.900869e-03,0.000000e+00,5.332972e+00
1.366667e+01,9.799510e-01,1.514814e-02,4.900869e-03,0.000000e+00,5.377765e+00
1.383333e+01,9.792827e-01,1.514814e-02,5.569169e-03,0.000000e+00,5.418208e+00
1.400000e+01,9.781689e-01,1.537091e-02,6.460236e-03,0.000000e+00,5.454487e+00
1.416667e+01,9.768323e-01,1.626197e-02,6.905770e-03,0.000000e+00,5.486825e+00
1.433333e+01,9.761640e-01,1.648474e-02,7.128536e-03,2.227668e-04,5.515469e+00
1.450000e+01,9.746046e-01,1.782134e-02,7.351303e-03,2.227668e-04,5.540677e+00
1.466667e+01,9.739363e-01,1.804411e-02,7.796837e-03,2.227668e-04,5.501126e+00
1.483333e+01,9.723769e-01,1.915794e-02,8.242370e-03,2.227668e-04,5.461584e+00
1.500000e+01,9.714859e-01,1.982624e-02,8.465137e-03,2.227668e-04,5.422053e+00
1.516667e+01,9.708176e-01,2.049454e-02,8.465137e-03,2.227668e-04,5.382537e+00
1.533333e+01,9.694810e-01,2.049454e-02,9.801738e-03,2.227668e-04,5.343039e+00
1.550000e+01,9.683671e-01,2.116284e-02,1.024727e-02,2.227668e-04,5.303567e+00
1.566667e+01,9.668078e-01,2.138561e-02,1.158387e-02,2.227668e-04,5.264129e+00
1.583333e+01,9.654712e-01,2.183114e-02,1.247494e-02,2.227668e-04,5.224738e+00
1.600000e+01,9.650256e-01,2.160838e-02,1.314324e-02,2.227668e-04,5.185437e+00
1.616667e+01,9.632435e-01,2.316774e-02,1.336601e-02,2.227668e-04,5.146235e+00
1.633333e+01,9.614613e-01,2.450434e-02,1.381154e-02,2.227668e-04,5.107202e+00
1.650000e+01,9.603475e-01,2.494988e-02,1.447984e-02,2.227668e-04,5.068365e+00
1.666667e+01,9.594564e-01,2.472711e-02,1.559367e-02,2.227668e-04,5.029795e+00
1.683333e+01,9.587881e-01,2.472711e-02,1.626197e-02,2.227668e-04,4.991591e+00
1.700000e+01,9.583426e-01,2.428158e-02,1.715304e-02,2.227668e-04,4.953908e+00
1.716667e+01,9.570060e-01,2.517264e-02,1.759857e-02,2.227668e-04,4.916941e+00
1.733333e+01,9.550011e-01,2.673201e-02,1.804411e-02,2.227668e-04,4.880930e+00
1.750000e+01,9.545556e-01,2.628648e-02,1.893517e-02,2.227668e-04,4.846190e+00
1.766667e+01,9.545556e-01,2.561818e-02,1.960348e-02,2.227668e-04,4.813162e+00
1.783333e+01,9.529962e-01,2.650924e-02,2.027178e-02,2.227668e-04,4.783314e+00
1.800000e+01,9.525507e-01,2.650924e-02,2.071731e-02,2.227668e-04,4.756966e+00
1.816667e+01,9.518824e-01,2.628648e-02,2.160838e-02,2.227668e-04,4.734868e+00
1.833333e+01,9.507685e-01,2.717755e-02,2.183114e-02,2.227668e-04,4.718564e+00
1.850000e+01,9.496547e-01,2.762308e-02,2.249944e-02,2.227668e-04,4.710298e+00
1.866667e+01,9.487636e-01,2.784585e-02,2.316774e-02,2.227668e-04,4.710225e+00
1.883333e+01,9.483181e-01,2.762308e-02,2.383604e-02,2.227668e-04,4.719692e+00
1.900000e+01,9.476498e-01,2.695478e-02,2.517264e-02,2.227668e-04,4.739394e+00
1.916667e+01,9.469815e-01,2.717755e-02,2.561818e-02,2.227668e-04,4.769967e+00
1.933333e+01,9.456449e-01,2.806861e-02,2.606371e-02,2.227668e-04,4.811034e+00
1.950000e+01,9.449766e-01,2.873691e-02,2.606371e-02,2.227668e-04,4.862517e+00
1.966667e+01,9.440855e-01,2.940521e-02,2.628648e-02,2.227668e-04,4.922723e+00
1.983333e+01,9.434172e-01,2.962798e-02,2.673201e-02,2.227668e-04,4.990393e+00
2.000000e+01,9.431945e-01,2.851415e-02,2.806861e-02,2.227668e-04,5.064206e+00
2.016667e+01,9.425262e-01,2.873691e-02,2.851415e-02,2.227668e-04,5.142881e+00
2.033333e+01,9.420806e-01,2.851415e-02,2.918245e-02,2.227668e-04,5.225678e+00
2.050000e+01,9.414123e-01,2.851415e-02,2.985075e-02,2.227668e-04,5.311086e+00
2.066667e+01,9.405213e-01,2.895968e-02,3.029628e-02,2.227668e-04,5.398278e+00
2.083333e+01,9.402985e-01,2.740031e-02,3.207841e-02,2.227668e-04,5.486576e+00
2.100000e+01,9.398530e-01,2.717755e-02,3.274671e-02,2.227668e-04,5.575374e+00
2.116667e+01,9.394074e-01,2.606371e-02,3.430608e-02,2.227668e-04,5.664180e+00
2.133333e+01,9.389619e-01,2.539541e-02,3.541992e-02,2.227668e-04,5.753132e+00
2.150000e+01,9.371798e-01,2.695478e-02,3.564268e-02,2.227668e-04,5.842535e+00
2.166667e+01,9.371798e-01,2.606371e-02,3.653375e-02,2.227668e-04,5.930333e+00
2.183333e+01,9.362887e-01,2.584094e-02,3.764758e-02,2.227668e-04,6.016310e+00
2.200000e+01,9.351749e-01,2.606371e-02,3.831588e-02,4.455335e-04,6.100259e+00
2.216667e+01,9.349521e-01,2.584094e-02,3.876142e-02,4.455335e-04,6.182043e+00
2.233333e+01,9.338383e-01,2.650924e-02,3.898418e-02,6.683003e-04,6.259155e+00
2.250000e+01,9.327244e-01,2.673201e-02,3.987525e-02,6.683003e-04,6.334137e+00
2.266667e+01,9.309423e-01,2.762308e-02,4.076632e-02,6.683003e-04,6.401925e+00
2.283333e+01,9.296057e-01,2.806861e-02,4.165738e-02,6.683003e-04,6.468381e+00
2.300000e+01,9.280463e-01,2.873691e-02,4.232569e-02,8.910671e-04,6.533085e+00
2.316667e+01,9.276008e-01,2.873691e-02,4.277122e-02,8.910671e-04,6.595750e+00
2.333333e+01,9.264870e-01,2.895968e-02,4.343952e-02,1.113834e-03,6.657379e+00
2.350000e+01,9.253731e-01,2.806861e-02,4.544442e-02,1.113834e-03,6.716533e+00
2.366667e+01,9.249276e-01,2.784585e-02,4.566719e-02,1.559367e-03,6.770644e+00
2.383333e+01,9.247048e-01,2.740031e-02,4.611272e-02,1.782134e-03,6.822987e+00
2.400000e+01,9.240365e-01,2.740031e-02,4.544442e-02,3.118735e-03,6.871986e+00
2.416667e+01,9.231455e-01,2.740031e-02,4.633549e-02,3.118735e-03,6.917953e+00
2.433333e+01,9.202495e-01,2.962798e-02,4.655825e-02,3.564268e-03,6.950193e+00
2.450000e+01,9.182446e-01,3.051905e-02,4.700379e-02,4.232569e-03,6.983538e+00
2.466667e+01,9.164625e-01,3.207841e-02,4.655825e-02,4.900869e-03,7.015567e+00
2.483333e+01,9.146803e-01,3.207841e-02,4.767209e-02,5.569169e-03,7.043061e+00
2.500000e+01,9.124527e-01,3.341501e-02,4.767209e-02,6.460236e-03,7.069103e+00
2.516667e+01,9.108933e-01,3.475162e-02,4.722655e-02,7.128536e-03,7.092451e+00
2.533333e+01,9.095567e-01,3.497438e-02,4.811762e-02,7.351303e-03,7.113004e+00
2.550000e+01,9.066607e-01,3.720205e-02,4.834039e-02,7.796837e-03,7.131105e+00
2.566667e+01,9.051014e-01,3.831588e-02,4.789485e-02,8.687904e-03,7.151105e+00
2.583333e+01,9.026509e-01,4.054355e-02,4.789485e-02,8.910671e-03,7.170092e+00
2.600000e+01,9.006460e-01,4.143462e-02,4.834039e-02,9.578971e-03,7.185440e+00
2.616667e+01,8.981956e-01,4.299399e-02,4.856315e-02,1.024727e-02,7.201642e+00
2.633333e+01,8.955224e-01,4.499889e-02,4.834039e-02,1.113834e-02,7.217273e+00
2.650000e+01,8.921809e-01,4.744932e-02,4.900869e-02,1.136110e-02,7.232061e+00
2.666667e+01,8.901760e-01,4.811762e-02,4.989975e-02,1.180664e-02,7.244841e+00
2.683333e+01,8.883939e-01,4.834039e-02,4.989975e-02,1.336601e-02,7.258745e+00
2.700000e+01,8.863890e-01,4.923145e-02,4.945422e-02,1.492537e-02,7.275337e+00
2.716667e+01,8.832702e-01,5.123636e-02,4.945422e-02,1.603921e-02,7.287755e+00
2.733333e+01,8.805970e-01,5.123636e-02,5.145912e-02,1.670751e-02,7.296581e+00
2.750000e+01,8.785921e-01,5.235019e-02,5.123636e-02,1.782134e-02,7.303996e+00
2.766667e+01,8.759189e-01,5.346402e-02,5.212742e-02,1.848964e-02,7.311863e+00
2.783333e+01,8.732457e-01,5.324126e-02,5.390956e-02,1.960348e-02,7.319416e+00
2.800000e+01,8.703497e-01,5.524616e-02,5.346402e-02,2.094008e-02,7.327517e+00
2.816667e+01,8.676765e-01,5.680552e-02,5.346402e-02,2.205391e-02,7.336278e+00
2.833333e+01,8.656716e-01,5.858766e-02,5.257296e-02,2.316774e-02,7.343781e+00
2.850000e+01,8.632212e-01,5.925596e-02,5.368679e-02,2.383604e-02,7.349852e+00
2.866667e+01,8.607708e-01,5.992426e-02,5.346402e-02,2.584094e-02,7.354624e+00
2.883333e+01,8.580976e-01,6.148363e-02,5.301849e-02,2.740031e-02,7.360524e+00
2.900000e+01,8.558699e-01,6.215193e-02,5.413232e-02,2.784585e-02,7.364211e+00
2.916667e+01,8.534195e-01,6.282023e-02,5.502339e-02,2.873691e-02,7.366377e+00
2.933333e+01,8.509690e-01,6.393406e-02,5.546892e-02,2.962798e-02,7.370897e+00
2.950000e+01,8.476275e-01,6.571620e-02,5.613722e-02,3.051905e-02,7.374761e+00
2.966667e+01,8.438405e-01,6.883493e-02,5.546892e-02,3.185565e-02,7.378372e+00
2.983333e+01,8.407218e-01,6.928046e-02,5.702829e-02,3.296948e-02,7.381138e+00
3.000000e+01,8.389396e-01,6.883493e-02,5.881043e-02,3.341501e-02,7.381615e+00
3.016667e+01,8.362664e-01,6.972600e-02,5.970149e-02,3.430608e-02,7.380169e+00
3.033333e+01,8.347071e-01,6.950323e-02,6.014703e-02,3.564268e-02,7.380346e+00
3.050000e+01,8.315883e-01,7.106260e-02,6.081533e-02,3.653375e-02,7.380297e+00
3.066667e+01,8.291379e-01,7.150813e-02,6.215193e-02,3.720205e-02,7.378067e+00
3.083333e+01,8.269102e-01,7.128536e-02,6.437959e-02,3.742482e-02,7.375014e+00
3.100000e+01,8.249053e-01,7.150813e-02,6.571620e-02,3.787035e-02,7.372715e+00
3.116667e+01,8.213411e-01,7.284473e-02,6.727556e-02,3.853865e-02,7.373434e+00
3.133333e+01,8.184451e-01,7.418133e-02,6.838940e-02,3.898418e-02,7.375039e+00
3.150000e+01,8.155491e-01,7.484963e-02,6.950323e-02,4.009802e-02,7.376194e+00
3.166667e+01,8.133215e-01,7.507240e-02,7.061706e-02,4.098908e-02,7.378552e+00
3.183333e+01,8.113166e-01,7.395857e-02,7.306750e-02,4.165738e-02,7.380151e+00
3.200000e+01,8.090889e-01,7.351303e-02,7.440410e-02,4.299399e-02,7.381494e+00
3.216667e+01,8.075295e-01,7.284473e-02,7.618623e-02,4.343952e-02,7.382667e+00
3.233333e+01,8.039652e-01,7.418133e-02,7.707730e-02,4.477612e-02,7.381077e+00
3.250000e+01,8.019603e-01,7.306750e-02,7.908220e-02,4.588995e-02,7.380634e+00
3.266667e+01,7.995099e-01,7.395857e-02,7.997327e-02,4.655825e-02,7.379028e+00
3.283333e+01,7.972822e-01,7.484963e-02,7.997327e-02,4.789485e-02,7.375348e+00
3.300000e+01,7.950546e-01,7.418133e-02,8.220094e-02,4.856315e-02,7.371234e+00
3.316667e+01,7.928269e-01,7.551793e-02,8.264647e-02,4.900869e-02,7.364502e+00
3.333333e+01,7.899309e-01,7.529517e-02,8.509690e-02,4.967699e-02,7.358287e+00
3.350000e+01,7.881488e-01,7.551793e-02,8.665627e-02,4.967699e-02,7.353014e+00
3.366667e+01,7.868122e-01,7.462687e-02,8.710180e-02,5.145912e-02,7.349206e+00
3.383333e+01,7.845845e-01,7.484963e-02,8.910671e-02,5.145912e-02,7.347996e+00
3.400000e+01,7.816886e-01,7.484963e-02,9.177991e-02,5.168189e-02,7.342343e+00
3.416667e+01,7.783471e-01,7.551793e-02,9.333927e-02,5.279572e-02,7.339503e+00
3.433333e+01,7.758966e-01,7.529517e-02,9.445311e-02,5.435509e-02,7.339000e+00
3.450000e+01,7.741145e-01,7.529517e-02,9.556694e-02,5.502339e-02,7.337834e+00
3.466667e+01,7.716641e-01,7.618623e-02,9.623524e-02,5.591446e-02,7.334506e+00
3.483333e+01,7.687681e-01,7.618623e-02,9.824014e-02,5.680552e-02,7.331952e+00
3.500000e+01,7.663177e-01,7.685453e-02,9.979951e-02,5.702829e-02,7.329454e+00
3.516667e+01,7.638672e-01,7.640900e-02,1.020272e-01,5.769659e-02,7.328212e+00
3.533333e+01,7.614168e-01,7.730007e-02,1.029182e-01,5.836489e-02,7.330755e+00
3.550000e+01,7.603030e-01,7.752283e-02,1.031410e-01,5.903319e-02,7.334420e+00
3.566667e+01,7.567387e-01,7.863667e-02,1.047004e-01,5.992426e-02,7.338741e+00
3.583333e+01,7.536200e-01,7.975050e-02,1.064825e-01,6.014703e-02,7.343992e+00
3.600000e+01,7.520606e-01,7.952773e-02,1.078191e-01,6.059256e-02,7.349483e+00
3.616667e+01,7.502785e-01,7.997327e-02,1.084874e-01,6.126086e-02,7.358354e+00
3.633333e+01,7.480508e-01,7.997327e-02,1.093785e-01,6.259746e-02,7.368105e+00
3.650000e+01,7.453776e-01,8.108710e-02,1.098240e-01,6.371129e-02,7.378599e+00
3.666667e+01,7.427044e-01,8.064157e-02,1.120517e-01,6.460236e-02,7.387975e+00
3.683333e+01,7.402540e-01,8.130987e-02,1.124972e-01,6.593896e-02,7.397338e+00
3.700000e+01,7.362442e-01,8.286924e-02,1.138338e-01,6.705280e-02,7.407936e+00
3.716667e+01,7.337937e-01,8.286924e-02,1.151704e-01,6.816663e-02,7.418351e+00
3.733333e+01,7.311205e-01,8.442860e-02,1.158387e-01,6.861216e-02,7.428692e+00
3.750000e+01,7.295611e-01,8.465137e-02,1.165070e-01,6.928046e-02,7.439132e+00
3.766667e+01,7.271107e-01,8.420584e-02,1.182892e-01,7.039430e-02,7.451759e+00
3.783333e+01,7.246603e-01,8.487414e-02,1.178436e-01,7.262196e-02,7.465637e+00
3.800000e+01,7.213188e-01,8.420584e-02,1.209624e-01,7.351303e-02,7.479729e+00
3.816667e+01,7.188683e-01,8.465137e-02,1.209624e-01,7.551793e-02,7.492393e+00
3.833333e+01,7.153041e-01,8.509690e-02,1.225217e-01,7.707730e-02,7.506172e+00
3.850000e+01,7.124081e-01,8.465137e-02,1.236356e-01,7.930497e-02,7.519481e+00
3.866667e+01,7.095121e-01,8.576520e-02,1.240811e-01,8.064157e-02,7.532300e+00
3.883333e+01,7.077300e-01,8.487414e-02,1.263088e-01,8.108710e-02,7.543905e+00
3.900000e+01,7.052796e-01,8.420584e-02,1.271998e-01,8.331477e-02,7.555699e+00
3.916667e+01,7.028291e-01,8.509690e-02,1.260860e-01,8.598797e-02,7.569575e+00
3.933333e+01,6.999332e-01,8.598797e-02,1.271998e-01,8.687904e-02,7.583026e+00
3.950000e+01,6.985966e-01,8.420584e-02,1.289820e-01,8.821564e-02,7.593961e+00
3.966667e+01,6.950323e-01,8.487414e-02,1.298730e-01,9.022054e-02,7.606758e+00
3.983333e+01,6.932502e-01,8.286924e-02,1.307641e-01,9.311651e-02,7.620093e+00
4.000000e+01,6.901314e-01,8.398307e-02,1.303186e-01,9.556694e-02,7.632271e+00
4.016667e+01,6.883493e-01,8.286924e-02,1.307641e-01,9.801738e-02,7.643080e+00
4.033333e+01,6.856761e-01,8.309200e-02,1.321007e-01,9.913121e-02,7.653316e+00
4.050000e+01,6.827801e-01,8.331477e-02,1.316552e-01,1.022499e-01,7.663176e+00
4.066667e+01,6.805525e-01,8.376030e-02,1.314324e-01,1.042548e-01,7.674602e+00
4.083333e+01,6.774337e-01,8.353754e-02,1.327690e-01,1.062597e-01,7.683527e+00
4.100000e+01,6.716418e-01,8.554244e-02,1.349967e-01,1.078191e-01,7.692109e+00
4.116667e+01,6.685231e-01,8.665627e-02,1.356650e-01,1.091557e-01,7.700324e+00
4.133333e+01,6.647360e-01,8.754734e-02,1.356650e-01,1.120517e-01,7.708834e+00
4.150000e+01,6.609490e-01,8.910671e-02,1.365560e-01,1.133883e-01,7.718268e+00
4.166667e+01,6.587213e-01,8.799287e-02,1.372243e-01,1.160615e-01,7.727089e+00
4.183333e+01,6.544888e-01,8.999777e-02,1.361105e-01,1.194030e-01,7.736757e+00
4.200000e+01,6.507017e-01,9.088884e-02,1.352194e-01,1.231900e-01,7.745148e+00
4.216667e+01,6.473602e-01,9.111161e-02,1.356650e-01,1.258632e-01,7.752367e+00
4.233333e+01,6.446870e-01,9.111161e-02,1.363333e-01,1.278681e-01,7.757117e+00
4.250000e+01,6.415683e-01,9.177991e-02,1.372243e-01,1.294275e-01,7.760900e+00
4.266667e+01,6.384495e-01,9.177991e-02,1.381154e-01,1.316552e-01,7.764946e+00
4.283333e+01,6.346625e-01,9.289374e-02,1.390065e-01,1.334373e-01,7.769803e+00
4.300000e+01,6.306527e-01,9.400757e-02,1.392292e-01,1.361105e-01,7.774301e+00
4.316667e+01,6.264201e-01,9.578971e-02,1.374471e-01,1.403431e-01,7.779700e+00
4.333333e+01,6.230786e-01,9.645801e-02,1.385609e-01,1.419024e-01,7.784380e+00
4.350000e+01,6.195144e-01,9.779461e-02,1.365560e-01,1.461350e-01,7.785799e+00
4.366667e+01,6.161729e-01,9.757184e-02,1.372243e-01,1.490310e-01,7.788017e+00
4.383333e+01,6.119403e-01,9.890844e-02,1.394520e-01,1.496993e-01,7.787781e+00
4.400000e+01,6.079305e-01,1.004678e-01,1.390065e-01,1.525952e-01,7.787111e+00
4.416667e+01,6.048118e-01,1.018044e-01,1.387837e-01,1.546001e-01,7.789336e+00
4.433333e+01,6.014703e-01,1.029182e-01,1.394520e-01,1.561595e-01,7.791725e+00
4.450000e+01,5.983515e-01,1.026955e-01,1.403431e-01,1.586099e-01,7.794210e+00
4.466667e+01,5.954556e-01,1.029182e-01,1.403431e-01,1.612831e-01,7.797747e+00
4.483333e+01,5.912230e-01,1.049231e-01,1.398975e-01,1.639563e-01,7.801063e+00
4.500000e+01,5.867677e-01,1.064825e-01,1.401203e-01,1.666295e-01,7.803714e+00
4.516667e+01,5.845400e-01,1.060370e-01,1.403431e-01,1.690800e-01,7.805394e+00
4.533333e+01,5.800847e-01,1.073736e-01,1.405658e-01,1.719759e-01,7.806332e+00
4.550000e+01,5.778570e-01,1.067053e-01,1.407886e-01,1.746491e-01,7.806974e+00
4.566667e+01,5.738472e-01,1.084874e-01,1.414569e-01,1.762085e-01,7.806985e+00
4.583333e+01,5.682780e-01,1.104923e-01,1.427935e-01,1.784362e-01,7.806377e+00
4.600000e+01,5.642682e-01,1.107151e-01,1.443529e-01,1.806638e-01,7.806435e+00
4.616667e+01,5.613722e-01,1.107151e-01,1.459122e-01,1.820004e-01,7.807259e+00
4.633333e+01,5.564714e-01,1.122744e-01,1.461350e-01,1.851192e-01,7.807527e+00
4.650000e+01,5.529071e-01,1.120517e-01,1.479171e-01,1.871241e-01,7.809220e+00
4.666667e+01,5.493428e-01,1.118289e-01,1.503676e-01,1.884607e-01,7.809704e+00
4.683333e+01,5.466696e-01,1.118289e-01,1.505903e-01,1.909111e-01,7.810914e+00
4.700000e+01,5.439964e-01,1.109378e-01,1.519269e-01,1.931388e-01,7.812937e+00
4.716667e+01,5.402094e-01,1.111606e-01,1.534863e-01,1.951437e-01,7.814099e+00
4.733333e+01,5.366451e-01,1.107151e-01,1.550457e-01,1.975941e-01,7.815355e+00
4.750000e+01,5.326353e-01,1.111606e-01,1.566050e-01,1.995990e-01,7.817136e+00
4.766667e+01,5.297394e-01,1.104923e-01,1.568278e-01,2.029405e-01,7.819017e+00
4.783333e+01,5.261751e-01,1.107151e-01,1.572733e-01,2.058365e-01,7.821061e+00
4.800000e+01,5.223881e-01,1.104923e-01,1.579416e-01,2.091780e-01,7.821208e+00
4.816667e+01,5.168189e-01,1.140566e-01,1.579416e-01,2.111829e-01,7.820463e+00
4.833333e+01,5.141457e-01,1.147249e-01,1.568278e-01,2.143016e-01,7.818819e+00
4.850000e+01,5.090221e-01,1.169526e-01,1.579416e-01,2.160838e-01,7.817099e+00
4.866667e+01,5.030074e-01,1.189575e-01,1.597238e-01,2.183114e-01,7.814453e+00
4.883333e+01,4.985520e-01,1.191802e-01,1.623970e-01,2.198708e-01,7.812409e+00
4.900000e+01,4.940967e-01,1.205168e-01,1.619514e-01,2.234351e-01,7.811226e+00
4.916667e+01,4.903096e-01,1.207396e-01,1.635108e-01,2.254400e-01,7.810893e+00
4.933333e+01,4.851860e-01,1.234128e-01,1.630653e-01,2.283359e-01,7.808961e+00
4.950000e+01,4.807307e-01,1.249722e-01,1.635108e-01,2.307864e-01,7.807690e+00
4.966667e+01,4.778347e-01,1.247494e-01,1.652929e-01,2.321230e-01,7.805521e+00
4.983333e+01,4.736021e-01,1.260860e-01,1.659612e-01,2.343506e-01,7.804138e+00
