Time,U,I1,I2,D,Ve
0.000000e+00,9.997772e-01,2.227668e-04,0.000000e+00,0.000000e+00,-inf
1.666667e-01,9.997772e-01,0.000000e+00,2.227668e-04,0.000000e+00,-inf
3.333333e-01,9.997772e-01,0.000000e+00,2.227668e-04,0.000000e+00,-inf
5.000000e-01,9.997772e-01,0.000000e+00,2.227668e-04,0.000000e+00,-2.451160e+00
6.666667e-01,9.997772e-01,0.000000e+00,2.227668e-04,0.000000e+00,-2.116057e+00
8.333333e-01,9.997772e-01,0.000000e+00,2.227668e-04,0.000000e+00,-1.902391e+00
1.000000e+00,9.997772e-01,0.000000e+00,2.227668e-04,0.000000e+00,-1.736454e+00
1.166667e+00,9.997772e-01,0.000000e+00,2.227668e-04,0.000000e+00,-1.595237e+00
1.333333e+00,9.997772e-01,0.000000e+00,2.227668e-04,0.000000e+00,-1.468574e+00
1.500000e+00,9.997772e-01,0.000000e+00,2.227668e-04,0.000000e+00,-1.351125e+00
1.666667e+00,9.997772e-01,0.000000e+00,2.227668e-04,0.000000e+00,-1.239779e+00
1.833333e+00,9.997772e-01,0.000000e+00,2.227668e-04,0.000000e+00,-1.132596e+00
2.000000e+00,9.997772e-01,0.000000e+00,2.227668e-04,0.000000e+00,-1.028309e+00
2.166667e+00,9.997772e-01,0.000000e+00,2.227668e-04,0.000000e+00,-9.260656e-01
2.333333e+00,9.997772e-01,0.000000e+00,2.227668e-04,0.000000e+00,-8.252774e-01
2.500000e+00,9.997772e-01,0.000000e+00,2.227668e-04,0.000000e+00,-7.255332e-01
2.666667e+00,9.997772e-01,0.000000e+00,2.227668e-04,0.000000e+00,-6.265415e-01
2.833333e+00,9.997772e-01,0.000000e+00,2.227668e-04,0.000000e+00,-5.280942e-01
3.000000e+00,9.997772e-01,0.000000e+00,2.227668e-04,0.000000e+00,-4.300416e-01
3.166667e+00,9.997772e-01,0.000000e+00,2.227668e-04,0.000000e+00,-3.322760e-01
3.333333e+00,9.997772e-01,0.000000e+00,2.227668e-04,0.000000e+00,-2.347190e-01
3.500000e+00,9.997772e-01,0.000000e+00,2.227668e-04,0.000000e+00,-1.373141e-01
3.666667e+00,9.997772e-01,0.000000e+00,2.227668e-04,0.000000e+00,-4.002016e-02
3.833333e+00,9.997772e-01,0.000000e+00,2.227668e-04,0.000000e+00,5.719293e-02
4.000000e+00,9.997772e-01,0.000000e+00,2.227668e-04,0.000000e+00,1.543469e-01
4.166667e+00,9.997772e-01,0.000000e+00,2.227668e-04,0.000000e+00,2.514578e-01
4.333333e+00,9.997772e-01,0.000000e+00,2.227668e-04,0.000000e+00,3.485371e-01
4.500000e+00,9.997772e-01,0.000000e+00,2.227668e-04,0.000000e+00,4.455933e-01
4.666667e+00,9.997772e-01,0.000000e+00,2.227668e-04,0.000000e+00,5.426325e-01
4.833333e+00,9.997772e-01,0.000000e+00,2.227668e-04,0.000000e+00,6.396593e-01
5.000000e+00,9.997772e-01,0.000000e+00,2.227668e-04,0.000000e+00,7.366769e-01
5.166667e+00,9.997772e-01,0.000000e+00,2.227668e-04,0.000000e+00,8.336876e-01
5.333333e+00,9.997772e-01,0.000000e+00,2.227668e-04,0.000000e+00,9.306931e-01
5.500000e+00,9.997772e-01,0.000000e+00,2.227668e-04,0.000000e+00,1.027695e+00
5.666667e+00,9.997772e-01,0.000000e+00,2.227668e-04,0.000000e+00,1.124693e+00
5.833333e+00,9.997772e-01,0.000000e+00,2.227668e-04,0.000000e+00,1.221688e+00
6.000000e+00,9.997772e-01,0.000000e+00,2.227668e-04,0.000000e+00,1.318682e+00
6.166667e+00,9.997772e-01,0.000000e+00,2.227668e-04,0.000000e+00,1.415672e+00
6.333333e+00,9.995545e-01,2.227668e-04,2.227668e-04,0.000000e+00,1.512661e+00
6.500000e+00,9.995545e-01,2.227668e-04,2.227668e-04,0.000000e+00,1.609647e+00
6.666667e+00,9.993317e-01,4.455335e-04,2.227668e-04,0.000000e+00,1.706630e+00
6.833333e+00,9.993317e-01,4.455335e-04,2.227668e-04,0.000000e+00,1.803609e+00
7.000000e+00,9.993317e-01,4.455335e-04,2.227668e-04,0.000000e+00,1.900584e+00
7.166667e+00,9.993317e-01,4.455335e-04,2.227668e-04,0.000000e+00,1.997554e+00
7.333333e+00,9.991089e-01,6.683003e-04,2.227668e-04,0.000000e+00,2.094518e+00
7.500000e+00,9.991089e-01,6.683003e-04,2.227668e-04,0.000000e+00,2.191474e+00
7.666667e+00,9.991089e-01,4.455335e-04,4.455335e-04,0.000000e+00,2.288420e+00
7.833333e+00,9.988862e-01,6.683003e-04,4.455335e-04,0.000000e+00,2.385353e+00
8.000000e+00,9.988862e-01,6.683003e-04,4.455335e-04,0.000000e+00,2.482278e+00
8.166667e+00,9.982179e-01,1.336601e-03,4.455335e-04,0.000000e+00,2.579182e+00
8.333333e+00,9.979951e-01,1.559367e-03,4.455335e-04,0.000000e+00,2.676060e+00
8.500000e+00,9.975496e-01,1.782134e-03,6.683003e-04,0.000000e+00,2.772908e+00
8.666667e+00,9.975496e-01,1.782134e-03,6.683003e-04,0.000000e+00,2.869718e+00
8.833333e+00,9.966585e-01,2.673201e-03,6.683003e-04,0.000000e+00,2.966483e+00
9.000000e+00,9.966585e-01,2.673201e-03,6.683003e-04,0.000000e+00,3.063189e+00
9.166667e+00,9.966585e-01,2.673201e-03,6.683003e-04,0.000000e+00,3.159821e+00
9.333333e+00,9.959902e-01,3.341501e-03,6.683003e-04,0.000000e+00,3.256363e+00
9.500000e+00,9.955447e-01,3.787035e-03,6.683003e-04,0.000000e+00,3.352792e+00
9.666667e+00,9.944308e-01,4.900869e-03,6.683003e-04,0.000000e+00,3.449079e+00
9.833333e+00,9.942081e-01,5.123636e-03,6.683003e-04,0.000000e+00,3.545192e+00
1.000000e+01,9.939853e-01,5.346402e-03,6.683003e-04,0.000000e+00,3.641087e+00
1.016667e+01,9.937625e-01,5.346402e-03,8.910671e-04,0.000000e+00,3.736712e+00
1.033333e+01,9.930942e-01,5.791936e-03,1.113834e-03,0.000000e+00,3.832002e+00
1.050000e+01,9.926487e-01,6.014703e-03,1.336601e-03,0.000000e+00,3.926878e+00
1.066667e+01,9.922032e-01,6.237469e-03,1.559367e-03,0.000000e+00,4.021243e+00
1.083333e+01,9.915349e-01,6.905770e-03,1.559367e-03,0.000000e+00,4.114978e+00
1.100000e+01,9.906438e-01,7.574070e-03,1.782134e-03,0.000000e+00,4.207943e+00
1.116667e+01,9.899755e-01,8.019603e-03,2.004901e-03,0.000000e+00,4.299968e+00
1.133333e+01,9.890844e-01,8.687904e-03,2.227668e-03,0.000000e+00,4.390851e+00
1.150000e+01,9.886389e-01,8.910671e-03,2.450434e-03,0.000000e+00,4.480361e+00
1.166667e+01,9.877478e-01,9.356204e-03,2.895968e-03,0.000000e+00,4.568227e+00
1.183333e+01,9.866340e-01,1.024727e-02,3.118735e-03,0.000000e+00,4.654151e+00
1.200000e+01,9.848519e-01,1.202941e-02,3.118735e-03,0.000000e+00,4.737800e+00
1.216667e+01,9.844063e-01,1.225217e-02,3.341501e-03,0.000000e+00,4.818817e+00
1.233333e+01,9.835153e-01,1.269771e-02,3.787035e-03,0.000000e+00,4.896835e+00
1.250000e+01,9.832925e-01,1.269771e-02,4.009802e-03,0.000000e+00,4.971491e+00
1.266667e+01,9.821787e-01,1.336601e-02,4.455335e-03,0.000000e+00,5.042444e+00
1.283333e+01,9.819559e-01,1.358877e-02,4.455335e-03,0.000000e+00,5.109391e+00
1.300000e+01,9.808421e-01,1.425707e-02,4.900869e-03,0.000000e+00,5.172087e+00
1.316667e+01,9.797282e-01,1.514814e-02,5.123636e-03,0.000000e+00,5.230358e+00
1.333333e+01,9.788372e-01,1.559367e-02,5.569169e-03,0.000000e+00,5.284112e+00
1.350000e+01,9.779461e-01,1.603921e-02,6.014703e-03,0.000000e+00,5.333335e+00
1.366667e+01,9.768323e-01,1.670751e-02,6.460236e-03,0.000000e+00,5.378096e+00
1.383333e+01,9.768323e-01,1.648474e-02,6.460236e-03,2.227668e-04,5.418565e+00
1.400000e+01,9.761640e-01,1.626197e-02,7.351303e-03,2.227668e-04,5.454880e+00
1.416667e+01,9.757184e-01,1.626197e-02,7.796837e-03,2.227668e-04,5.415451e+00
1.433333e+01,9.748274e-01,1.670751e-02,8.242370e-03,2.227668e-04,5.376073e+00
1.450000e+01,9.737135e-01,1.737581e-02,8.687904e-03,2.227668e-04,5.336765e+00
1.466667e+01,9.728225e-01,1.782134e-02,9.133437e-03,2.227668e-04,5.297551e+00
1.483333e+01,9.719314e-01,1.804411e-02,9.801738e-03,2.227668e-04,5.258481e+00
1.500000e+01,9.712631e-01,1.848964e-02,1.002450e-02,2.227668e-04,5.219594e+00
1.516667e+01,9.708176e-01,1.826687e-02,1.069280e-02,2.227668e-04,5.180954e+00
1.533333e+01,9.703720e-01,1.759857e-02,1.180664e-02,2.227668e-04,5.142659e+00
1.550000e+01,9.690354e-01,1.826687e-02,1.247494e-02,2.227668e-04,5.104825e+00
1.566667e+01,9.668078e-01,2.027178e-02,1.269771e-02,2.227668e-04,5.067656e+00
1.583333e+01,9.663622e-01,2.049454e-02,1.292047e-02,2.227668e-04,5.031354e+00
1.600000e+01,9.654712e-01,2.138561e-02,1.292047e-02,2.227668e-04,4.996214e+00
1.616667e+01,9.643573e-01,2.227668e-02,1.314324e-02,2.227668e-04,4.962630e+00
1.633333e+01,9.639118e-01,2.205391e-02,1.381154e-02,2.227668e-04,4.931113e+00
1.650000e+01,9.630207e-01,2.227668e-02,1.447984e-02,2.227668e-04,4.902313e+00
1.666667e+01,9.621297e-01,2.249944e-02,1.514814e-02,2.227668e-04,4.877780e+00
1.683333e+01,9.616841e-01,2.227668e-02,1.581644e-02,2.227668e-04,4.857995e+00
1.700000e+01,9.607930e-01,2.316774e-02,1.581644e-02,2.227668e-04,4.844051e+00
1.716667e+01,9.601247e-01,2.361328e-02,1.603921e-02,2.227668e-04,4.839120e+00
1.733333e+01,9.596792e-01,2.383604e-02,1.626197e-02,2.227668e-04,4.842701e+00
1.750000e+01,9.590109e-01,2.405881e-02,1.670751e-02,2.227668e-04,4.855721e+00
1.766667e+01,9.578971e-01,2.517264e-02,1.670751e-02,2.227668e-04,4.878738e+00
1.783333e+01,9.563377e-01,2.673201e-02,1.670751e-02,2.227668e-04,4.911819e+00
1.800000e+01,9.552239e-01,2.717755e-02,1.737581e-02,2.227668e-04,4.954518e+00
1.816667e+01,9.543328e-01,2.717755e-02,1.826687e-02,2.227668e-04,5.005937e+00
1.833333e+01,9.529962e-01,2.806861e-02,1.871241e-02,2.227668e-04,5.065018e+00
1.850000e+01,9.523279e-01,2.806861e-02,1.938071e-02,2.227668e-04,5.130250e+00
1.866667e+01,9.514368e-01,2.851415e-02,1.982624e-02,2.227668e-04,5.200140e+00
1.883333e+01,9.509913e-01,2.717755e-02,2.160838e-02,2.227668e-04,5.273378e+00
1.900000e+01,9.498775e-01,2.784585e-02,2.205391e-02,2.227668e-04,5.348758e+00
1.916667e+01,9.487636e-01,2.829138e-02,2.272221e-02,2.227668e-04,5.474002e+00
1.933333e+01,9.485409e-01,2.740031e-02,2.383604e-02,2.227668e-04,5.583275e+00
1.950000e+01,9.474270e-01,2.762308e-02,2.472711e-02,2.227668e-04,5.680712e+00
1.966667e+01,9.467587e-01,2.740031e-02,2.561818e-02,2.227668e-04,5.769412e+00
1.983333e+01,9.467587e-01,2.717755e-02,2.584094e-02,2.227668e-04,5.851363e+00
2.000000e+01,9.447538e-01,2.873691e-02,2.606371e-02,4.455335e-04,5.928058e+00
2.016667e+01,9.434172e-01,2.962798e-02,2.650924e-02,4.455335e-04,6.000294e+00
2.033333e+01,9.425262e-01,2.940521e-02,2.740031e-02,6.683003e-04,6.065904e+00
2.050000e+01,9.418579e-01,2.918245e-02,2.806861e-02,8.910671e-04,6.133137e+00
2.066667e+01,9.409668e-01,2.962798e-02,2.851415e-02,8.910671e-04,6.183823e+00
2.083333e+01,9.398530e-01,3.074181e-02,2.851415e-02,8.910671e-04,6.230979e+00
2.100000e+01,9.394074e-01,2.895968e-02,3.074181e-02,8.910671e-04,6.279760e+00
2.116667e+01,9.378481e-01,2.940521e-02,3.163288e-02,1.113834e-03,6.329482e+00
2.133333e+01,9.369570e-01,2.962798e-02,3.207841e-02,1.336601e-03,6.387043e+00
2.150000e+01,9.365115e-01,2.940521e-02,3.274671e-02,1.336601e-03,6.438760e+00
2.166667e+01,9.358432e-01,2.985075e-02,3.274671e-02,1.559367e-03,6.485412e+00
2.183333e+01,9.347293e-01,3.029628e-02,3.341501e-02,1.559367e-03,6.531410e+00
2.200000e+01,9.338383e-01,3.096458e-02,3.341501e-02,1.782134e-03,6.571454e+00
2.216667e+01,9.333927e-01,3.074181e-02,3.386055e-02,2.004901e-03,6.611733e+00
2.233333e+01,9.320561e-01,3.118735e-02,3.475162e-02,2.004901e-03,6.647597e+00
2.250000e+01,9.300512e-01,3.274671e-02,3.497438e-02,2.227668e-03,6.680652e+00
2.266667e+01,9.291602e-01,3.296948e-02,3.475162e-02,3.118735e-03,6.719230e+00
2.283333e+01,9.269325e-01,3.475162e-02,3.497438e-02,3.341501e-03,6.754609e+00
2.300000e+01,9.251504e-01,3.564268e-02,3.541992e-02,3.787035e-03,6.780861e+00
2.316667e+01,9.229227e-01,3.697928e-02,3.608822e-02,4.009802e-03,6.806199e+00
2.333333e+01,9.220316e-01,3.697928e-02,3.697928e-02,4.009802e-03,6.830188e+00
2.350000e+01,9.198040e-01,3.898418e-02,3.697928e-02,4.232569e-03,6.854130e+00
2.366667e+01,9.189129e-01,3.876142e-02,3.809312e-02,4.232569e-03,6.881031e+00
2.383333e+01,9.175763e-01,3.965248e-02,3.831588e-02,4.455335e-03,6.910247e+00
2.400000e+01,9.151259e-01,4.032078e-02,3.965248e-02,4.900869e-03,6.942125e+00
2.416667e+01,9.137893e-01,4.054355e-02,3.987525e-02,5.791936e-03,6.973126e+00
2.433333e+01,9.108933e-01,4.299399e-02,4.009802e-02,6.014703e-03,7.001832e+00
2.450000e+01,9.100022e-01,4.210292e-02,4.165738e-02,6.237469e-03,7.025216e+00
2.466667e+01,9.086656e-01,4.254845e-02,4.232569e-02,6.460236e-03,7.048779e+00
2.483333e+01,9.066607e-01,4.366229e-02,4.277122e-02,6.905770e-03,7.073425e+00
2.500000e+01,9.053241e-01,4.366229e-02,4.343952e-02,7.574070e-03,7.097889e+00
2.516667e+01,9.030965e-01,4.455335e-02,4.388505e-02,8.465137e-03,7.120952e+00
2.533333e+01,9.017599e-01,4.433059e-02,4.477612e-02,9.133437e-03,7.143121e+00
2.550000e+01,9.002005e-01,4.388505e-02,4.611272e-02,9.801738e-03,7.161171e+00
2.566667e+01,8.984184e-01,4.499889e-02,4.566719e-02,1.091557e-02,7.179427e+00
2.583333e+01,8.957452e-01,4.678102e-02,4.522165e-02,1.225217e-02,7.197253e+00
2.600000e+01,8.939630e-01,4.744932e-02,4.588995e-02,1.269771e-02,7.210143e+00
2.616667e+01,8.919581e-01,4.811762e-02,4.611272e-02,1.381154e-02,7.218412e+00
2.633333e+01,8.901760e-01,4.900869e-02,4.655825e-02,1.425707e-02,7.226435e+00
2.650000e+01,8.883939e-01,4.923145e-02,4.744932e-02,1.492537e-02,7.230555e+00
2.666667e+01,8.857207e-01,5.012252e-02,4.789485e-02,1.626197e-02,7.236225e+00
2.683333e+01,8.830474e-01,5.123636e-02,4.878592e-02,1.693027e-02,7.241311e+00
2.700000e+01,8.812653e-01,5.123636e-02,4.967699e-02,1.782134e-02,7.242597e+00
2.716667e+01,8.792604e-01,5.212742e-02,5.034529e-02,1.826687e-02,7.243930e+00
2.733333e+01,8.756961e-01,5.502339e-02,5.012252e-02,1.915794e-02,7.244292e+00
2.750000e+01,8.730229e-01,5.635999e-02,5.123636e-02,1.938071e-02,7.245201e+00
2.766667e+01,8.703497e-01,5.702829e-02,5.257296e-02,2.004901e-02,7.244766e+00
2.783333e+01,8.678993e-01,5.836489e-02,5.279572e-02,2.094008e-02,7.247698e+00
2.800000e+01,8.652261e-01,6.014703e-02,5.301849e-02,2.160838e-02,7.251178e+00
2.816667e+01,8.614391e-01,6.304299e-02,5.346402e-02,2.205391e-02,7.253649e+00
2.833333e+01,8.596569e-01,6.326576e-02,5.413232e-02,2.294498e-02,7.256197e+00
2.850000e+01,8.565382e-01,6.527066e-02,5.480062e-02,2.339051e-02,7.259465e+00
2.866667e+01,8.545333e-01,6.616173e-02,5.524616e-02,2.405881e-02,7.261350e+00
2.883333e+01,8.525284e-01,6.660726e-02,5.591446e-02,2.494988e-02,7.265853e+00
2.900000e+01,8.511918e-01,6.638450e-02,5.635999e-02,2.606371e-02,7.270351e+00
2.916667e+01,8.487414e-01,6.638450e-02,5.836489e-02,2.650924e-02,7.274981e+00
2.933333e+01,8.462909e-01,6.727556e-02,5.947873e-02,2.695478e-02,7.277706e+00
2.950000e+01,8.436177e-01,6.794386e-02,6.126086e-02,2.717755e-02,7.281385e+00
2.966667e+01,8.420584e-01,6.749833e-02,6.259746e-02,2.784585e-02,7.286836e+00
2.983333e+01,8.389396e-01,6.950323e-02,6.282023e-02,2.873691e-02,7.294351e+00
3.000000e+01,8.373803e-01,6.972600e-02,6.304299e-02,2.985075e-02,7.301084e+00
3.016667e+01,8.353754e-01,6.928046e-02,6.482513e-02,3.051905e-02,7.306219e+00
3.033333e+01,8.322566e-01,7.083983e-02,6.571620e-02,3.118735e-02,7.308869e+00
3.050000e+01,8.309200e-01,7.017153e-02,6.683003e-02,3.207841e-02,7.311378e+00
3.066667e+01,8.300290e-01,6.905770e-02,6.749833e-02,3.341501e-02,7.314671e+00
3.083333e+01,8.278013e-01,6.928046e-02,6.883493e-02,3.408331e-02,7.317248e+00
3.100000e+01,8.260192e-01,6.928046e-02,6.994876e-02,3.475162e-02,7.318409e+00
3.116667e+01,8.237915e-01,6.994876e-02,7.106260e-02,3.519715e-02,7.320926e+00
3.133333e+01,8.217866e-01,7.106260e-02,7.106260e-02,3.608822e-02,7.325232e+00
3.150000e+01,8.197817e-01,7.195366e-02,7.150813e-02,3.675652e-02,7.332504e+00
3.166667e+01,8.177768e-01,7.284473e-02,7.239920e-02,3.697928e-02,7.338279e+00
3.183333e+01,8.146581e-01,7.395857e-02,7.329027e-02,3.809312e-02,7.343998e+00
3.200000e+01,8.117621e-01,7.462687e-02,7.418133e-02,3.942972e-02,7.350690e+00
3.216667e+01,8.099800e-01,7.507240e-02,7.507240e-02,3.987525e-02,7.355751e+00
3.233333e+01,8.079751e-01,7.551793e-02,7.618623e-02,4.032078e-02,7.358628e+00
3.250000e+01,8.050791e-01,7.685453e-02,7.707730e-02,4.098908e-02,7.362457e+00
3.266667e+01,8.026286e-01,7.841390e-02,7.663177e-02,4.232569e-02,7.366571e+00
3.283333e+01,8.006237e-01,7.796837e-02,7.908220e-02,4.232569e-02,7.371102e+00
3.300000e+01,7.986188e-01,7.819113e-02,8.019603e-02,4.299399e-02,7.372700e+00
3.316667e+01,7.959456e-01,7.863667e-02,8.197817e-02,4.343952e-02,7.377283e+00
3.333333e+01,7.934952e-01,7.752283e-02,8.465137e-02,4.433059e-02,7.382033e+00
3.350000e+01,7.926041e-01,7.618623e-02,8.576520e-02,4.544442e-02,7.388004e+00
3.366667e+01,7.894854e-01,7.774560e-02,8.643350e-02,4.633549e-02,7.394819e+00
3.383333e+01,7.868122e-01,7.841390e-02,8.710180e-02,4.767209e-02,7.400204e+00
3.400000e+01,7.845845e-01,7.885943e-02,8.821564e-02,4.834039e-02,7.405031e+00
3.416667e+01,7.821341e-01,7.841390e-02,8.932947e-02,5.012252e-02,7.409002e+00
3.433333e+01,7.803520e-01,7.796837e-02,9.066607e-02,5.101359e-02,7.413294e+00
3.450000e+01,7.767877e-01,8.019603e-02,9.133437e-02,5.168189e-02,7.415089e+00
3.466667e+01,7.732234e-01,8.220094e-02,9.177991e-02,5.279572e-02,7.416551e+00
3.483333e+01,7.714413e-01,8.242370e-02,9.200267e-02,5.413232e-02,7.420021e+00
3.500000e+01,7.696592e-01,8.175540e-02,9.356204e-02,5.502339e-02,7.423555e+00
3.516667e+01,7.676543e-01,8.197817e-02,9.356204e-02,5.680552e-02,7.426688e+00
3.533333e+01,7.656494e-01,8.153264e-02,9.534417e-02,5.747382e-02,7.430820e+00
3.550000e+01,7.643128e-01,8.041880e-02,9.712631e-02,5.814213e-02,7.434243e+00
3.566667e+01,7.623079e-01,8.019603e-02,9.779461e-02,5.970149e-02,7.440045e+00
3.583333e+01,7.598574e-01,7.885943e-02,1.006906e-01,6.059256e-02,7.447975e+00
3.600000e+01,7.576298e-01,7.863667e-02,1.020272e-01,6.170639e-02,7.454990e+00
3.616667e+01,7.554021e-01,7.885943e-02,1.024727e-01,6.326576e-02,7.462824e+00
3.633333e+01,7.529517e-01,7.796837e-02,1.051459e-01,6.393406e-02,7.470379e+00
3.650000e+01,7.493874e-01,7.885943e-02,1.064825e-01,6.527066e-02,7.477603e+00
3.666667e+01,7.458231e-01,7.975050e-02,1.073736e-01,6.705280e-02,7.487653e+00
3.683333e+01,7.427044e-01,7.975050e-02,1.096012e-01,6.794386e-02,7.498161e+00
3.700000e+01,7.411450e-01,7.752283e-02,1.122744e-01,6.905770e-02,7.507149e+00
3.716667e+01,7.386946e-01,7.819113e-02,1.122744e-01,7.083983e-02,7.517629e+00
3.733333e+01,7.362442e-01,7.885943e-02,1.124972e-01,7.239920e-02,7.529258e+00
3.750000e+01,7.344620e-01,7.908220e-02,1.122744e-01,7.418133e-02,7.539837e+00
3.766667e+01,7.320116e-01,7.930497e-02,1.127200e-01,7.596347e-02,7.549603e+00
3.783333e+01,7.288928e-01,8.019603e-02,1.140566e-01,7.685453e-02,7.558815e+00
3.800000e+01,7.257741e-01,8.153264e-02,1.131655e-01,7.952773e-02,7.567250e+00
3.816667e+01,7.233237e-01,8.264647e-02,1.131655e-01,8.086434e-02,7.576808e+00
3.833333e+01,7.202049e-01,8.309200e-02,1.147249e-01,8.197817e-02,7.583635e+00
3.850000e+01,7.170862e-01,8.442860e-02,1.151704e-01,8.331477e-02,7.590741e+00
3.866667e+01,7.150813e-01,8.531967e-02,1.140566e-01,8.554244e-02,7.598741e+00
3.883333e+01,7.121853e-01,8.687904e-02,1.140566e-01,8.687904e-02,7.607731e+00
3.900000e+01,7.101804e-01,8.621074e-02,1.149476e-01,8.866117e-02,7.615783e+00
3.916667e+01,7.055023e-01,8.754734e-02,1.167298e-01,9.022054e-02,7.624163e+00
3.933333e+01,7.019381e-01,8.799287e-02,1.173981e-01,9.267097e-02,7.631810e+00
3.950000e+01,7.001559e-01,8.732457e-02,1.182892e-01,9.423034e-02,7.639482e+00
3.966667e+01,6.968144e-01,8.888394e-02,1.180664e-01,9.623524e-02,7.645618e+00
3.983333e+01,6.930274e-01,9.022054e-02,1.182892e-01,9.846291e-02,7.652306e+00
4.000000e+01,6.885721e-01,9.289374e-02,1.182892e-01,1.002450e-01,7.659337e+00
4.016667e+01,6.861216e-01,9.267097e-02,1.187347e-01,1.024727e-01,7.666084e+00
4.033333e+01,6.836712e-01,9.267097e-02,1.182892e-01,1.053687e-01,7.672780e+00
4.050000e+01,6.814435e-01,9.133437e-02,1.200713e-01,1.071508e-01,7.678756e+00
4.066667e+01,6.778793e-01,9.244821e-02,1.211851e-01,1.084874e-01,7.683230e+00
4.083333e+01,6.760971e-01,9.244821e-02,1.216307e-01,1.098240e-01,7.688628e+00
4.100000e+01,6.725329e-01,9.378481e-02,1.207396e-01,1.129427e-01,7.695524e+00
4.116667e+01,6.707507e-01,9.244821e-02,1.214079e-01,1.153932e-01,7.702902e+00
4.133333e+01,6.680775e-01,9.155714e-02,1.218534e-01,1.185119e-01,7.707672e+00
4.150000e+01,6.638450e-01,9.333927e-02,1.229673e-01,1.198485e-01,7.710992e+00
4.166667e+01,6.605035e-01,9.445311e-02,1.220762e-01,1.229673e-01,7.713215e+00
4.183333e+01,6.587213e-01,9.423034e-02,1.225217e-01,1.245266e-01,7.716077e+00
4.200000e+01,6.556026e-01,9.512141e-02,1.234128e-01,1.258632e-01,7.717151e+00
4.216667e+01,6.531521e-01,9.578971e-02,1.231900e-01,1.278681e-01,7.718529e+00
4.233333e+01,6.491423e-01,9.712631e-02,1.231900e-01,1.305413e-01,7.720401e+00
4.250000e+01,6.446870e-01,9.935398e-02,1.220762e-01,1.338828e-01,7.722664e+00
4.266667e+01,6.409000e-01,1.009133e-01,1.231900e-01,1.349967e-01,7.723403e+00
4.283333e+01,6.366674e-01,1.024727e-01,1.234128e-01,1.374471e-01,7.722710e+00
4.300000e+01,6.310982e-01,1.067053e-01,1.222990e-01,1.398975e-01,7.723420e+00
4.316667e+01,6.288706e-01,1.053687e-01,1.229673e-01,1.427935e-01,7.722974e+00
4.333333e+01,6.257518e-01,1.047004e-01,1.245266e-01,1.450212e-01,7.721688e+00
4.350000e+01,6.226331e-01,1.051459e-01,1.260860e-01,1.461350e-01,7.719613e+00
4.366667e+01,6.195144e-01,1.071508e-01,1.243039e-01,1.490310e-01,7.717696e+00
4.383333e+01,6.172867e-01,1.073736e-01,1.251949e-01,1.501448e-01,7.716732e+00
4.400000e+01,6.123858e-01,1.084874e-01,1.278681e-01,1.512586e-01,7.714278e+00
4.416667e+01,6.085988e-01,1.084874e-01,1.285364e-01,1.543774e-01,7.713430e+00
4.433333e+01,6.032524e-01,1.104923e-01,1.298730e-01,1.563823e-01,7.714208e+00
4.450000e+01,5.996881e-01,1.104923e-01,1.327690e-01,1.570506e-01,7.713687e+00
4.466667e+01,5.965694e-01,1.098240e-01,1.352194e-01,1.583872e-01,7.712857e+00
4.483333e+01,5.925596e-01,1.104923e-01,1.358877e-01,1.610604e-01,7.714688e+00
4.500000e+01,5.889953e-01,1.100468e-01,1.385609e-01,1.623970e-01,7.717670e+00
4.516667e+01,5.869904e-01,1.084874e-01,1.412341e-01,1.632880e-01,7.718995e+00
4.533333e+01,5.825351e-01,1.089329e-01,1.436846e-01,1.648474e-01,7.722118e+00
4.550000e+01,5.787481e-01,1.091557e-01,1.447984e-01,1.672978e-01,7.727419e+00
4.566667e+01,5.767431e-01,1.084874e-01,1.439073e-01,1.708621e-01,7.734329e+00
4.583333e+01,5.734016e-01,1.091557e-01,1.430163e-01,1.744264e-01,7.740292e+00
4.600000e+01,5.705057e-01,1.093785e-01,1.427935e-01,1.773223e-01,7.744155e+00
4.616667e+01,5.667186e-01,1.107151e-01,1.443529e-01,1.782134e-01,7.745296e+00
4.633333e+01,5.635999e-01,1.104923e-01,1.463578e-01,1.795500e-01,7.745395e+00
4.650000e+01,5.598129e-01,1.109378e-01,1.474716e-01,1.817777e-01,7.747023e+00
4.666667e+01,5.564714e-01,1.104923e-01,1.485854e-01,1.844509e-01,7.749519e+00
4.683333e+01,5.526843e-01,1.109378e-01,1.496993e-01,1.866785e-01,7.752110e+00
4.700000e+01,5.484518e-01,1.138338e-01,1.490310e-01,1.886834e-01,7.754624e+00
4.716667e+01,5.455558e-01,1.120517e-01,1.514814e-01,1.909111e-01,7.757072e+00
4.733333e+01,5.426598e-01,1.113834e-01,1.537091e-01,1.922477e-01,7.759097e+00
4.750000e+01,5.395411e-01,1.116061e-01,1.546001e-01,1.942526e-01,7.761436e+00
4.766667e+01,5.355313e-01,1.133883e-01,1.546001e-01,1.964803e-01,7.765295e+00
4.783333e+01,5.328581e-01,1.129427e-01,1.550457e-01,1.991535e-01,7.769016e+00
4.800000e+01,5.290711e-01,1.142793e-01,1.559367e-01,2.007129e-01,7.772435e+00
4.816667e+01,5.261751e-01,1.145021e-01,1.572733e-01,2.020495e-01,7.775121e+00
4.833333e+01,5.212742e-01,1.160615e-01,1.579416e-01,2.047227e-01,7.778365e+00
4.850000e+01,5.165961e-01,1.178436e-01,1.590555e-01,2.065048e-01,7.782380e+00
4.866667e+01,5.116953e-01,1.202941e-01,1.590555e-01,2.089552e-01,7.785369e+00
4.883333e+01,5.072399e-01,1.207396e-01,1.603921e-01,2.116284e-01,7.788886e+00
4.900000e+01,5.025618e-01,1.216307e-01,1.608376e-01,2.149699e-01,7.791993e+00
4.916667e+01,4.989975e-01,1.207396e-01,1.632880e-01,2.169748e-01,7.794228e+00
4.933333e+01,4.943194e-01,1.227445e-01,1.641791e-01,2.187570e-01,7.794719e+00
4.950000e+01,4.909779e-01,1.220762e-01,1.655157e-01,2.214302e-01,7.795576e+00
4.966667e+01,4.874137e-01,1.216307e-01,1.668523e-01,2.241034e-01,7.797129e+00
4.983333e+01,4.847405e-01,1.200713e-01,1.697483e-01,2.254400e-01,7.798720e+00
