Time,U,I1,I2,D,Ve
0.000000e+00,9.997772e-01,2.227668e-04,0.000000e+00,0.000000e+00,-inf
1.666667e-01,9.997772e-01,2.227668e-04,0.000000e+00,0.000000e+00,-inf
3.333333e-01,9.997772e-01,2.227668e-04,0.000000e+00,0.000000e+00,-inf
5.000000e-01,9.997772e-01,2.227668e-04,0.000000e+00,0.000000e+00,-inf
6.666667e-01,9.997772e-01,2.227668e-04,0.000000e+00,0.000000e+00,-inf
8.333333e-01,9.997772e-01,2.227668e-04,0.000000e+00,0.000000e+00,-inf
1.000000e+00,9.997772e-01,2.227668e-04,0.000000e+00,0.000000e+00,-inf
1.166667e+00,9.997772e-01,2.227668e-04,0.000000e+00,0.000000e+00,-inf
1.333333e+00,9.997772e-01,2.227668e-04,0.000000e+00,0.000000e+00,-inf
1.500000e+00,9.997772e-01,2.227668e-04,0.000000e+00,0.000000e+00,-inf
1.666667e+00,9.997772e-01,2.227668e-04,0.000000e+00,0.000000e+00,-inf
1.833333e+00,9.997772e-01,2.227668e-04,0.000000e+00,0.000000e+00,-inf
2.000000e+00,9.997772e-01,2.227668e-04,0.000000e+00,0.000000e+00,-inf
2.166667e+00,9.997772e-01,2.227668e-04,0.000000e+00,0.000000e+00,-inf
2.333333e+00,9.997772e-01,0.000000e+00,2.227668e-04,0.000000e+00,-inf
2.500000e+00,9.997772e-01,0.000000e+00,2.227668e-04,0.000000e+00,-inf
2.666667e+00,9.997772e-01,0.000000e+00,2.227668e-04,0.000000e+00,-1.190135e+00
2.833333e+00,9.997772e-01,0.000000e+00,2.227668e-04,0.000000e+00,-8.550446e-01
3.000000e+00,9.997772e-01,0.000000e+00,2.227668e-04,0.000000e+00,-6.413867e-01
3.166667e+00,9.997772e-01,0.000000e+00,2.227668e-04,0.000000e+00,-4.754591e-01
3.333333e+00,9.997772e-01,0.000000e+00,2.227668e-04,0.000000e+00,-3.342501e-01
3.500000e+00,9.997772e-01,0.000000e+00,2.227668e-04,0.000000e+00,-2.075954e-01
3.666667e+00,9.997772e-01,0.000000e+00,2.227668e-04,0.000000e+00,-9.015500e-02
3.833333e+00,9.997772e-01,0.000000e+00,2.227668e-04,0.000000e+00,2.118358e-02
4.000000e+00,9.997772e-01,0.000000e+00,2.227668e-04,0.000000e+00,1.283607e-01
4.166667e+00,9.997772e-01,0.000000e+00,2.227668e-04,0.000000e+00,2.326424e-01
4.333333e+00,9.997772e-01,0.000000e+00,2.227668e-04,0.000000e+00,3.348817e-01
4.500000e+00,9.997772e-01,0.000000e+00,2.227668e-04,0.000000e+00,4.356661e-01
4.666667e+00,9.997772e-01,0.000000e+00,2.227668e-04,0.000000e+00,5.354069e-01
4.833333e+00,9.997772e-01,0.000000e+00,2.227668e-04,0.000000e+00,6.343954e-01
5.000000e+00,9.997772e-01,0.000000e+00,2.227668e-04,0.000000e+00,7.328397e-01
5.166667e+00,9.997772e-01,0.000000e+00,2.227668e-04,0.000000e+00,8.308892e-01
5.333333e+00,9.997772e-01,0.000000e+00,2.227668e-04,0.000000e+00,9.286515e-01
5.500000e+00,9.997772e-01,0.000000e+00,2.227668e-04,0.000000e+00,1.026205e+00
5.666667e+00,9.997772e-01,0.000000e+00,2.227668e-04,0.000000e+00,1.123605e+00
5.833333e+00,9.997772e-01,0.000000e+00,2.227668e-04,0.000000e+00,1.220895e+00
6.000000e+00,9.997772e-01,0.000000e+00,2.227668e-04,0.000000e+00,1.318102e+00
6.166667e+00,9.997772e-01,0.000000e+00,2.227668e-04,0.000000e+00,1.415249e+00
6.333333e+00,9.995545e-01,2.227668e-04,2.227668e-04,0.000000e+00,1.512352e+00
6.500000e+00,9.995545e-01,2.227668e-04,2.227668e-04,0.000000e+00,1.609421e+00
6.666667e+00,9.995545e-01,2.227668e-04,2.227668e-04,0.000000e+00,1.706465e+00
6.833333e+00,9.993317e-01,4.455335e-04,2.227668e-04,0.000000e+00,1.803489e+00
7.000000e+00,9.991089e-01,4.455335e-04,4.455335e-04,0.000000e+00,1.900496e+00
7.166667e+00,9.988862e-01,6.683003e-04,4.455335e-04,0.000000e+00,1.997490e+00
7.333333e+00,9.986634e-01,8.910671e-04,4.455335e-04,0.000000e+00,2.094495e+00
7.500000e+00,9.986634e-01,8.910671e-04,4.455335e-04,0.000000e+00,2.191481e+00
7.666667e+00,9.982179e-01,1.336601e-03,4.455335e-04,0.000000e+00,2.288449e+00
7.833333e+00,9.982179e-01,1.336601e-03,4.455335e-04,0.000000e+00,2.385399e+00
8.000000e+00,9.975496e-01,2.004901e-03,4.455335e-04,0.000000e+00,2.482329e+00
8.166667e+00,9.973268e-01,2.227668e-03,4.455335e-04,0.000000e+00,2.579237e+00
8.333333e+00,9.973268e-01,2.227668e-03,4.455335e-04,0.000000e+00,2.676119e+00
8.500000e+00,9.971040e-01,2.450434e-03,4.455335e-04,0.000000e+00,2.772968e+00
8.666667e+00,9.971040e-01,2.227668e-03,6.683003e-04,0.000000e+00,2.869780e+00
8.833333e+00,9.966585e-01,2.673201e-03,6.683003e-04,0.000000e+00,2.966544e+00
9.000000e+00,9.964357e-01,2.227668e-03,1.336601e-03,0.000000e+00,3.063252e+00
9.166667e+00,9.962130e-01,1.559367e-03,2.227668e-03,0.000000e+00,3.159886e+00
9.333333e+00,9.959902e-01,1.782134e-03,2.227668e-03,0.000000e+00,3.256446e+00
9.500000e+00,9.955447e-01,2.227668e-03,2.227668e-03,0.000000e+00,3.352909e+00
9.666667e+00,9.939853e-01,3.564268e-03,2.450434e-03,0.000000e+00,3.449223e+00
9.833333e+00,9.935398e-01,4.009802e-03,2.450434e-03,0.000000e+00,3.545354e+00
1.000000e+01,9.930942e-01,4.455335e-03,2.450434e-03,0.000000e+00,3.641264e+00
1.016667e+01,9.924259e-01,4.900869e-03,2.673201e-03,0.000000e+00,3.736901e+00
1.033333e+01,9.924259e-01,4.678102e-03,2.895968e-03,0.000000e+00,3.832199e+00
1.050000e+01,9.915349e-01,5.569169e-03,2.895968e-03,0.000000e+00,3.927082e+00
1.066667e+01,9.906438e-01,6.460236e-03,2.895968e-03,0.000000e+00,4.021454e+00
1.083333e+01,9.901983e-01,6.905770e-03,2.895968e-03,0.000000e+00,4.115196e+00
1.100000e+01,9.888617e-01,8.242370e-03,2.895968e-03,0.000000e+00,4.208166e+00
1.116667e+01,9.886389e-01,8.019603e-03,3.341501e-03,0.000000e+00,4.300195e+00
1.133333e+01,9.879706e-01,8.465137e-03,3.564268e-03,0.000000e+00,4.391083e+00
1.150000e+01,9.877478e-01,8.687904e-03,3.564268e-03,0.000000e+00,4.480602e+00
1.166667e+01,9.875251e-01,8.910671e-03,3.564268e-03,0.000000e+00,4.568478e+00
1.183333e+01,9.868568e-01,9.356204e-03,3.787035e-03,0.000000e+00,4.654410e+00
1.200000e+01,9.859657e-01,1.002450e-02,4.009802e-03,0.000000e+00,4.738067e+00
1.216667e+01,9.857429e-01,1.024727e-02,4.009802e-03,0.000000e+00,4.819093e+00
1.233333e+01,9.855202e-01,1.047004e-02,4.009802e-03,0.000000e+00,4.897124e+00
1.250000e+01,9.848519e-01,1.069280e-02,4.455335e-03,0.000000e+00,4.971795e+00
1.266667e+01,9.839608e-01,1.136110e-02,4.678102e-03,0.000000e+00,5.042767e+00
1.283333e+01,9.828470e-01,1.158387e-02,5.569169e-03,0.000000e+00,5.109737e+00
1.300000e+01,9.824014e-01,1.136110e-02,6.237469e-03,0.000000e+00,5.172461e+00
1.316667e+01,9.812876e-01,1.180664e-02,6.905770e-03,0.000000e+00,5.230769e+00
1.333333e+01,9.795055e-01,1.358877e-02,6.905770e-03,0.000000e+00,5.284566e+00
1.350000e+01,9.790599e-01,1.336601e-02,7.574070e-03,0.000000e+00,5.333842e+00
1.366667e+01,9.783916e-01,1.314324e-02,8.465137e-03,0.000000e+00,5.378663e+00
1.383333e+01,9.770550e-01,1.358877e-02,9.356204e-03,0.000000e+00,5.419164e+00
1.400000e+01,9.759412e-01,1.403431e-02,1.002450e-02,0.000000e+00,5.455532e+00
1.416667e+01,9.746046e-01,1.537091e-02,1.002450e-02,0.000000e+00,5.487991e+00
1.433333e+01,9.737135e-01,1.581644e-02,1.024727e-02,2.227668e-04,5.516793e+00
1.450000e+01,9.728225e-01,1.626197e-02,1.069280e-02,2.227668e-04,5.542205e+00
1.466667e+01,9.721542e-01,1.670751e-02,1.091557e-02,2.227668e-04,5.503184e+00
1.483333e+01,9.717086e-01,1.693027e-02,1.113834e-02,2.227668e-04,5.464363e+00
1.500000e+01,9.708176e-01,1.715304e-02,1.180664e-02,2.227668e-04,5.425814e+00
1.516667e+01,9.701493e-01,1.759857e-02,1.202941e-02,2.227668e-04,5.387637e+00
1.533333e+01,9.685899e-01,1.848964e-02,1.269771e-02,2.227668e-04,5.349966e+00
1.550000e+01,9.679216e-01,1.871241e-02,1.314324e-02,2.227668e-04,5.312984e+00
1.566667e+01,9.670305e-01,1.871241e-02,1.403431e-02,2.227668e-04,5.276932e+00
1.583333e+01,9.656939e-01,1.960348e-02,1.447984e-02,2.227668e-04,5.242149e+00
1.600000e+01,9.643573e-01,2.071731e-02,1.470261e-02,2.227668e-04,5.209040e+00
1.616667e+01,9.632435e-01,2.160838e-02,1.492537e-02,2.227668e-04,5.178151e+00
1.633333e+01,9.625752e-01,2.094008e-02,1.626197e-02,2.227668e-04,5.150171e+00
1.650000e+01,9.616841e-01,2.116284e-02,1.693027e-02,2.227668e-04,5.125947e+00
1.666667e+01,9.599020e-01,2.249944e-02,1.737581e-02,2.227668e-04,5.106632e+00
1.683333e+01,9.590109e-01,2.272221e-02,1.804411e-02,2.227668e-04,5.093346e+00
1.700000e+01,9.583426e-01,2.249944e-02,1.893517e-02,2.227668e-04,5.088321e+00
1.716667e+01,9.572288e-01,2.272221e-02,1.982624e-02,2.227668e-04,5.091766e+00
1.733333e+01,9.563377e-01,2.272221e-02,2.071731e-02,2.227668e-04,5.104591e+00
1.750000e+01,9.554466e-01,2.227668e-02,2.205391e-02,2.227668e-04,5.127552e+00
1.766667e+01,9.534417e-01,2.405881e-02,2.227668e-02,2.227668e-04,5.160527e+00
1.783333e+01,9.529962e-01,2.450434e-02,2.227668e-02,2.227668e-04,5.203375e+00
1.800000e+01,9.518824e-01,2.472711e-02,2.316774e-02,2.227668e-04,5.254798e+00
1.816667e+01,9.505458e-01,2.561818e-02,2.361328e-02,2.227668e-04,5.313517e+00
1.833333e+01,9.498775e-01,2.517264e-02,2.472711e-02,2.227668e-04,5.378687e+00
1.850000e+01,9.487636e-01,2.628648e-02,2.472711e-02,2.227668e-04,5.448226e+00
1.866667e+01,9.485409e-01,2.517264e-02,2.606371e-02,2.227668e-04,5.529178e+00
1.883333e+01,9.480953e-01,2.472711e-02,2.695478e-02,2.227668e-04,5.610156e+00
1.900000e+01,9.476498e-01,2.450434e-02,2.762308e-02,2.227668e-04,5.690529e+00
1.916667e+01,9.463132e-01,2.494988e-02,2.829138e-02,4.455335e-04,5.769775e+00
1.933333e+01,9.451994e-01,2.561818e-02,2.873691e-02,4.455335e-04,5.847464e+00
1.950000e+01,9.445311e-01,2.517264e-02,2.962798e-02,6.683003e-04,5.910225e+00
1.966667e+01,9.436400e-01,2.517264e-02,3.051905e-02,6.683003e-04,5.974158e+00
1.983333e+01,9.423034e-01,2.561818e-02,3.141011e-02,6.683003e-04,6.028434e+00
2.000000e+01,9.407440e-01,2.673201e-02,3.185565e-02,6.683003e-04,6.084511e+00
2.016667e+01,9.400757e-01,2.717755e-02,3.207841e-02,6.683003e-04,6.141523e+00
2.033333e+01,9.396302e-01,2.650924e-02,3.319225e-02,6.683003e-04,6.198750e+00
2.050000e+01,9.385164e-01,2.673201e-02,3.408331e-02,6.683003e-04,6.255606e+00
2.066667e+01,9.374025e-01,2.740031e-02,3.452885e-02,6.683003e-04,6.312753e+00
2.083333e+01,9.365115e-01,2.740031e-02,3.541992e-02,6.683003e-04,6.368624e+00
2.100000e+01,9.358432e-01,2.673201e-02,3.653375e-02,8.910671e-04,6.423020e+00
2.116667e+01,9.345066e-01,2.806861e-02,3.653375e-02,8.910671e-04,6.476230e+00
2.133333e+01,9.333927e-01,2.873691e-02,3.675652e-02,1.113834e-03,6.522317e+00
2.150000e+01,9.325017e-01,2.806861e-02,3.764758e-02,1.782134e-03,6.568042e+00
2.166667e+01,9.318334e-01,2.806861e-02,3.831588e-02,1.782134e-03,6.608199e+00
2.183333e+01,9.300512e-01,2.851415e-02,3.942972e-02,2.004901e-03,6.637106e+00
2.200000e+01,9.293829e-01,2.851415e-02,3.942972e-02,2.673201e-03,6.668723e+00
2.216667e+01,9.284919e-01,2.918245e-02,3.965248e-02,2.673201e-03,6.701256e+00
2.233333e+01,9.273780e-01,2.962798e-02,4.009802e-02,2.895968e-03,6.723869e+00
2.250000e+01,9.264870e-01,2.940521e-02,4.121185e-02,2.895968e-03,6.750247e+00
2.266667e+01,9.249276e-01,3.096458e-02,4.098908e-02,3.118735e-03,6.776288e+00
2.283333e+01,9.233682e-01,3.185565e-02,4.098908e-02,3.787035e-03,6.805349e+00
2.300000e+01,9.209178e-01,3.274671e-02,4.210292e-02,4.232569e-03,6.834181e+00
2.316667e+01,9.193584e-01,3.408331e-02,4.210292e-02,4.455335e-03,6.857660e+00
2.333333e+01,9.175763e-01,3.408331e-02,4.343952e-02,4.900869e-03,6.879829e+00
2.350000e+01,9.160169e-01,3.452885e-02,4.433059e-02,5.123636e-03,6.902983e+00
2.366667e+01,9.146803e-01,3.541992e-02,4.433059e-02,5.569169e-03,6.924009e+00
2.383333e+01,9.115616e-01,3.787035e-02,4.410782e-02,6.460236e-03,6.945288e+00
2.400000e+01,9.088884e-01,3.942972e-02,4.499889e-02,6.683003e-03,6.964421e+00
2.416667e+01,9.079973e-01,3.920695e-02,4.544442e-02,7.351303e-03,6.977874e+00
2.433333e+01,9.075518e-01,3.876142e-02,4.611272e-02,7.574070e-03,6.993873e+00
2.450000e+01,9.053241e-01,4.032078e-02,4.655825e-02,7.796837e-03,7.007295e+00
2.466667e+01,9.046558e-01,4.032078e-02,4.678102e-02,8.242370e-03,7.022138e+00
2.483333e+01,9.028737e-01,4.165738e-02,4.633549e-02,9.133437e-03,7.038842e+00
2.500000e+01,9.013143e-01,4.121185e-02,4.811762e-02,9.356204e-03,7.056384e+00
2.516667e+01,8.990867e-01,4.321675e-02,4.789485e-02,9.801738e-03,7.070279e+00
2.533333e+01,8.959679e-01,4.588995e-02,4.834039e-02,9.801738e-03,7.085997e+00
2.550000e+01,8.937403e-01,4.633549e-02,4.945422e-02,1.047004e-02,7.102134e+00
2.566667e+01,8.910671e-01,4.789485e-02,4.989975e-02,1.113834e-02,7.120972e+00
2.583333e+01,8.892849e-01,4.945422e-02,5.012252e-02,1.113834e-02,7.137686e+00
2.600000e+01,8.881711e-01,4.967699e-02,4.967699e-02,1.247494e-02,7.154592e+00
2.616667e+01,8.861662e-01,5.056806e-02,5.056806e-02,1.269771e-02,7.174180e+00
2.633333e+01,8.837157e-01,5.101359e-02,5.212742e-02,1.314324e-02,7.189945e+00
2.650000e+01,8.823791e-01,4.989975e-02,5.413232e-02,1.358877e-02,7.207251e+00
2.666667e+01,8.803742e-01,4.989975e-02,5.413232e-02,1.559367e-02,7.224308e+00
2.683333e+01,8.792604e-01,4.989975e-02,5.502339e-02,1.581644e-02,7.241400e+00
2.700000e+01,8.770327e-01,5.145912e-02,5.524616e-02,1.626197e-02,7.250820e+00
2.716667e+01,8.750278e-01,5.324126e-02,5.524616e-02,1.648474e-02,7.263224e+00
2.733333e+01,8.739140e-01,5.279572e-02,5.591446e-02,1.737581e-02,7.277301e+00
2.750000e+01,8.705725e-01,5.502339e-02,5.569169e-02,1.871241e-02,7.292486e+00
2.766667e+01,8.690131e-01,5.413232e-02,5.680552e-02,2.004901e-02,7.305826e+00
2.783333e+01,8.672310e-01,5.435509e-02,5.791936e-02,2.049454e-02,7.316959e+00
2.800000e+01,8.643350e-01,5.457786e-02,5.947873e-02,2.160838e-02,7.325331e+00
2.816667e+01,8.623301e-01,5.569169e-02,6.014703e-02,2.183114e-02,7.335193e+00
2.833333e+01,8.598797e-01,5.591446e-02,6.103809e-02,2.316774e-02,7.343088e+00
2.850000e+01,8.578748e-01,5.702829e-02,6.148363e-02,2.361328e-02,7.352145e+00
2.866667e+01,8.556471e-01,5.769659e-02,6.059256e-02,2.606371e-02,7.359103e+00
2.883333e+01,8.534195e-01,5.791936e-02,6.148363e-02,2.717755e-02,7.367123e+00
2.900000e+01,8.507463e-01,5.858766e-02,6.215193e-02,2.851415e-02,7.368329e+00
2.916667e+01,8.489641e-01,5.947873e-02,6.126086e-02,3.029628e-02,7.369587e+00
2.933333e+01,8.462909e-01,5.992426e-02,6.282023e-02,3.096458e-02,7.370321e+00
2.950000e+01,8.449543e-01,5.970149e-02,6.415683e-02,3.118735e-02,7.369058e+00
2.966667e+01,8.422811e-01,6.036979e-02,6.616173e-02,3.118735e-02,7.368635e+00
2.983333e+01,8.400535e-01,6.103809e-02,6.638450e-02,3.252395e-02,7.370279e+00
3.000000e+01,8.373803e-01,6.148363e-02,6.794386e-02,3.319225e-02,7.375278e+00
3.016667e+01,8.351526e-01,6.192916e-02,6.883493e-02,3.408331e-02,7.377882e+00
3.033333e+01,8.335932e-01,6.215193e-02,6.861216e-02,3.564268e-02,7.381551e+00
3.050000e+01,8.313656e-01,6.326576e-02,6.928046e-02,3.608822e-02,7.385639e+00
3.066667e+01,8.280241e-01,6.549343e-02,6.972600e-02,3.675652e-02,7.386585e+00
3.083333e+01,8.264647e-01,6.571620e-02,7.017153e-02,3.764758e-02,7.389101e+00
3.100000e+01,8.240143e-01,6.638450e-02,7.039430e-02,3.920695e-02,7.391223e+00
3.116667e+01,8.204500e-01,6.883493e-02,7.061706e-02,4.009802e-02,7.392327e+00
3.133333e+01,8.179996e-01,6.950323e-02,7.195366e-02,4.054355e-02,7.390661e+00
3.150000e+01,8.157719e-01,6.972600e-02,7.239920e-02,4.210292e-02,7.388076e+00
3.166667e+01,8.130987e-01,7.017153e-02,7.418133e-02,4.254845e-02,7.386435e+00
3.183333e+01,8.104255e-01,7.039430e-02,7.596347e-02,4.321675e-02,7.383291e+00
3.200000e+01,8.090889e-01,6.928046e-02,7.663177e-02,4.499889e-02,7.381843e+00
3.216667e+01,8.061929e-01,6.928046e-02,7.908220e-02,4.544442e-02,7.381054e+00
3.233333e+01,8.044108e-01,6.861216e-02,8.086434e-02,4.611272e-02,7.376613e+00
3.250000e+01,8.030742e-01,6.905770e-02,8.086434e-02,4.700379e-02,7.373943e+00
3.266667e+01,8.012920e-01,6.794386e-02,8.286924e-02,4.789485e-02,7.371587e+00
3.283333e+01,7.970595e-01,6.950323e-02,8.442860e-02,4.900869e-02,7.369406e+00
3.300000e+01,7.952773e-01,7.061706e-02,8.465137e-02,4.945422e-02,7.367715e+00
3.316667e+01,7.919358e-01,7.239920e-02,8.598797e-02,4.967699e-02,7.366167e+00
3.333333e+01,7.890399e-01,7.329027e-02,8.710180e-02,5.056806e-02,7.365837e+00
3.350000e+01,7.874805e-01,7.373580e-02,8.710180e-02,5.168189e-02,7.368312e+00
3.366667e+01,7.852528e-01,7.395857e-02,8.821564e-02,5.257296e-02,7.373204e+00
3.383333e+01,7.810203e-01,7.663177e-02,8.910671e-02,5.324126e-02,7.377917e+00
3.400000e+01,7.792381e-01,7.685453e-02,8.932947e-02,5.457786e-02,7.383364e+00
3.416667e+01,7.772332e-01,7.618623e-02,9.066607e-02,5.591446e-02,7.390194e+00
3.433333e+01,7.752283e-01,7.507240e-02,9.356204e-02,5.613722e-02,7.395697e+00
3.450000e+01,7.727779e-01,7.529517e-02,9.467587e-02,5.725106e-02,7.399375e+00
3.466667e+01,7.709958e-01,7.507240e-02,9.578971e-02,5.814213e-02,7.406631e+00
3.483333e+01,7.685453e-01,7.507240e-02,9.779461e-02,5.858766e-02,7.413276e+00
3.500000e+01,7.658721e-01,7.640900e-02,9.712631e-02,6.059256e-02,7.420414e+00
3.516667e+01,7.634217e-01,7.640900e-02,9.846291e-02,6.170639e-02,7.428857e+00
3.533333e+01,7.618623e-01,7.484963e-02,1.002450e-01,6.304299e-02,7.434570e+00
3.550000e+01,7.587436e-01,7.640900e-02,1.013589e-01,6.348853e-02,7.441112e+00
3.566667e+01,7.569615e-01,7.574070e-02,1.029182e-01,6.437959e-02,7.446830e+00
3.583333e+01,7.547338e-01,7.685453e-02,1.031410e-01,6.527066e-02,7.454529e+00
3.600000e+01,7.520606e-01,7.841390e-02,1.033638e-01,6.616173e-02,7.463670e+00
3.616667e+01,7.498329e-01,7.774560e-02,1.051459e-01,6.727556e-02,7.474402e+00
3.633333e+01,7.473825e-01,7.774560e-02,1.058142e-01,6.905770e-02,7.485674e+00
3.650000e+01,7.447093e-01,7.707730e-02,1.078191e-01,7.039430e-02,7.497039e+00
3.666667e+01,7.422589e-01,7.618623e-02,1.098240e-01,7.173090e-02,7.508334e+00
3.683333e+01,7.411450e-01,7.507240e-02,1.113834e-01,7.239920e-02,7.519069e+00
3.700000e+01,7.398084e-01,7.529517e-02,1.100468e-01,7.484963e-02,7.529972e+00
3.716667e+01,7.371352e-01,7.618623e-02,1.109378e-01,7.574070e-02,7.542301e+00
3.733333e+01,7.324571e-01,7.774560e-02,1.136110e-01,7.618623e-02,7.551671e+00
3.750000e+01,7.311205e-01,7.730007e-02,1.140566e-01,7.752283e-02,7.562138e+00
3.766667e+01,7.271107e-01,7.863667e-02,1.147249e-01,7.952773e-02,7.574909e+00
3.783333e+01,7.242147e-01,7.863667e-02,1.156160e-01,8.153264e-02,7.587184e+00
3.800000e+01,7.206505e-01,8.041880e-02,1.151704e-01,8.376030e-02,7.597397e+00
3.816667e+01,7.173090e-01,8.242370e-02,1.156160e-01,8.465137e-02,7.606745e+00
3.833333e+01,7.157496e-01,8.264647e-02,1.151704e-01,8.643350e-02,7.613816e+00
3.850000e+01,7.135219e-01,8.353754e-02,1.145021e-01,8.843840e-02,7.621847e+00
3.866667e+01,7.099577e-01,8.376030e-02,1.162843e-01,8.999777e-02,7.628821e+00
3.883333e+01,7.075072e-01,8.509690e-02,1.153932e-01,9.200267e-02,7.635416e+00
3.900000e+01,7.041657e-01,8.687904e-02,1.153932e-01,9.356204e-02,7.642465e+00
3.916667e+01,7.006015e-01,8.888394e-02,1.156160e-01,9.489864e-02,7.648055e+00
3.933333e+01,6.970372e-01,9.022054e-02,1.162843e-01,9.645801e-02,7.653696e+00
3.950000e+01,6.943640e-01,9.022054e-02,1.176209e-01,9.779461e-02,7.659882e+00
3.966667e+01,6.914680e-01,9.200267e-02,1.171753e-01,9.935398e-02,7.666058e+00
3.983333e+01,6.876810e-01,9.200267e-02,1.185119e-01,1.018044e-01,7.672553e+00
4.000000e+01,6.852306e-01,9.222544e-02,1.187347e-01,1.038093e-01,7.679291e+00
4.016667e+01,6.821118e-01,9.222544e-02,1.200713e-01,1.055914e-01,7.684659e+00
4.033333e+01,6.803297e-01,9.155714e-02,1.209624e-01,1.071508e-01,7.689255e+00
4.050000e+01,6.767654e-01,9.311651e-02,1.209624e-01,1.091557e-01,7.693109e+00
4.066667e+01,6.734239e-01,9.333927e-02,1.220762e-01,1.111606e-01,7.696875e+00
4.083333e+01,6.705280e-01,9.311651e-02,1.220762e-01,1.142793e-01,7.700094e+00
4.100000e+01,6.678548e-01,9.244821e-02,1.245266e-01,1.151704e-01,7.703163e+00
4.116667e+01,6.656271e-01,9.177991e-02,1.263088e-01,1.162843e-01,7.704907e+00
4.133333e+01,6.627311e-01,9.111161e-02,1.287592e-01,1.173981e-01,7.708129e+00
4.150000e+01,6.600579e-01,9.177991e-02,1.276454e-01,1.205168e-01,7.712212e+00
4.166667e+01,6.578303e-01,9.177991e-02,1.274226e-01,1.229673e-01,7.717332e+00
4.183333e+01,6.544888e-01,9.222544e-02,1.285364e-01,1.247494e-01,7.720442e+00
4.200000e+01,6.511472e-01,9.311651e-02,1.285364e-01,1.271998e-01,7.722739e+00
4.216667e+01,6.478057e-01,9.267097e-02,1.309869e-01,1.285364e-01,7.725774e+00
4.233333e+01,6.437959e-01,9.423034e-02,1.307641e-01,1.312096e-01,7.727765e+00
4.250000e+01,6.402317e-01,9.556694e-02,1.312096e-01,1.329918e-01,7.730879e+00
4.266667e+01,6.355536e-01,9.801738e-02,1.307641e-01,1.356650e-01,7.732979e+00
4.283333e+01,6.315438e-01,9.913121e-02,1.307641e-01,1.385609e-01,7.735336e+00
4.300000e+01,6.284250e-01,1.004678e-01,1.312096e-01,1.398975e-01,7.737762e+00
4.316667e+01,6.261974e-01,1.000223e-01,1.307641e-01,1.430163e-01,7.739583e+00
4.333333e+01,6.210737e-01,1.020272e-01,1.316552e-01,1.452439e-01,7.742955e+00
4.350000e+01,6.181778e-01,1.022499e-01,1.323235e-01,1.472488e-01,7.746591e+00
4.366667e+01,6.146135e-01,1.040321e-01,1.309869e-01,1.503676e-01,7.750398e+00
4.383333e+01,6.108265e-01,1.044776e-01,1.323235e-01,1.523725e-01,7.754467e+00
4.400000e+01,6.079305e-01,1.055914e-01,1.321007e-01,1.543774e-01,7.756354e+00
4.416667e+01,6.054801e-01,1.047004e-01,1.336601e-01,1.561595e-01,7.758400e+00
4.433333e+01,6.021386e-01,1.044776e-01,1.349967e-01,1.583872e-01,7.760448e+00
4.450000e+01,5.974605e-01,1.060370e-01,1.354422e-01,1.610604e-01,7.762651e+00
4.466667e+01,5.938962e-01,1.067053e-01,1.358877e-01,1.635108e-01,7.764986e+00
4.483333e+01,5.903319e-01,1.078191e-01,1.363333e-01,1.655157e-01,7.766228e+00
4.500000e+01,5.867677e-01,1.087102e-01,1.376699e-01,1.668523e-01,7.767020e+00
4.516667e+01,5.827579e-01,1.096012e-01,1.390065e-01,1.686344e-01,7.767667e+00
4.533333e+01,5.789708e-01,1.107151e-01,1.383382e-01,1.719759e-01,7.769612e+00
4.550000e+01,5.765204e-01,1.100468e-01,1.398975e-01,1.735353e-01,7.772212e+00
4.566667e+01,5.722878e-01,1.118289e-01,1.398975e-01,1.759857e-01,7.773945e+00
4.583333e+01,5.687235e-01,1.131655e-01,1.407886e-01,1.773223e-01,7.776378e+00
4.600000e+01,5.644910e-01,1.147249e-01,1.410114e-01,1.797728e-01,7.778196e+00
4.616667e+01,5.598129e-01,1.167298e-01,1.416797e-01,1.817777e-01,7.780724e+00
4.633333e+01,5.564714e-01,1.158387e-01,1.421252e-01,1.855647e-01,7.782622e+00
4.650000e+01,5.546892e-01,1.153932e-01,1.410114e-01,1.889062e-01,7.784549e+00
4.666667e+01,5.495656e-01,1.173981e-01,1.423480e-01,1.906883e-01,7.784421e+00
4.683333e+01,5.460013e-01,1.176209e-01,1.434618e-01,1.929160e-01,7.783035e+00
4.700000e+01,5.435509e-01,1.165070e-01,1.456895e-01,1.942526e-01,7.781855e+00
4.716667e+01,5.388728e-01,1.162843e-01,1.488082e-01,1.960348e-01,7.780837e+00
4.733333e+01,5.339719e-01,1.182892e-01,1.501448e-01,1.975941e-01,7.780908e+00
4.750000e+01,5.299621e-01,1.191802e-01,1.503676e-01,2.004901e-01,7.781919e+00
4.766667e+01,5.261751e-01,1.196258e-01,1.501448e-01,2.040544e-01,7.783309e+00
4.783333e+01,5.221653e-01,1.189575e-01,1.514814e-01,2.073959e-01,7.783961e+00
4.800000e+01,5.183783e-01,1.194030e-01,1.525952e-01,2.096235e-01,7.782694e+00
4.816667e+01,5.145912e-01,1.189575e-01,1.554912e-01,2.109601e-01,7.780204e+00
4.833333e+01,5.112497e-01,1.173981e-01,1.581644e-01,2.131878e-01,7.779090e+00
4.850000e+01,5.076855e-01,1.167298e-01,1.606148e-01,2.149699e-01,7.779263e+00
4.866667e+01,5.032301e-01,1.178436e-01,1.619514e-01,2.169748e-01,7.779387e+00
4.883333e+01,4.983292e-01,1.205168e-01,1.608376e-01,2.203163e-01,7.779907e+00
4.900000e+01,4.947650e-01,1.205168e-01,1.615059e-01,2.232123e-01,7.781285e+00
4.916667e+01,4.912007e-01,1.216307e-01,1.612831e-01,2.258855e-01,7.781192e+00
4.933333e+01,4.880820e-01,1.198485e-01,1.641791e-01,2.278904e-01,7.780243e+00
4.950000e+01,4.840722e-01,1.205168e-01,1.657385e-01,2.296725e-01,7.779033e+00
4.966667e+01,4.798396e-01,1.220762e-01,1.652929e-01,2.327913e-01,7.778855e+00
4.983333e+01,4.733794e-01,1.263088e-01,1.661840e-01,2.341279e-01,7.779845e+00
