Time,U,I1,I2,D,Ve
0.000000e+00,9.997772e-01,2.227668e-04,0.000000e+00,0.000000e+00,-inf
1.666667e-01,9.997772e-01,2.227668e-04,0.000000e+00,0.000000e+00,-inf
3.333333e-01,9.997772e-01,2.227668e-04,0.000000e+00,0.000000e+00,-inf
5.000000e-01,9.997772e-01,2.227668e-04,0.000000e+00,0.000000e+00,-inf
6.666667e-01,9.997772e-01,0.000000e+00,2.227668e-04,0.000000e+00,-inf
8.333333e-01,9.997772e-01,0.000000e+00,2.227668e-04,0.000000e+00,-inf
1.000000e+00,9.997772e-01,0.000000e+00,2.227668e-04,0.000000e+00,-2.160128e+00
1.166667e+00,9.997772e-01,0.000000e+00,2.227668e-04,0.000000e+00,-1.825034e+00
1.333333e+00,9.997772e-01,0.000000e+00,2.227668e-04,0.000000e+00,-1.611369e+00
1.500000e+00,9.997772e-01,0.000000e+00,2.227668e-04,0.000000e+00,-1.445435e+00
1.666667e+00,9.997772e-01,0.000000e+00,2.227668e-04,0.000000e+00,-1.304221e+00
1.833333e+00,9.997772e-01,0.000000e+00,2.227668e-04,0.000000e+00,-1.177562e+00
2.000000e+00,9.997772e-01,0.000000e+00,2.227668e-04,0.000000e+00,-1.060118e+00
2.166667e+00,9.997772e-01,0.000000e+00,2.227668e-04,0.000000e+00,-9.487768e-01
2.333333e+00,9.997772e-01,0.000000e+00,2.227668e-04,0.000000e+00,-8.415972e-01
2.500000e+00,9.997772e-01,0.000000e+00,2.227668e-04,0.000000e+00,-7.373133e-01
2.666667e+00,9.997772e-01,0.000000e+00,2.227668e-04,0.000000e+00,-6.350720e-01
2.833333e+00,9.997772e-01,0.000000e+00,2.227668e-04,0.000000e+00,-5.342856e-01
3.000000e+00,9.997772e-01,0.000000e+00,2.227668e-04,0.000000e+00,-4.345429e-01
3.166667e+00,9.997772e-01,0.000000e+00,2.227668e-04,0.000000e+00,-3.355523e-01
3.333333e+00,9.997772e-01,0.000000e+00,2.227668e-04,0.000000e+00,-2.371058e-01
3.500000e+00,9.997772e-01,0.000000e+00,2.227668e-04,0.000000e+00,-1.390540e-01
3.666667e+00,9.997772e-01,0.000000e+00,2.227668e-04,0.000000e+00,-4.128905e-02
3.833333e+00,9.997772e-01,0.000000e+00,2.227668e-04,0.000000e+00,5.626721e-02
4.000000e+00,9.997772e-01,0.000000e+00,2.227668e-04,0.000000e+00,1.536714e-01
4.166667e+00,9.997772e-01,0.000000e+00,2.227668e-04,0.000000e+00,2.509648e-01
4.333333e+00,9.997772e-01,0.000000e+00,2.227668e-04,0.000000e+00,3.481772e-01
4.500000e+00,9.997772e-01,0.000000e+00,2.227668e-04,0.000000e+00,4.453306e-01
4.666667e+00,9.997772e-01,0.000000e+00,2.227668e-04,0.000000e+00,5.424407e-01
4.833333e+00,9.997772e-01,0.000000e+00,2.227668e-04,0.000000e+00,6.395193e-01
5.000000e+00,9.997772e-01,0.000000e+00,2.227668e-04,0.000000e+00,7.365747e-01
5.166667e+00,9.997772e-01,0.000000e+00,2.227668e-04,0.000000e+00,8.336130e-01
5.333333e+00,9.997772e-01,0.000000e+00,2.227668e-04,0.000000e+00,9.306386e-01
5.500000e+00,9.997772e-01,0.000000e+00,2.227668e-04,0.000000e+00,1.027655e+00
5.666667e+00,9.997772e-01,0.000000e+00,2.227668e-04,0.000000e+00,1.124664e+00
5.833333e+00,9.997772e-01,0.000000e+00,2.227668e-04,0.000000e+00,1.221667e+00
6.000000e+00,9.997772e-01,0.000000e+00,2.227668e-04,0.000000e+00,1.318666e+00
6.166667e+00,9.997772e-01,0.000000e+00,2.227668e-04,0.000000e+00,1.415661e+00
6.333333e+00,9.997772e-01,0.000000e+00,2.227668e-04,0.000000e+00,1.512653e+00
6.500000e+00,9.995545e-01,2.227668e-04,2.227668e-04,0.000000e+00,1.609641e+00
6.666667e+00,9.995545e-01,2.227668e-04,2.227668e-04,0.000000e+00,1.706625e+00
6.833333e+00,9.993317e-01,4.455335e-04,2.227668e-04,0.000000e+00,1.803606e+00
7.000000e+00,9.993317e-01,4.455335e-04,2.227668e-04,0.000000e+00,1.900582e+00
7.166667e+00,9.993317e-01,4.455335e-04,2.227668e-04,0.000000e+00,1.997553e+00
7.333333e+00,9.993317e-01,4.455335e-04,2.227668e-04,0.000000e+00,2.094517e+00
7.500000e+00,9.993317e-01,4.455335e-04,2.227668e-04,0.000000e+00,2.191473e+00
7.666667e+00,9.991089e-01,6.683003e-04,2.227668e-04,0.000000e+00,2.288419e+00
7.833333e+00,9.986634e-01,1.113834e-03,2.227668e-04,0.000000e+00,2.385353e+00
8.000000e+00,9.984406e-01,1.336601e-03,2.227668e-04,0.000000e+00,2.482271e+00
8.166667e+00,9.984406e-01,1.336601e-03,2.227668e-04,0.000000e+00,2.579170e+00
8.333333e+00,9.982179e-01,1.559367e-03,2.227668e-04,0.000000e+00,2.676046e+00
8.500000e+00,9.982179e-01,1.559367e-03,2.227668e-04,0.000000e+00,2.772891e+00
8.666667e+00,9.977723e-01,2.004901e-03,2.227668e-04,0.000000e+00,2.869699e+00
8.833333e+00,9.975496e-01,2.227668e-03,2.227668e-04,0.000000e+00,2.966461e+00
9.000000e+00,9.975496e-01,2.227668e-03,2.227668e-04,0.000000e+00,3.063164e+00
9.166667e+00,9.973268e-01,2.450434e-03,2.227668e-04,0.000000e+00,3.159795e+00
9.333333e+00,9.971040e-01,2.673201e-03,2.227668e-04,0.000000e+00,3.256335e+00
9.500000e+00,9.964357e-01,3.118735e-03,4.455335e-04,0.000000e+00,3.352763e+00
9.666667e+00,9.959902e-01,3.341501e-03,6.683003e-04,0.000000e+00,3.449050e+00
9.833333e+00,9.959902e-01,3.341501e-03,6.683003e-04,0.000000e+00,3.545162e+00
1.000000e+01,9.953219e-01,4.009802e-03,6.683003e-04,0.000000e+00,3.641058e+00
1.016667e+01,9.946536e-01,4.455335e-03,8.910671e-04,0.000000e+00,3.736684e+00
1.033333e+01,9.944308e-01,4.678102e-03,8.910671e-04,0.000000e+00,3.831974e+00
1.050000e+01,9.935398e-01,5.346402e-03,1.113834e-03,0.000000e+00,3.926853e+00
1.066667e+01,9.928715e-01,5.123636e-03,2.004901e-03,0.000000e+00,4.021220e+00
1.083333e+01,9.922032e-01,5.569169e-03,2.227668e-03,0.000000e+00,4.114970e+00
1.100000e+01,9.919804e-01,5.791936e-03,2.227668e-03,0.000000e+00,4.207947e+00
1.116667e+01,9.906438e-01,6.683003e-03,2.673201e-03,0.000000e+00,4.299983e+00
1.133333e+01,9.899755e-01,7.128536e-03,2.895968e-03,0.000000e+00,4.390875e+00
1.150000e+01,9.888617e-01,7.796837e-03,3.341501e-03,0.000000e+00,4.480413e+00
1.166667e+01,9.879706e-01,8.465137e-03,3.564268e-03,0.000000e+00,4.568301e+00
1.183333e+01,9.873023e-01,8.910671e-03,3.564268e-03,2.227668e-04,4.654241e+00
1.200000e+01,9.859657e-01,1.002450e-02,3.787035e-03,2.227668e-04,4.737902e+00
1.216667e+01,9.857429e-01,1.002450e-02,4.009802e-03,2.227668e-04,4.698404e+00
1.233333e+01,9.848519e-01,1.069280e-02,4.232569e-03,2.227668e-04,4.658931e+00
1.250000e+01,9.839608e-01,1.158387e-02,4.232569e-03,2.227668e-04,4.619491e+00
1.266667e+01,9.832925e-01,1.180664e-02,4.678102e-03,2.227668e-04,4.580099e+00
1.283333e+01,9.824014e-01,1.202941e-02,5.346402e-03,2.227668e-04,4.540770e+00
1.300000e+01,9.817331e-01,1.247494e-02,5.569169e-03,2.227668e-04,4.501529e+00
1.316667e+01,9.806193e-01,1.292047e-02,6.237469e-03,2.227668e-04,4.462423e+00
1.333333e+01,9.803965e-01,1.314324e-02,6.237469e-03,2.227668e-04,4.423486e+00
1.350000e+01,9.797282e-01,1.314324e-02,6.905770e-03,2.227668e-04,4.384783e+00
1.366667e+01,9.790599e-01,1.292047e-02,7.796837e-03,2.227668e-04,4.346396e+00
1.383333e+01,9.788372e-01,1.292047e-02,8.019603e-03,2.227668e-04,4.308453e+00
1.400000e+01,9.783916e-01,1.292047e-02,8.465137e-03,2.227668e-04,4.271103e+00
1.416667e+01,9.768323e-01,1.425707e-02,8.687904e-03,2.227668e-04,4.234557e+00
1.433333e+01,9.761640e-01,1.447984e-02,9.133437e-03,2.227668e-04,4.199394e+00
1.450000e+01,9.752729e-01,1.537091e-02,9.133437e-03,2.227668e-04,4.165786e+00
1.466667e+01,9.752729e-01,1.514814e-02,9.356204e-03,2.227668e-04,4.134250e+00
1.483333e+01,9.752729e-01,1.447984e-02,1.002450e-02,2.227668e-04,4.105442e+00
1.500000e+01,9.746046e-01,1.514814e-02,1.002450e-02,2.227668e-04,4.080190e+00
1.516667e+01,9.734908e-01,1.626197e-02,1.002450e-02,2.227668e-04,4.059494e+00
1.533333e+01,9.723769e-01,1.737581e-02,1.002450e-02,2.227668e-04,4.044496e+00
1.550000e+01,9.717086e-01,1.804411e-02,1.002450e-02,2.227668e-04,4.036448e+00
1.566667e+01,9.714859e-01,1.782134e-02,1.047004e-02,2.227668e-04,4.036610e+00
1.583333e+01,9.708176e-01,1.782134e-02,1.113834e-02,2.227668e-04,4.046107e+00
1.600000e+01,9.694810e-01,1.893517e-02,1.136110e-02,2.227668e-04,4.065952e+00
1.616667e+01,9.692582e-01,1.848964e-02,1.202941e-02,2.227668e-04,4.096367e+00
1.633333e+01,9.683671e-01,1.893517e-02,1.247494e-02,2.227668e-04,4.137251e+00
1.650000e+01,9.681444e-01,1.804411e-02,1.358877e-02,2.227668e-04,4.187967e+00
1.666667e+01,9.679216e-01,1.759857e-02,1.425707e-02,2.227668e-04,4.247492e+00
1.683333e+01,9.674761e-01,1.782134e-02,1.447984e-02,2.227668e-04,4.315297e+00
1.700000e+01,9.672533e-01,1.759857e-02,1.492537e-02,2.227668e-04,4.389241e+00
1.716667e+01,9.665850e-01,1.737581e-02,1.581644e-02,2.227668e-04,4.468014e+00
1.733333e+01,9.663622e-01,1.670751e-02,1.670751e-02,2.227668e-04,4.550463e+00
1.750000e+01,9.659167e-01,1.670751e-02,1.715304e-02,2.227668e-04,4.635890e+00
1.766667e+01,9.650256e-01,1.759857e-02,1.715304e-02,2.227668e-04,4.723706e+00
1.783333e+01,9.648029e-01,1.759857e-02,1.737581e-02,2.227668e-04,4.812460e+00
1.800000e+01,9.648029e-01,1.715304e-02,1.782134e-02,2.227668e-04,4.901590e+00
1.816667e+01,9.641346e-01,1.715304e-02,1.848964e-02,2.227668e-04,4.990633e+00
1.833333e+01,9.634663e-01,1.737581e-02,1.893517e-02,2.227668e-04,5.079179e+00
1.850000e+01,9.630207e-01,1.759857e-02,1.915794e-02,2.227668e-04,5.166887e+00
1.866667e+01,9.625752e-01,1.737581e-02,1.982624e-02,2.227668e-04,5.253399e+00
1.883333e+01,9.623524e-01,1.693027e-02,2.049454e-02,2.227668e-04,5.338414e+00
1.900000e+01,9.616841e-01,1.693027e-02,2.116284e-02,2.227668e-04,5.421670e+00
1.916667e+01,9.612386e-01,1.693027e-02,2.160838e-02,2.227668e-04,5.503264e+00
1.933333e+01,9.603475e-01,1.737581e-02,2.205391e-02,2.227668e-04,5.582636e+00
1.950000e+01,9.594564e-01,1.693027e-02,2.339051e-02,2.227668e-04,5.659621e+00
1.966667e+01,9.590109e-01,1.670751e-02,2.405881e-02,2.227668e-04,5.734193e+00
1.983333e+01,9.587881e-01,1.670751e-02,2.405881e-02,4.455335e-04,5.806352e+00
2.000000e+01,9.578971e-01,1.737581e-02,2.428158e-02,4.455335e-04,5.876094e+00
2.016667e+01,9.563377e-01,1.871241e-02,2.450434e-02,4.455335e-04,5.933190e+00
2.033333e+01,9.558922e-01,1.893517e-02,2.472711e-02,4.455335e-04,5.992336e+00
2.050000e+01,9.545556e-01,1.982624e-02,2.517264e-02,4.455335e-04,6.052277e+00
2.066667e+01,9.532190e-01,2.094008e-02,2.539541e-02,4.455335e-04,6.112313e+00
2.083333e+01,9.516596e-01,2.205391e-02,2.584094e-02,4.455335e-04,6.171903e+00
2.100000e+01,9.498775e-01,2.272221e-02,2.695478e-02,4.455335e-04,6.230651e+00
2.116667e+01,9.489864e-01,2.361328e-02,2.695478e-02,4.455335e-04,6.288288e+00
2.133333e+01,9.476498e-01,2.339051e-02,2.851415e-02,4.455335e-04,6.344843e+00
2.150000e+01,9.472043e-01,2.272221e-02,2.895968e-02,1.113834e-03,6.399974e+00
2.166667e+01,9.463132e-01,2.339051e-02,2.873691e-02,1.559367e-03,6.459289e+00
2.183333e+01,9.451994e-01,2.339051e-02,2.962798e-02,1.782134e-03,6.499156e+00
2.200000e+01,9.429717e-01,2.494988e-02,2.985075e-02,2.227668e-03,6.532387e+00
2.216667e+01,9.409668e-01,2.650924e-02,3.007351e-02,2.450434e-03,6.565769e+00
2.233333e+01,9.385164e-01,2.784585e-02,3.096458e-02,2.673201e-03,6.592564e+00
2.250000e+01,9.365115e-01,2.895968e-02,3.163288e-02,2.895968e-03,6.620150e+00
2.266667e+01,9.351749e-01,3.007351e-02,3.141011e-02,3.341501e-03,6.649211e+00
2.283333e+01,9.331700e-01,3.096458e-02,3.207841e-02,3.787035e-03,6.677622e+00
2.300000e+01,9.316106e-01,3.141011e-02,3.296948e-02,4.009802e-03,6.703620e+00
2.316667e+01,9.280463e-01,3.408331e-02,3.363778e-02,4.232569e-03,6.728194e+00
2.333333e+01,9.273780e-01,3.341501e-02,3.430608e-02,4.900869e-03,6.755093e+00
2.350000e+01,9.255959e-01,3.430608e-02,3.475162e-02,5.346402e-03,6.783718e+00
2.366667e+01,9.238138e-01,3.541992e-02,3.497438e-02,5.791936e-03,6.809857e+00
2.383333e+01,9.224772e-01,3.586545e-02,3.586545e-02,5.791936e-03,6.836333e+00
2.400000e+01,9.195812e-01,3.742482e-02,3.631098e-02,6.683003e-03,6.861456e+00
2.416667e+01,9.184674e-01,3.742482e-02,3.653375e-02,7.574070e-03,6.889799e+00
2.433333e+01,9.166852e-01,3.831588e-02,3.720205e-02,7.796837e-03,6.913583e+00
2.450000e+01,9.151259e-01,3.831588e-02,3.809312e-02,8.465137e-03,6.931836e+00
2.466667e+01,9.133437e-01,3.965248e-02,3.787035e-02,9.133437e-03,6.953335e+00
2.483333e+01,9.117844e-01,4.032078e-02,3.853865e-02,9.356204e-03,6.974181e+00
2.500000e+01,9.097795e-01,4.076632e-02,3.987525e-02,9.578971e-03,6.994638e+00
2.516667e+01,9.084429e-01,4.121185e-02,4.032078e-02,1.002450e-02,7.015705e+00
2.533333e+01,9.055469e-01,4.343952e-02,4.032078e-02,1.069280e-02,7.037438e+00
2.550000e+01,9.039875e-01,4.388505e-02,4.098908e-02,1.113834e-02,7.058699e+00
2.566667e+01,9.017599e-01,4.388505e-02,4.254845e-02,1.180664e-02,7.077201e+00
2.583333e+01,8.995322e-01,4.433059e-02,4.343952e-02,1.269771e-02,7.094555e+00
2.600000e+01,8.973045e-01,4.544442e-02,4.388505e-02,1.336601e-02,7.109024e+00
2.616667e+01,8.948541e-01,4.633549e-02,4.522165e-02,1.358877e-02,7.120783e+00
2.633333e+01,8.924037e-01,4.722655e-02,4.633549e-02,1.403431e-02,7.130233e+00
2.650000e+01,8.897305e-01,4.834039e-02,4.700379e-02,1.492537e-02,7.140703e+00
2.666667e+01,8.883939e-01,4.834039e-02,4.767209e-02,1.559367e-02,7.150451e+00
2.683333e+01,8.877256e-01,4.811762e-02,4.744932e-02,1.670751e-02,7.157164e+00
2.700000e+01,8.852751e-01,4.923145e-02,4.789485e-02,1.759857e-02,7.162404e+00
2.716667e+01,8.830474e-01,4.967699e-02,4.900869e-02,1.826687e-02,7.164939e+00
2.733333e+01,8.799287e-01,5.145912e-02,4.923145e-02,1.938071e-02,7.166230e+00
2.750000e+01,8.777010e-01,5.279572e-02,4.967699e-02,1.982624e-02,7.167200e+00
2.766667e+01,8.754734e-01,5.346402e-02,5.034529e-02,2.071731e-02,7.166289e+00
2.783333e+01,8.730229e-01,5.435509e-02,5.145912e-02,2.116284e-02,7.165286e+00
2.800000e+01,8.716863e-01,5.435509e-02,5.257296e-02,2.138561e-02,7.163902e+00
2.816667e+01,8.692359e-01,5.524616e-02,5.390956e-02,2.160838e-02,7.163206e+00
2.833333e+01,8.672310e-01,5.546892e-02,5.524616e-02,2.205391e-02,7.163652e+00
2.850000e+01,8.652261e-01,5.569169e-02,5.658276e-02,2.249944e-02,7.165315e+00
2.866667e+01,8.621074e-01,5.702829e-02,5.814213e-02,2.272221e-02,7.166852e+00
2.883333e+01,8.607708e-01,5.635999e-02,5.992426e-02,2.294498e-02,7.168332e+00
2.900000e+01,8.587659e-01,5.658276e-02,6.126086e-02,2.339051e-02,7.170599e+00
2.916667e+01,8.565382e-01,5.680552e-02,6.282023e-02,2.383604e-02,7.174670e+00
2.933333e+01,8.531967e-01,5.925596e-02,6.304299e-02,2.450434e-02,7.178146e+00
2.950000e+01,8.511918e-01,5.947873e-02,6.460236e-02,2.472711e-02,7.181228e+00
2.966667e+01,8.494097e-01,6.014703e-02,6.482513e-02,2.561818e-02,7.182312e+00
2.983333e+01,8.471820e-01,6.215193e-02,6.437959e-02,2.628648e-02,7.185068e+00
3.000000e+01,8.451771e-01,6.170639e-02,6.660726e-02,2.650924e-02,7.185902e+00
3.016667e+01,8.425039e-01,6.192916e-02,6.816663e-02,2.740031e-02,7.185406e+00
3.033333e+01,8.404990e-01,6.059256e-02,7.017153e-02,2.873691e-02,7.186824e+00
3.050000e+01,8.384941e-01,6.126086e-02,7.083983e-02,2.940521e-02,7.186634e+00
3.066667e+01,8.347071e-01,6.304299e-02,7.173090e-02,3.051905e-02,7.181100e+00
3.083333e+01,8.320339e-01,6.348853e-02,7.329027e-02,3.118735e-02,7.174827e+00
3.100000e+01,8.300290e-01,6.415683e-02,7.418133e-02,3.163288e-02,7.165317e+00
3.116667e+01,8.273558e-01,6.571620e-02,7.484963e-02,3.207841e-02,7.154918e+00
3.133333e+01,8.255736e-01,6.638450e-02,7.551793e-02,3.252395e-02,7.144633e+00
3.150000e+01,8.229004e-01,6.705280e-02,7.752283e-02,3.252395e-02,7.134799e+00
3.166667e+01,8.211183e-01,6.638450e-02,7.952773e-02,3.296948e-02,7.125366e+00
3.183333e+01,8.186679e-01,6.749833e-02,8.019603e-02,3.363778e-02,7.122219e+00
3.200000e+01,8.159947e-01,6.861216e-02,8.153264e-02,3.386055e-02,7.120765e+00
3.216667e+01,8.130987e-01,7.017153e-02,8.220094e-02,3.452885e-02,7.118751e+00
3.233333e+01,8.106483e-01,7.083983e-02,8.331477e-02,3.519715e-02,7.119326e+00
3.250000e+01,8.095344e-01,7.017153e-02,8.487414e-02,3.541992e-02,7.120574e+00
3.266667e+01,8.079751e-01,6.972600e-02,8.621074e-02,3.608822e-02,7.123020e+00
3.283333e+01,8.050791e-01,7.083983e-02,8.754734e-02,3.653375e-02,7.129013e+00
3.300000e+01,8.024059e-01,7.061706e-02,9.022054e-02,3.675652e-02,7.136088e+00
3.316667e+01,7.997327e-01,7.173090e-02,9.133437e-02,3.720205e-02,7.145450e+00
3.333333e+01,7.977278e-01,7.061706e-02,9.356204e-02,3.809312e-02,7.159170e+00
3.350000e+01,7.952773e-01,7.061706e-02,9.534417e-02,3.876142e-02,7.174735e+00
3.366667e+01,7.926041e-01,7.150813e-02,9.645801e-02,3.942972e-02,7.191487e+00
3.383333e+01,7.908220e-01,7.239920e-02,9.601247e-02,4.076632e-02,7.209510e+00
3.400000e+01,7.890399e-01,7.239920e-02,9.734908e-02,4.121185e-02,7.229277e+00
3.416667e+01,7.868122e-01,7.195366e-02,9.913121e-02,4.210292e-02,7.246557e+00
3.433333e+01,7.850301e-01,7.329027e-02,9.846291e-02,4.321675e-02,7.266424e+00
3.450000e+01,7.823569e-01,7.395857e-02,9.913121e-02,4.455335e-02,7.287234e+00
3.466667e+01,7.807975e-01,7.418133e-02,9.935398e-02,4.566719e-02,7.307176e+00
3.483333e+01,7.783471e-01,7.574070e-02,9.913121e-02,4.678102e-02,7.326082e+00
3.500000e+01,7.754511e-01,7.663177e-02,1.000223e-01,4.789485e-02,7.343592e+00
3.516667e+01,7.750056e-01,7.596347e-02,1.002450e-01,4.878592e-02,7.361784e+00
3.533333e+01,7.738917e-01,7.529517e-02,1.013589e-01,4.945422e-02,7.380501e+00
3.550000e+01,7.716641e-01,7.574070e-02,1.018044e-01,5.079082e-02,7.399180e+00
3.566667e+01,7.698819e-01,7.618623e-02,1.024727e-01,5.145912e-02,7.419308e+00
3.583333e+01,7.680998e-01,7.529517e-02,1.022499e-01,5.435509e-02,7.438730e+00
3.600000e+01,7.652038e-01,7.618623e-02,1.026955e-01,5.591446e-02,7.458483e+00
3.616667e+01,7.627534e-01,7.574070e-02,1.031410e-01,5.836489e-02,7.471745e+00
3.633333e+01,7.598574e-01,7.574070e-02,1.055914e-01,5.881043e-02,7.484947e+00
3.650000e+01,7.587436e-01,7.574070e-02,1.047004e-01,6.081533e-02,7.494395e+00
3.666667e+01,7.556249e-01,7.574070e-02,1.055914e-01,6.304299e-02,7.505408e+00
3.683333e+01,7.527289e-01,7.507240e-02,1.082646e-01,6.393406e-02,7.514065e+00
3.700000e+01,7.509468e-01,7.462687e-02,1.098240e-01,6.460236e-02,7.520354e+00
3.716667e+01,7.493874e-01,7.351303e-02,1.107151e-01,6.638450e-02,7.528801e+00
3.733333e+01,7.476053e-01,7.395857e-02,1.107151e-01,6.772110e-02,7.539361e+00
3.750000e+01,7.451548e-01,7.507240e-02,1.113834e-01,6.838940e-02,7.549280e+00
3.766667e+01,7.422589e-01,7.574070e-02,1.129427e-01,6.905770e-02,7.558437e+00
3.783333e+01,7.398084e-01,7.618623e-02,1.133883e-01,7.061706e-02,7.569237e+00
3.800000e+01,7.371352e-01,7.685453e-02,1.147249e-01,7.128536e-02,7.581216e+00
3.816667e+01,7.353531e-01,7.663177e-02,1.147249e-01,7.329027e-02,7.592425e+00
3.833333e+01,7.337937e-01,7.618623e-02,1.149476e-01,7.507240e-02,7.604388e+00
3.850000e+01,7.317888e-01,7.574070e-02,1.156160e-01,7.685453e-02,7.615559e+00
3.866667e+01,7.280018e-01,7.796837e-02,1.156160e-01,7.841390e-02,7.625584e+00
3.883333e+01,7.259969e-01,7.685453e-02,1.165070e-01,8.064157e-02,7.635518e+00
3.900000e+01,7.210960e-01,8.019603e-02,1.165070e-01,8.220094e-02,7.644737e+00
3.916667e+01,7.197594e-01,7.752283e-02,1.191802e-01,8.353754e-02,7.652796e+00
3.933333e+01,7.164179e-01,7.863667e-02,1.185119e-01,8.643350e-02,7.660784e+00
3.950000e+01,7.130764e-01,8.019603e-02,1.185119e-01,8.821564e-02,7.670369e+00
3.966667e+01,7.095121e-01,8.242370e-02,1.180664e-01,8.999777e-02,7.677735e+00
3.983333e+01,7.066162e-01,8.242370e-02,1.194030e-01,9.155714e-02,7.684251e+00
4.000000e+01,7.052796e-01,8.153264e-02,1.187347e-01,9.445311e-02,7.690880e+00
4.016667e+01,7.021608e-01,8.153264e-02,1.198485e-01,9.645801e-02,7.697658e+00
4.033333e+01,6.981510e-01,8.175540e-02,1.209624e-01,9.913121e-02,7.702660e+00
4.050000e+01,6.952551e-01,8.197817e-02,1.220762e-01,1.006906e-01,7.707552e+00
4.066667e+01,6.921363e-01,8.242370e-02,1.225217e-01,1.029182e-01,7.711575e+00
4.083333e+01,6.883493e-01,8.398307e-02,1.234128e-01,1.042548e-01,7.716194e+00
4.100000e+01,6.850078e-01,8.531967e-02,1.238583e-01,1.058142e-01,7.720306e+00
4.116667e+01,6.823346e-01,8.665627e-02,1.225217e-01,1.084874e-01,7.724895e+00
4.133333e+01,6.789931e-01,8.710180e-02,1.240811e-01,1.098240e-01,7.730483e+00
4.150000e+01,6.747605e-01,8.910671e-02,1.251949e-01,1.109378e-01,7.735015e+00
4.166667e+01,6.720873e-01,8.732457e-02,1.278681e-01,1.127200e-01,7.740393e+00
4.183333e+01,6.698597e-01,8.643350e-02,1.285364e-01,1.151704e-01,7.746261e+00
4.200000e+01,6.660726e-01,8.977501e-02,1.271998e-01,1.169526e-01,7.752280e+00
4.216667e+01,6.627311e-01,9.088884e-02,1.278681e-01,1.185119e-01,7.757382e+00
4.233333e+01,6.567164e-01,9.489864e-02,1.263088e-01,1.220762e-01,7.762453e+00
4.250000e+01,6.522611e-01,9.556694e-02,1.276454e-01,1.245266e-01,7.768226e+00
4.266667e+01,6.486968e-01,9.690354e-02,1.274226e-01,1.269771e-01,7.771714e+00
4.283333e+01,6.451325e-01,9.712631e-02,1.276454e-01,1.300958e-01,7.774637e+00
4.300000e+01,6.420138e-01,9.734908e-02,1.271998e-01,1.334373e-01,7.776793e+00
4.316667e+01,6.373357e-01,9.913121e-02,1.278681e-01,1.356650e-01,7.777172e+00
4.333333e+01,6.351080e-01,9.913121e-02,1.285364e-01,1.372243e-01,7.775974e+00
4.350000e+01,6.315438e-01,1.002450e-01,1.285364e-01,1.396748e-01,7.775133e+00
4.366667e+01,6.275340e-01,1.011361e-01,1.276454e-01,1.436846e-01,7.775882e+00
4.383333e+01,6.237469e-01,1.024727e-01,1.287592e-01,1.450212e-01,7.776188e+00
4.400000e+01,6.204054e-01,1.038093e-01,1.285364e-01,1.472488e-01,7.774226e+00
4.416667e+01,6.166184e-01,1.044776e-01,1.289820e-01,1.499220e-01,7.773271e+00
4.433333e+01,6.126086e-01,1.060370e-01,1.294275e-01,1.519269e-01,7.773044e+00
4.450000e+01,6.094899e-01,1.062597e-01,1.305413e-01,1.537091e-01,7.771982e+00
4.466667e+01,6.057028e-01,1.071508e-01,1.318779e-01,1.552684e-01,7.771323e+00
4.483333e+01,6.010247e-01,1.080419e-01,1.334373e-01,1.574961e-01,7.771766e+00
4.500000e+01,5.965694e-01,1.091557e-01,1.352194e-01,1.590555e-01,7.772625e+00
4.516667e+01,5.932279e-01,1.089329e-01,1.361105e-01,1.617287e-01,7.772980e+00
4.533333e+01,5.892181e-01,1.116061e-01,1.345511e-01,1.646246e-01,7.774007e+00
4.550000e+01,5.847628e-01,1.131655e-01,1.352194e-01,1.668523e-01,7.774465e+00
4.566667e+01,5.816440e-01,1.142793e-01,1.347739e-01,1.693027e-01,7.773549e+00
4.583333e+01,5.780798e-01,1.153932e-01,1.347739e-01,1.717532e-01,7.772385e+00
4.600000e+01,5.742927e-01,1.176209e-01,1.347739e-01,1.733125e-01,7.770320e+00
4.616667e+01,5.709512e-01,1.173981e-01,1.365560e-01,1.750947e-01,7.768781e+00
4.633333e+01,5.682780e-01,1.171753e-01,1.363333e-01,1.782134e-01,7.768393e+00
4.650000e+01,5.656048e-01,1.171753e-01,1.367788e-01,1.804411e-01,7.767899e+00
4.666667e+01,5.622633e-01,1.176209e-01,1.378926e-01,1.822232e-01,7.765970e+00
4.683333e+01,5.602584e-01,1.153932e-01,1.405658e-01,1.837826e-01,7.763983e+00
4.700000e+01,5.573624e-01,1.151704e-01,1.425707e-01,1.848964e-01,7.762342e+00
4.716667e+01,5.529071e-01,1.169526e-01,1.423480e-01,1.877924e-01,7.761830e+00
4.733333e+01,5.495656e-01,1.178436e-01,1.432390e-01,1.893517e-01,7.762563e+00
4.750000e+01,5.453330e-01,1.194030e-01,1.445756e-01,1.906883e-01,7.761583e+00
4.766667e+01,5.408777e-01,1.205168e-01,1.468033e-01,1.918022e-01,7.761568e+00
4.783333e+01,5.377590e-01,1.189575e-01,1.499220e-01,1.933616e-01,7.762058e+00
4.800000e+01,5.328581e-01,1.194030e-01,1.510359e-01,1.967031e-01,7.764012e+00
4.816667e+01,5.266206e-01,1.216307e-01,1.528180e-01,1.989307e-01,7.766442e+00
4.833333e+01,5.235019e-01,1.218534e-01,1.530408e-01,2.016039e-01,7.767332e+00
4.850000e+01,5.188238e-01,1.234128e-01,1.539318e-01,2.038316e-01,7.767567e+00
4.866667e+01,5.159278e-01,1.234128e-01,1.554912e-01,2.051682e-01,7.767355e+00
4.883333e+01,5.128091e-01,1.225217e-01,1.574961e-01,2.071731e-01,7.766584e+00
4.900000e+01,5.112497e-01,1.207396e-01,1.592782e-01,2.087325e-01,7.766986e+00
4.916667e+01,5.085765e-01,1.214079e-01,1.586099e-01,2.114057e-01,7.767534e+00
4.933333e+01,5.038984e-01,1.218534e-01,1.595010e-01,2.147472e-01,7.769193e+00
4.950000e+01,5.005569e-01,1.209624e-01,1.619514e-01,2.165293e-01,7.770589e+00
4.966667e+01,4.965471e-01,1.220762e-01,1.635108e-01,2.178659e-01,7.770466e+00
4.983333e+01,4.940967e-01,1.214079e-01,1.650702e-01,2.194253e-01,7.770787e+00
