Time,U,I1,I2,D,Ve
0.000000e+00,9.997772e-01,2.227668e-04,0.000000e+00,0.000000e+00,-inf
1.666667e-01,9.997772e-01,2.227668e-04,0.000000e+00,0.000000e+00,-inf
3.333333e-01,9.997772e-01,2.227668e-04,0.000000e+00,0.000000e+00,-inf
5.000000e-01,9.997772e-01,2.227668e-04,0.000000e+00,0.000000e+00,-inf
6.666667e-01,9.997772e-01,2.227668e-04,0.000000e+00,0.000000e+00,-inf
8.333333e-01,9.997772e-01,2.227668e-04,0.000000e+00,0.000000e+00,-inf
1.000000e+00,9.997772e-01,2.227668e-04,0.000000e+00,0.000000e+00,-inf
1.166667e+00,9.997772e-01,2.227668e-04,0.000000e+00,0.000000e+00,-inf
1.333333e+00,9.997772e-01,2.227668e-04,0.000000e+00,0.000000e+00,-inf
1.500000e+00,9.997772e-01,2.227668e-04,0.000000e+00,0.000000e+00,-inf
1.666667e+00,9.997772e-01,2.227668e-04,0.000000e+00,0.000000e+00,-inf
1.833333e+00,9.997772e-01,2.227668e-04,0.000000e+00,0.000000e+00,-inf
2.000000e+00,9.997772e-01,2.227668e-04,0.000000e+00,0.000000e+00,-inf
2.166667e+00,9.997772e-01,2.227668e-04,0.000000e+00,0.000000e+00,-inf
2.333333e+00,9.997772e-01,2.227668e-04,0.000000e+00,0.000000e+00,-inf
2.500000e+00,9.997772e-01,2.227668e-04,0.000000e+00,0.000000e+00,-inf
2.666667e+00,9.997772e-01,2.227668e-04,0.000000e+00,0.000000e+00,-inf
2.833333e+00,9.997772e-01,2.227668e-04,0.000000e+00,0.000000e+00,-inf
3.000000e+00,9.997772e-01,2.227668e-04,0.000000e+00,0.000000e+00,-inf
3.166667e+00,9.997772e-01,2.227668e-04,0.000000e+00,0.000000e+00,-inf
3.333333e+00,9.997772e-01,2.227668e-04,0.000000e+00,0.000000e+00,-inf
3.500000e+00,9.997772e-01,2.227668e-04,0.000000e+00,0.000000e+00,-inf
3.666667e+00,9.997772e-01,2.227668e-04,0.000000e+00,0.000000e+00,-inf
3.833333e+00,9.997772e-01,2.227668e-04,0.000000e+00,0.000000e+00,-inf
4.000000e+00,9.997772e-01,2.227668e-04,0.000000e+00,0.000000e+00,-inf
4.166667e+00,9.997772e-01,2.227668e-04,0.000000e+00,0.000000e+00,-inf
4.333333e+00,9.997772e-01,2.227668e-04,0.000000e+00,0.000000e+00,-inf
4.500000e+00,9.997772e-01,2.227668e-04,0.000000e+00,0.000000e+00,-inf
4.666667e+00,9.997772e-01,2.227668e-04,0.000000e+00,0.000000e+00,-inf
4.833333e+00,9.997772e-01,2.227668e-04,0.000000e+00,0.000000e+00,-inf
5.000000e+00,9.997772e-01,2.227668e-04,0.000000e+00,0.000000e+00,-inf
5.166667e+00,9.997772e-01,2.227668e-04,0.000000e+00,0.000000e+00,-inf
5.333333e+00,9.997772e-01,2.227668e-04,0.000000e+00,0.000000e+00,-inf
5.500000e+00,9.997772e-01,2.227668e-04,0.000000e+00,0.000000e+00,-inf
5.666667e+00,9.997772e-01,2.227668e-04,0.000000e+00,0.000000e+00,-inf
5.833333e+00,9.997772e-01,2.227668e-04,0.000000e+00,0.000000e+00,-inf
6.000000e+00,9.997772e-01,2.227668e-04,0.000000e+00,0.000000e+00,-inf
6.166667e+00,9.997772e-01,2.227668e-04,0.000000e+00,0.000000e+00,-inf
6.333333e+00,9.997772e-01,2.227668e-04,0.000000e+00,0.000000e+00,-inf
6.500000e+00,9.997772e-01,2.227668e-04,0.000000e+00,0.000000e+00,-inf
6.666667e+00,9.997772e-01,2.227668e-04,0.000000e+00,0.000000e+00,-inf
6.833333e+00,9.997772e-01,2.227668e-04,0.000000e+00,0.000000e+00,-inf
7.000000e+00,9.997772e-01,2.227668e-04,0.000000e+00,0.000000e+00,-inf
7.166667e+00,9.997772e-01,2.227668e-04,0.000000e+00,0.000000e+00,-inf
7.333333e+00,9.997772e-01,2.227668e-04,0.000000e+00,0.000000e+00,-inf
7.500000e+00,9.997772e-01,2.227668e-04,0.000000e+00,0.000000e+00,-inf
7.666667e+00,9.997772e-01,2.227668e-04,0.000000e+00,0.000000e+00,-inf
7.833333e+00,9.997772e-01,2.227668e-04,0.000000e+00,0.000000e+00,-inf
8.000000e+00,9.997772e-01,2.227668e-04,0.000000e+00,0.000000e+00,-inf
8.166667e+00,9.997772e-01,2.227668e-04,0.000000e+00,0.000000e+00,-inf
8.333333e+00,9.997772e-01,2.227668e-04,0.000000e+00,0.000000e+00,-inf
8.500000e+00,9.997772e-01,2.227668e-04,0.000000e+00,0.000000e+00,-inf
8.666667e+00,9.997772e-01,2.227668e-04,0.000000e+00,0.000000e+00,-inf
8.833333e+00,9.997772e-01,2.227668e-04,0.000000e+00,0.000000e+00,-inf
9.000000e+00,9.997772e-01,2.227668e-04,0.000000e+00,0.000000e+00,-inf
9.166667e+00,9.997772e-01,2.227668e-04,0.000000e+00,0.000000e+00,-inf
9.333333e+00,9.997772e-01,2.227668e-04,0.000000e+00,0.000000e+00,-inf
9.500000e+00,9.997772e-01,2.227668e-04,0.000000e+00,0.000000e+00,-inf
9.666667e+00,9.997772e-01,2.227668e-04,0.000000e+00,0.000000e+00,-inf
9.833333e+00,9.997772e-01,2.227668e-04,0.000000e+00,0.000000e+00,-inf
1.000000e+01,9.997772e-01,2.227668e-04,0.000000e+00,0.000000e+00,-inf
1.016667e+01,9.997772e-01,2.227668e-04,0.000000e+00,0.000000e+00,-inf
1.033333e+01,9.997772e-01,2.227668e-04,0.000000e+00,0.000000e+00,-inf
1.050000e+01,9.997772e-01,2.227668e-04,0.000000e+00,0.000000e+00,-inf
1.066667e+01,9.997772e-01,2.227668e-04,0.000000e+00,0.000000e+00,-inf
1.083333e+01,9.997772e-01,2.227668e-04,0.000000e+00,0.000000e+00,-inf
1.100000e+01,9.997772e-01,2.227668e-04,0.000000e+00,0.000000e+00,-inf
1.116667e+01,9.997772e-01,2.227668e-04,0.000000e+00,0.000000e+00,-inf
1.133333e+01,9.997772e-01,2.227668e-04,0.000000e+00,0.000000e+00,-inf
1.150000e+01,9.997772e-01,2.227668e-04,0.000000e+00,0.000000e+00,-inf
1.166667e+01,9.997772e-01,2.227668e-04,0.000000e+00,0.000000e+00,-inf
1.183333e+01,9.997772e-01,2.227668e-04,0.000000e+00,0.000000e+00,-inf
1.200000e+01,9.997772e-01,2.227668e-04,0.000000e+00,0.000000e+00,-inf
1.216667e+01,9.997772e-01,2.227668e-04,0.000000e+00,0.000000e+00,-inf
1.233333e+01,9.997772e-01,0.000000e+00,2.227668e-04,0.000000e+00,-inf
1.250000e+01,9.997772e-01,0.000000e+00,2.227668e-04,0.000000e+00,-inf
1.266667e+01,9.977723e-01,2.004901e-03,2.227668e-04,0.000000e+00,4.393927e+00
1.283333e+01,9.964357e-01,3.118735e-03,4.455335e-04,0.000000e+00,4.704038e+00
1.300000e+01,9.953219e-01,4.009802e-03,4.455335e-04,2.227668e-04,4.888492e+00
1.316667e+01,9.944308e-01,4.455335e-03,8.910671e-04,2.227668e-04,5.020751e+00
1.333333e+01,9.930942e-01,5.569169e-03,1.113834e-03,2.227668e-04,4.981185e+00
1.350000e+01,9.915349e-01,6.905770e-03,1.336601e-03,2.227668e-04,4.941620e+00
1.366667e+01,9.906438e-01,7.574070e-03,1.559367e-03,2.227668e-04,4.902055e+00
1.383333e+01,9.895300e-01,8.465137e-03,1.782134e-03,2.227668e-04,4.862489e+00
1.400000e+01,9.870795e-01,1.069280e-02,2.004901e-03,2.227668e-04,4.822924e+00
1.416667e+01,9.855202e-01,1.202941e-02,2.227668e-03,2.227668e-04,4.783360e+00
1.433333e+01,9.839608e-01,1.336601e-02,2.450434e-03,2.227668e-04,4.743795e+00
1.450000e+01,9.828470e-01,1.425707e-02,2.673201e-03,2.227668e-04,4.704231e+00
1.466667e+01,9.817331e-01,1.537091e-02,2.673201e-03,2.227668e-04,4.664667e+00
1.483333e+01,9.803965e-01,1.603921e-02,3.341501e-03,2.227668e-04,4.625105e+00
1.500000e+01,9.795055e-01,1.670751e-02,3.564268e-03,2.227668e-04,4.585543e+00
1.516667e+01,9.781689e-01,1.759857e-02,4.009802e-03,2.227668e-04,4.545983e+00
1.533333e+01,9.768323e-01,1.871241e-02,4.232569e-03,2.227668e-04,4.506425e+00
1.550000e+01,9.757184e-01,1.938071e-02,4.678102e-03,2.227668e-04,4.466871e+00
1.566667e+01,9.750501e-01,2.004901e-02,4.678102e-03,2.227668e-04,4.427322e+00
1.583333e+01,9.732680e-01,2.138561e-02,5.123636e-03,2.227668e-04,4.387779e+00
1.600000e+01,9.725997e-01,2.160838e-02,5.569169e-03,2.227668e-04,4.348245e+00
1.616667e+01,9.719314e-01,2.227668e-02,5.569169e-03,2.227668e-04,4.308724e+00
1.633333e+01,9.714859e-01,2.183114e-02,6.460236e-03,2.227668e-04,4.269220e+00
1.650000e+01,9.705948e-01,2.183114e-02,7.351303e-03,2.227668e-04,4.229738e+00
1.666667e+01,9.701493e-01,2.227668e-02,7.351303e-03,2.227668e-04,4.190293e+00
1.683333e+01,9.699265e-01,2.160838e-02,8.242370e-03,2.227668e-04,4.150899e+00
1.700000e+01,9.688127e-01,2.160838e-02,9.356204e-03,2.227668e-04,4.111569e+00
1.716667e+01,9.672533e-01,2.272221e-02,9.801738e-03,2.227668e-04,4.072338e+00
1.733333e+01,9.670305e-01,2.183114e-02,1.091557e-02,2.227668e-04,4.033254e+00
1.750000e+01,9.659167e-01,2.183114e-02,1.202941e-02,2.227668e-04,3.994352e+00
1.766667e+01,9.659167e-01,2.049454e-02,1.336601e-02,2.227668e-04,3.955778e+00
1.783333e+01,9.645801e-01,2.160838e-02,1.358877e-02,2.227668e-04,3.917572e+00
1.800000e+01,9.643573e-01,2.138561e-02,1.403431e-02,2.227668e-04,3.880257e+00
1.816667e+01,9.643573e-01,2.004901e-02,1.537091e-02,2.227668e-04,3.843757e+00
1.833333e+01,9.636890e-01,1.938071e-02,1.670751e-02,2.227668e-04,3.808369e+00
1.850000e+01,9.630207e-01,1.960348e-02,1.715304e-02,2.227668e-04,3.774637e+00
1.866667e+01,9.627980e-01,1.938071e-02,1.759857e-02,2.227668e-04,3.743615e+00
1.883333e+01,9.621297e-01,1.960348e-02,1.804411e-02,2.227668e-04,3.715638e+00
1.900000e+01,9.619069e-01,1.871241e-02,1.915794e-02,2.227668e-04,3.691468e+00
1.916667e+01,9.612386e-01,1.893517e-02,1.960348e-02,2.227668e-04,3.672313e+00
1.933333e+01,9.607930e-01,1.893517e-02,2.004901e-02,2.227668e-04,3.660876e+00
1.950000e+01,9.605703e-01,1.871241e-02,2.049454e-02,2.227668e-04,3.657374e+00
1.966667e+01,9.601247e-01,1.871241e-02,2.094008e-02,2.227668e-04,3.664085e+00
1.983333e+01,9.599020e-01,1.826687e-02,2.160838e-02,2.227668e-04,3.682765e+00
2.000000e+01,9.596792e-01,1.826687e-02,2.183114e-02,2.227668e-04,3.712539e+00
2.016667e+01,9.592337e-01,1.804411e-02,2.249944e-02,2.227668e-04,3.753371e+00
2.033333e+01,9.587881e-01,1.826687e-02,2.272221e-02,2.227668e-04,3.807057e+00
2.050000e+01,9.587881e-01,1.715304e-02,2.383604e-02,2.227668e-04,3.869605e+00
2.066667e+01,9.581198e-01,1.715304e-02,2.450434e-02,2.227668e-04,3.939584e+00
2.083333e+01,9.581198e-01,1.693027e-02,2.472711e-02,2.227668e-04,4.018396e+00
2.100000e+01,9.578971e-01,1.693027e-02,2.494988e-02,2.227668e-04,4.101702e+00
2.116667e+01,9.576743e-01,1.693027e-02,2.517264e-02,2.227668e-04,4.191252e+00
2.133333e+01,9.576743e-01,1.693027e-02,2.517264e-02,2.227668e-04,4.282694e+00
2.150000e+01,9.572288e-01,1.693027e-02,2.561818e-02,2.227668e-04,4.375592e+00
2.166667e+01,9.565605e-01,1.759857e-02,2.561818e-02,2.227668e-04,4.469494e+00
2.183333e+01,9.561149e-01,1.737581e-02,2.628648e-02,2.227668e-04,4.564249e+00
2.200000e+01,9.558922e-01,1.715304e-02,2.673201e-02,2.227668e-04,4.659481e+00
2.216667e+01,9.556694e-01,1.693027e-02,2.717755e-02,2.227668e-04,4.756561e+00
2.233333e+01,9.550011e-01,1.737581e-02,2.740031e-02,2.227668e-04,4.853685e+00
2.250000e+01,9.541100e-01,1.737581e-02,2.829138e-02,2.227668e-04,4.951021e+00
2.266667e+01,9.534417e-01,1.782134e-02,2.851415e-02,2.227668e-04,5.047975e+00
2.283333e+01,9.523279e-01,1.848964e-02,2.895968e-02,2.227668e-04,5.148297e+00
2.300000e+01,9.516596e-01,1.804411e-02,3.007351e-02,2.227668e-04,5.248022e+00
2.316667e+01,9.509913e-01,1.759857e-02,3.118735e-02,2.227668e-04,5.349291e+00
2.333333e+01,9.487636e-01,1.915794e-02,3.185565e-02,2.227668e-04,5.448693e+00
2.350000e+01,9.476498e-01,1.938071e-02,3.274671e-02,2.227668e-04,5.546620e+00
2.366667e+01,9.458677e-01,2.094008e-02,3.296948e-02,2.227668e-04,5.644193e+00
2.383333e+01,9.445311e-01,2.183114e-02,3.341501e-02,2.227668e-04,5.740613e+00
2.400000e+01,9.431945e-01,2.249944e-02,3.408331e-02,2.227668e-04,5.835646e+00
2.416667e+01,9.423034e-01,2.227668e-02,3.519715e-02,2.227668e-04,5.930077e+00
2.433333e+01,9.398530e-01,2.383604e-02,3.608822e-02,2.227668e-04,6.022964e+00
2.450000e+01,9.374025e-01,2.561818e-02,3.675652e-02,2.227668e-04,6.114980e+00
2.466667e+01,9.360659e-01,2.628648e-02,3.742482e-02,2.227668e-04,6.205190e+00
2.483333e+01,9.351749e-01,2.650924e-02,3.809312e-02,2.227668e-04,6.294127e+00
2.500000e+01,9.336155e-01,2.717755e-02,3.898418e-02,2.227668e-04,6.380913e+00
2.516667e+01,9.320561e-01,2.829138e-02,3.898418e-02,6.683003e-04,6.465179e+00
2.533333e+01,9.304968e-01,2.851415e-02,4.009802e-02,8.910671e-04,6.548012e+00
2.550000e+01,9.289374e-01,2.962798e-02,4.054355e-02,8.910671e-04,6.622645e+00
2.566667e+01,9.276008e-01,3.074181e-02,3.987525e-02,1.782134e-03,6.694730e+00
2.583333e+01,9.264870e-01,3.074181e-02,4.076632e-02,2.004901e-03,6.764821e+00
2.600000e+01,9.242593e-01,3.252395e-02,4.098908e-02,2.227668e-03,6.825121e+00
2.616667e+01,9.224772e-01,3.386055e-02,4.143462e-02,2.227668e-03,6.882429e+00
2.633333e+01,9.202495e-01,3.497438e-02,4.210292e-02,2.673201e-03,6.938439e+00
2.650000e+01,9.189129e-01,3.475162e-02,4.343952e-02,2.895968e-03,6.993269e+00
2.666667e+01,9.164625e-01,3.697928e-02,4.366229e-02,2.895968e-03,7.042888e+00
2.683333e+01,9.142348e-01,3.764758e-02,4.433059e-02,3.787035e-03,7.090038e+00
2.700000e+01,9.126754e-01,3.853865e-02,4.388505e-02,4.900869e-03,7.136165e+00
2.716667e+01,9.104478e-01,4.032078e-02,4.343952e-02,5.791936e-03,7.176989e+00
2.733333e+01,9.091112e-01,4.076632e-02,4.343952e-02,6.683003e-03,7.211086e+00
2.750000e+01,9.066607e-01,4.232569e-02,4.321675e-02,7.796837e-03,7.241039e+00
2.766667e+01,9.039875e-01,4.388505e-02,4.299399e-02,9.133437e-03,7.266994e+00
2.783333e+01,9.019826e-01,4.410782e-02,4.343952e-02,1.047004e-02,7.289139e+00
2.800000e+01,8.986411e-01,4.655825e-02,4.277122e-02,1.202941e-02,7.308063e+00
2.816667e+01,8.973045e-01,4.767209e-02,4.232569e-02,1.269771e-02,7.323891e+00
2.833333e+01,8.930720e-01,5.145912e-02,4.254845e-02,1.292047e-02,7.335568e+00
2.850000e+01,8.917354e-01,5.190466e-02,4.321675e-02,1.314324e-02,7.346518e+00
2.866667e+01,8.895077e-01,5.301849e-02,4.232569e-02,1.514814e-02,7.358250e+00
2.883333e+01,8.875028e-01,5.435509e-02,4.143462e-02,1.670751e-02,7.370793e+00
2.900000e+01,8.861662e-01,5.368679e-02,4.210292e-02,1.804411e-02,7.377380e+00
2.916667e+01,8.832702e-01,5.524616e-02,4.254845e-02,1.893517e-02,7.380870e+00
2.933333e+01,8.801515e-01,5.725106e-02,4.277122e-02,1.982624e-02,7.382256e+00
2.950000e+01,8.777010e-01,5.858766e-02,4.343952e-02,2.027178e-02,7.382233e+00
2.966667e+01,8.756961e-01,5.881043e-02,4.366229e-02,2.183114e-02,7.381054e+00
2.983333e+01,8.743595e-01,5.881043e-02,4.410782e-02,2.272221e-02,7.380181e+00
3.000000e+01,8.728002e-01,5.925596e-02,4.499889e-02,2.294498e-02,7.376327e+00
3.016667e+01,8.694587e-01,6.014703e-02,4.633549e-02,2.405881e-02,7.371317e+00
3.033333e+01,8.672310e-01,6.192916e-02,4.655825e-02,2.428158e-02,7.367774e+00
3.050000e+01,8.661172e-01,6.126086e-02,4.700379e-02,2.561818e-02,7.363529e+00
3.066667e+01,8.632212e-01,6.237469e-02,4.789485e-02,2.650924e-02,7.360761e+00
3.083333e+01,8.603252e-01,6.371129e-02,4.856315e-02,2.740031e-02,7.354770e+00
3.100000e+01,8.565382e-01,6.660726e-02,4.878592e-02,2.806861e-02,7.347694e+00
3.116667e+01,8.547561e-01,6.638450e-02,4.989975e-02,2.895968e-02,7.339195e+00
3.133333e+01,8.531967e-01,6.638450e-02,5.101359e-02,2.940521e-02,7.330770e+00
3.150000e+01,8.503007e-01,6.727556e-02,5.235019e-02,3.007351e-02,7.321902e+00
3.166667e+01,8.471820e-01,6.861216e-02,5.346402e-02,3.074181e-02,7.313070e+00
3.183333e+01,8.449543e-01,6.861216e-02,5.546892e-02,3.096458e-02,7.303854e+00
3.200000e+01,8.431722e-01,6.772110e-02,5.747382e-02,3.163288e-02,7.294264e+00
3.216667e+01,8.402762e-01,6.972600e-02,5.769659e-02,3.230118e-02,7.285437e+00
3.233333e+01,8.364892e-01,7.061706e-02,5.970149e-02,3.319225e-02,7.275521e+00
3.250000e+01,8.342615e-01,7.106260e-02,6.103809e-02,3.363778e-02,7.264557e+00
3.266667e+01,8.309200e-01,7.106260e-02,6.393406e-02,3.408331e-02,7.250897e+00
3.283333e+01,8.282468e-01,7.262196e-02,6.460236e-02,3.452885e-02,7.237231e+00
3.300000e+01,8.262419e-01,7.217643e-02,6.705280e-02,3.452885e-02,7.223126e+00
3.316667e+01,8.235687e-01,7.195366e-02,6.950323e-02,3.497438e-02,7.208987e+00
3.333333e+01,8.202272e-01,7.440410e-02,6.994876e-02,3.541992e-02,7.196991e+00
3.350000e+01,8.188906e-01,7.395857e-02,7.128536e-02,3.586545e-02,7.184629e+00
3.366667e+01,8.168857e-01,7.351303e-02,7.329027e-02,3.631098e-02,7.173154e+00
3.383333e+01,8.155491e-01,7.262196e-02,7.551793e-02,3.631098e-02,7.163222e+00
3.400000e+01,8.122076e-01,7.462687e-02,7.640900e-02,3.675652e-02,7.154190e+00
3.416667e+01,8.102027e-01,7.418133e-02,7.885943e-02,3.675652e-02,7.147981e+00
3.433333e+01,8.075295e-01,7.529517e-02,8.041880e-02,3.675652e-02,7.142052e+00
3.450000e+01,8.048563e-01,7.551793e-02,8.242370e-02,3.720205e-02,7.139359e+00
3.466667e+01,8.039652e-01,7.484963e-02,8.353754e-02,3.764758e-02,7.140017e+00
3.483333e+01,8.017376e-01,7.440410e-02,8.531967e-02,3.853865e-02,7.141372e+00
3.500000e+01,7.992871e-01,7.373580e-02,8.754734e-02,3.942972e-02,7.143059e+00
3.516667e+01,7.963912e-01,7.306750e-02,9.044331e-02,4.009802e-02,7.145550e+00
3.533333e+01,7.937180e-01,7.418133e-02,9.177991e-02,4.032078e-02,7.148650e+00
3.550000e+01,7.908220e-01,7.462687e-02,9.400757e-02,4.054355e-02,7.152614e+00
3.566667e+01,7.892626e-01,7.484963e-02,9.489864e-02,4.098908e-02,7.160562e+00
3.583333e+01,7.870350e-01,7.574070e-02,9.623524e-02,4.098908e-02,7.171950e+00
3.600000e+01,7.852528e-01,7.507240e-02,9.801738e-02,4.165738e-02,7.184645e+00
3.616667e+01,7.825796e-01,7.574070e-02,9.913121e-02,4.254845e-02,7.201502e+00
3.633333e+01,7.816886e-01,7.373580e-02,1.015816e-01,4.299399e-02,7.218582e+00
3.650000e+01,7.792381e-01,7.440410e-02,1.026955e-01,4.366229e-02,7.235525e+00
3.666667e+01,7.770105e-01,7.395857e-02,1.047004e-01,4.433059e-02,7.253815e+00
3.683333e+01,7.752283e-01,7.373580e-02,1.047004e-01,4.633549e-02,7.273275e+00
3.700000e+01,7.734462e-01,7.418133e-02,1.047004e-01,4.767209e-02,7.292642e+00
3.716667e+01,7.709958e-01,7.306750e-02,1.075963e-01,4.834039e-02,7.308849e+00
3.733333e+01,7.669860e-01,7.440410e-02,1.089329e-01,4.967699e-02,7.323876e+00
3.750000e+01,7.643128e-01,7.462687e-02,1.104923e-01,5.056806e-02,7.340432e+00
3.766667e+01,7.623079e-01,7.529517e-02,1.111606e-01,5.123636e-02,7.355359e+00
3.783333e+01,7.600802e-01,7.574070e-02,1.118289e-01,5.235019e-02,7.370835e+00
3.800000e+01,7.569615e-01,7.752283e-02,1.118289e-01,5.368679e-02,7.387400e+00
3.816667e+01,7.551793e-01,7.730007e-02,1.127200e-01,5.480062e-02,7.403206e+00
3.833333e+01,7.531744e-01,7.752283e-02,1.136110e-01,5.569169e-02,7.419000e+00
3.850000e+01,7.511695e-01,7.752283e-02,1.145021e-01,5.680552e-02,7.433687e+00
3.866667e+01,7.500557e-01,7.707730e-02,1.145021e-01,5.836489e-02,7.448474e+00
3.883333e+01,7.473825e-01,7.841390e-02,1.142793e-01,5.992426e-02,7.463250e+00
3.900000e+01,7.458231e-01,7.796837e-02,1.151704e-01,6.103809e-02,7.477063e+00
3.916667e+01,7.438182e-01,7.841390e-02,1.151704e-01,6.259746e-02,7.489437e+00
3.933333e+01,7.404767e-01,7.930497e-02,1.173981e-01,6.282023e-02,7.501913e+00
3.950000e+01,7.378035e-01,8.064157e-02,1.167298e-01,6.482513e-02,7.513965e+00
3.966667e+01,7.364669e-01,7.930497e-02,1.178436e-01,6.638450e-02,7.528701e+00
3.983333e+01,7.340165e-01,7.885943e-02,1.194030e-01,6.772110e-02,7.542335e+00
4.000000e+01,7.329027e-01,7.885943e-02,1.182892e-01,6.994876e-02,7.556326e+00
4.016667e+01,7.308978e-01,7.819113e-02,1.194030e-01,7.150813e-02,7.571408e+00
4.033333e+01,7.286701e-01,7.841390e-02,1.187347e-01,7.418133e-02,7.585008e+00
4.050000e+01,7.268879e-01,7.774560e-02,1.198485e-01,7.551793e-02,7.598520e+00
4.066667e+01,7.246603e-01,7.863667e-02,1.178436e-01,7.885943e-02,7.609740e+00
4.083333e+01,7.210960e-01,8.041880e-02,1.178436e-01,8.064157e-02,7.622334e+00
4.100000e+01,7.190911e-01,7.863667e-02,1.185119e-01,8.376030e-02,7.630859e+00
4.116667e+01,7.155268e-01,8.086434e-02,1.196258e-01,8.398307e-02,7.638951e+00
4.133333e+01,7.117398e-01,8.242370e-02,1.198485e-01,8.598797e-02,7.644621e+00
4.150000e+01,7.088438e-01,8.353754e-02,1.202941e-01,8.732457e-02,7.652852e+00
4.166667e+01,7.057251e-01,8.331477e-02,1.218534e-01,8.910671e-02,7.660681e+00
4.183333e+01,7.021608e-01,8.376030e-02,1.225217e-01,9.155714e-02,7.669315e+00
4.200000e+01,6.994876e-01,8.420584e-02,1.222990e-01,9.400757e-02,7.677590e+00
4.216667e+01,6.961461e-01,8.576520e-02,1.218534e-01,9.623524e-02,7.683955e+00
4.233333e+01,6.939185e-01,8.598797e-02,1.216307e-01,9.846291e-02,7.689076e+00
4.250000e+01,6.919136e-01,8.554244e-02,1.225217e-01,1.000223e-01,7.694153e+00
4.266667e+01,6.885721e-01,8.732457e-02,1.220762e-01,1.020272e-01,7.697986e+00
4.283333e+01,6.858989e-01,8.777010e-02,1.222990e-01,1.040321e-01,7.702228e+00
4.300000e+01,6.825574e-01,8.843840e-02,1.225217e-01,1.064825e-01,7.706569e+00
4.316667e+01,6.796614e-01,8.910671e-02,1.236356e-01,1.075963e-01,7.711345e+00
4.333333e+01,6.763199e-01,9.022054e-02,1.227445e-01,1.107151e-01,7.715848e+00
4.350000e+01,6.734239e-01,9.133437e-02,1.220762e-01,1.131655e-01,7.721252e+00
4.366667e+01,6.698597e-01,9.155714e-02,1.234128e-01,1.151704e-01,7.725127e+00
4.383333e+01,6.676320e-01,9.111161e-02,1.247494e-01,1.165070e-01,7.728716e+00
4.400000e+01,6.640677e-01,9.244821e-02,1.251949e-01,1.182892e-01,7.733086e+00
4.416667e+01,6.613945e-01,9.222544e-02,1.247494e-01,1.216307e-01,7.738514e+00
4.433333e+01,6.578303e-01,9.222544e-02,1.263088e-01,1.236356e-01,7.743889e+00
4.450000e+01,6.533749e-01,9.423034e-02,1.260860e-01,1.263088e-01,7.747390e+00
4.466667e+01,6.500334e-01,9.356204e-02,1.280909e-01,1.283137e-01,7.752098e+00
4.483333e+01,6.473602e-01,9.356204e-02,1.274226e-01,1.316552e-01,7.756671e+00
4.500000e+01,6.433504e-01,9.489864e-02,1.276454e-01,1.341056e-01,7.761460e+00
4.516667e+01,6.402317e-01,9.556694e-02,1.276454e-01,1.365560e-01,7.764722e+00
4.533333e+01,6.364446e-01,9.734908e-02,1.269771e-01,1.392292e-01,7.767604e+00
4.550000e+01,6.324348e-01,9.801738e-02,1.269771e-01,1.425707e-01,7.770222e+00
4.566667e+01,6.286478e-01,9.935398e-02,1.267543e-01,1.452439e-01,7.772596e+00
4.583333e+01,6.253063e-01,1.004678e-01,1.283137e-01,1.459122e-01,7.774079e+00
4.600000e+01,6.210737e-01,1.018044e-01,1.292047e-01,1.479171e-01,7.776071e+00
4.616667e+01,6.172867e-01,1.038093e-01,1.267543e-01,1.521497e-01,7.779833e+00
4.633333e+01,6.139452e-01,1.047004e-01,1.258632e-01,1.554912e-01,7.783592e+00
4.650000e+01,6.097126e-01,1.060370e-01,1.269771e-01,1.572733e-01,7.784552e+00
4.666667e+01,6.065939e-01,1.062597e-01,1.283137e-01,1.588327e-01,7.783483e+00
4.683333e+01,6.036979e-01,1.053687e-01,1.300958e-01,1.608376e-01,7.783034e+00
4.700000e+01,6.008020e-01,1.058142e-01,1.303186e-01,1.630653e-01,7.783405e+00
4.716667e+01,5.965694e-01,1.073736e-01,1.305413e-01,1.655157e-01,7.783547e+00
4.733333e+01,5.930051e-01,1.087102e-01,1.294275e-01,1.688572e-01,7.783291e+00
4.750000e+01,5.896636e-01,1.091557e-01,1.305413e-01,1.706393e-01,7.783101e+00
4.766667e+01,5.845400e-01,1.122744e-01,1.294275e-01,1.737581e-01,7.781081e+00
4.783333e+01,5.811985e-01,1.133883e-01,1.307641e-01,1.746491e-01,7.779217e+00
4.800000e+01,5.783025e-01,1.127200e-01,1.321007e-01,1.768768e-01,7.775965e+00
4.816667e+01,5.745155e-01,1.138338e-01,1.336601e-01,1.779906e-01,7.774479e+00
4.833333e+01,5.693918e-01,1.165070e-01,1.336601e-01,1.804411e-01,7.772701e+00
4.850000e+01,5.649365e-01,1.191802e-01,1.332145e-01,1.826687e-01,7.772051e+00
4.866667e+01,5.604812e-01,1.200713e-01,1.349967e-01,1.844509e-01,7.771077e+00
4.883333e+01,5.562486e-01,1.200713e-01,1.358877e-01,1.877924e-01,7.769984e+00
4.900000e+01,5.533526e-01,1.194030e-01,1.367788e-01,1.904656e-01,7.769273e+00
4.916667e+01,5.495656e-01,1.194030e-01,1.385609e-01,1.924705e-01,7.767064e+00
4.933333e+01,5.455558e-01,1.194030e-01,1.396748e-01,1.953665e-01,7.764376e+00
4.950000e+01,5.419915e-01,1.182892e-01,1.430163e-01,1.967031e-01,7.762518e+00
4.966667e+01,5.373134e-01,1.205168e-01,1.425707e-01,1.995990e-01,7.760193e+00
4.983333e+01,5.328581e-01,1.209624e-01,1.436846e-01,2.024950e-01,7.759477e+00
