Time,U,I1,I2,D,Ve
0.000000e+00,9.997772e-01,2.227668e-04,0.000000e+00,0.000000e+00,-inf
1.666667e-01,9.997772e-01,2.227668e-04,0.000000e+00,0.000000e+00,-inf
3.333333e-01,9.997772e-01,2.227668e-04,0.000000e+00,0.000000e+00,-inf
5.000000e-01,9.997772e-01,2.227668e-04,0.000000e+00,0.000000e+00,-inf
6.666667e-01,9.997772e-01,2.227668e-04,0.000000e+00,0.000000e+00,-inf
8.333333e-01,9.997772e-01,2.227668e-04,0.000000e+00,0.000000e+00,-inf
1.000000e+00,9.997772e-01,2.227668e-04,0.000000e+00,0.000000e+00,-inf
1.166667e+00,9.997772e-01,0.000000e+00,2.227668e-04,0.000000e+00,-inf
1.333333e+00,9.997772e-01,0.000000e+00,2.227668e-04,0.000000e+00,-inf
1.500000e+00,9.997772e-01,0.000000e+00,2.227668e-04,0.000000e+00,-1.869115e+00
1.666667e+00,9.997772e-01,0.000000e+00,2.227668e-04,0.000000e+00,-1.534022e+00
1.833333e+00,9.997772e-01,0.000000e+00,2.227668e-04,0.000000e+00,-1.320362e+00
2.000000e+00,9.997772e-01,0.000000e+00,2.227668e-04,0.000000e+00,-1.154432e+00
2.166667e+00,9.997772e-01,0.000000e+00,2.227668e-04,0.000000e+00,-1.013222e+00
2.333333e+00,9.997772e-01,0.000000e+00,2.227668e-04,0.000000e+00,-8.865659e-01
2.500000e+00,9.997772e-01,0.000000e+00,2.227668e-04,0.000000e+00,-7.691244e-01
2.666667e+00,9.997772e-01,0.000000e+00,2.227668e-04,0.000000e+00,-6.577848e-01
2.833333e+00,9.997772e-01,0.000000e+00,2.227668e-04,0.000000e+00,-5.506066e-01
3.000000e+00,9.997772e-01,0.000000e+00,2.227668e-04,0.000000e+00,-4.463239e-01
3.166667e+00,9.997772e-01,0.000000e+00,2.227668e-04,0.000000e+00,-3.440835e-01
3.333333e+00,9.997772e-01,0.000000e+00,2.227668e-04,0.000000e+00,-2.432978e-01
3.500000e+00,9.997772e-01,0.000000e+00,2.227668e-04,0.000000e+00,-1.435557e-01
3.666667e+00,9.997772e-01,0.000000e+00,2.227668e-04,0.000000e+00,-4.456574e-02
3.833333e+00,9.997772e-01,0.000000e+00,2.227668e-04,0.000000e+00,5.388010e-02
4.000000e+00,9.997772e-01,0.000000e+00,2.227668e-04,0.000000e+00,1.519313e-01
4.166667e+00,9.997772e-01,0.000000e+00,2.227668e-04,0.000000e+00,2.496957e-01
4.333333e+00,9.997772e-01,0.000000e+00,2.227668e-04,0.000000e+00,3.472513e-01
4.500000e+00,9.997772e-01,0.000000e+00,2.227668e-04,0.000000e+00,4.446550e-01
4.666667e+00,9.997772e-01,0.000000e+00,2.227668e-04,0.000000e+00,5.419476e-01
4.833333e+00,9.995545e-01,2.227668e-04,2.227668e-04,0.000000e+00,6.391594e-01
5.000000e+00,9.995545e-01,2.227668e-04,2.227668e-04,0.000000e+00,7.363119e-01
5.166667e+00,9.993317e-01,4.455335e-04,2.227668e-04,0.000000e+00,8.334211e-01
5.333333e+00,9.993317e-01,4.455335e-04,2.227668e-04,0.000000e+00,9.304985e-01
5.500000e+00,9.993317e-01,4.455335e-04,2.227668e-04,0.000000e+00,1.027553e+00
5.666667e+00,9.993317e-01,4.455335e-04,2.227668e-04,0.000000e+00,1.124589e+00
5.833333e+00,9.993317e-01,4.455335e-04,2.227668e-04,0.000000e+00,1.221613e+00
6.000000e+00,9.993317e-01,2.227668e-04,4.455335e-04,0.000000e+00,1.318626e+00
6.166667e+00,9.993317e-01,2.227668e-04,4.455335e-04,0.000000e+00,1.415632e+00
6.333333e+00,9.993317e-01,2.227668e-04,4.455335e-04,0.000000e+00,1.512812e+00
6.500000e+00,9.993317e-01,2.227668e-04,4.455335e-04,0.000000e+00,1.609937e+00
6.666667e+00,9.993317e-01,2.227668e-04,4.455335e-04,0.000000e+00,1.707022e+00
6.833333e+00,9.993317e-01,2.227668e-04,4.455335e-04,0.000000e+00,1.804076e+00
7.000000e+00,9.993317e-01,2.227668e-04,4.455335e-04,0.000000e+00,1.901105e+00
7.166667e+00,9.993317e-01,2.227668e-04,4.455335e-04,0.000000e+00,1.998115e+00
7.333333e+00,9.991089e-01,4.455335e-04,4.455335e-04,0.000000e+00,2.095108e+00
7.500000e+00,9.991089e-01,4.455335e-04,4.455335e-04,0.000000e+00,2.192085e+00
7.666667e+00,9.982179e-01,1.336601e-03,4.455335e-04,0.000000e+00,2.289046e+00
7.833333e+00,9.979951e-01,1.559367e-03,4.455335e-04,0.000000e+00,2.385991e+00
8.000000e+00,9.979951e-01,1.559367e-03,4.455335e-04,0.000000e+00,2.482918e+00
8.166667e+00,9.979951e-01,1.559367e-03,4.455335e-04,0.000000e+00,2.579823e+00
8.333333e+00,9.975496e-01,2.004901e-03,4.455335e-04,0.000000e+00,2.676703e+00
8.500000e+00,9.973268e-01,2.227668e-03,4.455335e-04,0.000000e+00,2.773551e+00
8.666667e+00,9.971040e-01,2.450434e-03,4.455335e-04,0.000000e+00,2.870362e+00
8.833333e+00,9.966585e-01,2.895968e-03,4.455335e-04,0.000000e+00,2.967126e+00
9.000000e+00,9.964357e-01,3.118735e-03,4.455335e-04,0.000000e+00,3.063831e+00
9.166667e+00,9.962130e-01,3.341501e-03,4.455335e-04,0.000000e+00,3.160463e+00
9.333333e+00,9.957674e-01,3.341501e-03,8.910671e-04,0.000000e+00,3.257005e+00
9.500000e+00,9.953219e-01,3.787035e-03,8.910671e-04,0.000000e+00,3.353434e+00
9.666667e+00,9.944308e-01,4.455335e-03,1.113834e-03,0.000000e+00,3.449728e+00
9.833333e+00,9.935398e-01,5.123636e-03,1.336601e-03,0.000000e+00,3.545846e+00
1.000000e+01,9.933170e-01,5.346402e-03,1.336601e-03,0.000000e+00,3.641746e+00
1.016667e+01,9.926487e-01,5.791936e-03,1.559367e-03,0.000000e+00,3.737379e+00
1.033333e+01,9.924259e-01,6.014703e-03,1.559367e-03,0.000000e+00,3.832677e+00
1.050000e+01,9.915349e-01,6.683003e-03,1.782134e-03,0.000000e+00,3.927677e+00
1.066667e+01,9.915349e-01,6.683003e-03,1.782134e-03,0.000000e+00,4.022135e+00
1.083333e+01,9.915349e-01,6.237469e-03,2.227668e-03,0.000000e+00,4.115949e+00
1.100000e+01,9.908666e-01,6.905770e-03,2.227668e-03,0.000000e+00,4.208975e+00
1.116667e+01,9.899755e-01,7.796837e-03,2.227668e-03,0.000000e+00,4.301051e+00
1.133333e+01,9.895300e-01,8.019603e-03,2.450434e-03,0.000000e+00,4.391979e+00
1.150000e+01,9.890844e-01,8.465137e-03,2.450434e-03,0.000000e+00,4.481529e+00
1.166667e+01,9.890844e-01,8.465137e-03,2.450434e-03,0.000000e+00,4.569437e+00
1.183333e+01,9.884161e-01,8.910671e-03,2.673201e-03,0.000000e+00,4.655403e+00
1.200000e+01,9.877478e-01,9.578971e-03,2.673201e-03,0.000000e+00,4.739098e+00
1.216667e+01,9.866340e-01,1.024727e-02,3.118735e-03,0.000000e+00,4.820168e+00
1.233333e+01,9.861885e-01,1.069280e-02,3.118735e-03,0.000000e+00,4.898250e+00
1.250000e+01,9.855202e-01,1.113834e-02,3.341501e-03,0.000000e+00,4.972985e+00
1.266667e+01,9.846291e-01,1.158387e-02,3.787035e-03,0.000000e+00,5.044032e+00
1.283333e+01,9.830697e-01,1.292047e-02,4.009802e-03,0.000000e+00,5.111100e+00
1.300000e+01,9.817331e-01,1.403431e-02,4.232569e-03,0.000000e+00,5.173943e+00
1.316667e+01,9.815104e-01,1.336601e-02,5.123636e-03,0.000000e+00,5.232392e+00
1.333333e+01,9.792827e-01,1.514814e-02,5.569169e-03,0.000000e+00,5.286361e+00
1.350000e+01,9.786144e-01,1.581644e-02,5.569169e-03,0.000000e+00,5.335848e+00
1.366667e+01,9.783916e-01,1.559367e-02,5.791936e-03,2.227668e-04,5.380929e+00
1.383333e+01,9.763867e-01,1.715304e-02,6.237469e-03,2.227668e-04,5.421746e+00
1.400000e+01,9.761640e-01,1.715304e-02,6.460236e-03,2.227668e-04,5.383421e+00
1.416667e+01,9.748274e-01,1.804411e-02,6.905770e-03,2.227668e-04,5.345546e+00
1.433333e+01,9.737135e-01,1.871241e-02,7.351303e-03,2.227668e-04,5.308282e+00
1.450000e+01,9.728225e-01,1.938071e-02,7.574070e-03,2.227668e-04,5.271843e+00
1.466667e+01,9.721542e-01,1.938071e-02,8.242370e-03,2.227668e-04,5.236512e+00
1.483333e+01,9.708176e-01,2.071731e-02,8.242370e-03,2.227668e-04,5.202668e+00
1.500000e+01,9.699265e-01,2.094008e-02,8.910671e-03,2.227668e-04,5.170885e+00
1.516667e+01,9.692582e-01,2.094008e-02,9.578971e-03,2.227668e-04,5.141709e+00
1.533333e+01,9.683671e-01,2.138561e-02,1.002450e-02,2.227668e-04,5.115900e+00
1.550000e+01,9.679216e-01,2.116284e-02,1.069280e-02,2.227668e-04,5.094366e+00
1.566667e+01,9.674761e-01,2.138561e-02,1.091557e-02,2.227668e-04,5.078132e+00
1.583333e+01,9.661395e-01,2.227668e-02,1.136110e-02,2.227668e-04,5.068289e+00
1.600000e+01,9.654712e-01,2.272221e-02,1.158387e-02,2.227668e-04,5.065891e+00
1.616667e+01,9.643573e-01,2.339051e-02,1.202941e-02,2.227668e-04,5.071906e+00
1.633333e+01,9.630207e-01,2.361328e-02,1.314324e-02,2.227668e-04,5.086821e+00
1.650000e+01,9.623524e-01,2.316774e-02,1.425707e-02,2.227668e-04,5.110761e+00
1.666667e+01,9.610158e-01,2.361328e-02,1.514814e-02,2.227668e-04,5.143346e+00
1.683333e+01,9.596792e-01,2.472711e-02,1.537091e-02,2.227668e-04,5.183771e+00
1.700000e+01,9.594564e-01,2.361328e-02,1.670751e-02,2.227668e-04,5.230776e+00
1.716667e+01,9.592337e-01,2.383604e-02,1.670751e-02,2.227668e-04,5.282977e+00
1.733333e+01,9.587881e-01,2.428158e-02,1.670751e-02,2.227668e-04,5.338998e+00
1.750000e+01,9.576743e-01,2.539541e-02,1.670751e-02,2.227668e-04,5.397227e+00
1.766667e+01,9.576743e-01,2.517264e-02,1.693027e-02,2.227668e-04,5.456401e+00
1.783333e+01,9.570060e-01,2.539541e-02,1.737581e-02,2.227668e-04,5.515465e+00
1.800000e+01,9.563377e-01,2.539541e-02,1.804411e-02,2.227668e-04,5.573599e+00
1.816667e+01,9.554466e-01,2.494988e-02,1.938071e-02,2.227668e-04,5.630340e+00
1.833333e+01,9.547783e-01,2.472711e-02,2.027178e-02,2.227668e-04,5.685176e+00
1.850000e+01,9.538873e-01,2.472711e-02,2.116284e-02,2.227668e-04,5.737927e+00
1.866667e+01,9.529962e-01,2.472711e-02,2.205391e-02,2.227668e-04,5.788614e+00
1.883333e+01,9.525507e-01,2.450434e-02,2.249944e-02,4.455335e-04,5.837446e+00
1.900000e+01,9.518824e-01,2.428158e-02,2.316774e-02,6.683003e-04,5.884531e+00
1.916667e+01,9.509913e-01,2.450434e-02,2.383604e-02,6.683003e-04,5.906261e+00
1.933333e+01,9.503230e-01,2.428158e-02,2.472711e-02,6.683003e-04,5.906833e+00
1.950000e+01,9.498775e-01,2.383604e-02,2.561818e-02,6.683003e-04,5.915390e+00
1.966667e+01,9.492092e-01,2.405881e-02,2.606371e-02,6.683003e-04,5.932213e+00
1.983333e+01,9.483181e-01,2.494988e-02,2.606371e-02,6.683003e-04,5.957057e+00
2.000000e+01,9.480953e-01,2.472711e-02,2.650924e-02,6.683003e-04,5.989160e+00
2.016667e+01,9.467587e-01,2.517264e-02,2.740031e-02,6.683003e-04,6.027519e+00
2.033333e+01,9.454221e-01,2.561818e-02,2.829138e-02,6.683003e-04,6.070937e+00
2.050000e+01,9.443083e-01,2.650924e-02,2.851415e-02,6.683003e-04,6.119878e+00
2.066667e+01,9.425262e-01,2.762308e-02,2.918245e-02,6.683003e-04,6.174582e+00
2.083333e+01,9.416351e-01,2.806861e-02,2.962798e-02,6.683003e-04,6.230232e+00
2.100000e+01,9.411896e-01,2.740031e-02,3.074181e-02,6.683003e-04,6.286086e+00
2.116667e+01,9.400757e-01,2.740031e-02,3.185565e-02,6.683003e-04,6.341590e+00
2.133333e+01,9.389619e-01,2.806861e-02,3.230118e-02,6.683003e-04,6.396261e+00
2.150000e+01,9.380708e-01,2.895968e-02,3.230118e-02,6.683003e-04,6.449874e+00
2.166667e+01,9.374025e-01,2.829138e-02,3.341501e-02,8.910671e-04,6.502183e+00
2.183333e+01,9.360659e-01,2.873691e-02,3.408331e-02,1.113834e-03,6.553070e+00
2.200000e+01,9.351749e-01,2.873691e-02,3.475162e-02,1.336601e-03,6.597242e+00
2.216667e+01,9.340610e-01,2.829138e-02,3.586545e-02,1.782134e-03,6.637000e+00
2.233333e+01,9.331700e-01,2.829138e-02,3.675652e-02,1.782134e-03,6.674707e+00
2.250000e+01,9.320561e-01,2.895968e-02,3.653375e-02,2.450434e-03,6.705403e+00
2.266667e+01,9.302740e-01,3.051905e-02,3.653375e-02,2.673201e-03,6.738173e+00
2.283333e+01,9.291602e-01,3.141011e-02,3.653375e-02,2.895968e-03,6.764438e+00
2.300000e+01,9.278236e-01,3.207841e-02,3.631098e-02,3.787035e-03,6.789858e+00
2.316667e+01,9.267097e-01,3.207841e-02,3.697928e-02,4.232569e-03,6.814280e+00
2.333333e+01,9.253731e-01,3.207841e-02,3.831588e-02,4.232569e-03,6.831303e+00
2.350000e+01,9.238138e-01,3.252395e-02,3.942972e-02,4.232569e-03,6.849103e+00
2.366667e+01,9.220316e-01,3.363778e-02,4.009802e-02,4.232569e-03,6.872839e+00
2.383333e+01,9.195812e-01,3.497438e-02,4.076632e-02,4.678102e-03,6.898633e+00
2.400000e+01,9.177991e-01,3.497438e-02,4.232569e-02,4.900869e-03,6.926014e+00
2.416667e+01,9.157942e-01,3.675652e-02,4.165738e-02,5.791936e-03,6.950237e+00
2.433333e+01,9.144576e-01,3.764758e-02,4.121185e-02,6.683003e-03,6.977167e+00
2.450000e+01,9.126754e-01,3.764758e-02,4.232569e-02,7.351303e-03,6.997759e+00
2.466667e+01,9.102250e-01,3.942972e-02,4.232569e-02,8.019603e-03,7.014277e+00
2.483333e+01,9.091112e-01,3.987525e-02,4.254845e-02,8.465137e-03,7.031734e+00
2.500000e+01,9.073290e-01,4.032078e-02,4.299399e-02,9.356204e-03,7.047981e+00
2.516667e+01,9.048786e-01,4.165738e-02,4.343952e-02,1.002450e-02,7.063883e+00
2.533333e+01,9.026509e-01,4.165738e-02,4.522165e-02,1.047004e-02,7.079742e+00
2.550000e+01,8.995322e-01,4.343952e-02,4.588995e-02,1.113834e-02,7.094631e+00
2.566667e+01,8.977501e-01,4.388505e-02,4.655825e-02,1.180664e-02,7.110547e+00
2.583333e+01,8.973045e-01,4.321675e-02,4.722655e-02,1.225217e-02,7.125713e+00
2.600000e+01,8.957452e-01,4.366229e-02,4.789485e-02,1.269771e-02,7.140325e+00
2.616667e+01,8.924037e-01,4.633549e-02,4.767209e-02,1.358877e-02,7.156588e+00
2.633333e+01,8.906215e-01,4.655825e-02,4.811762e-02,1.470261e-02,7.173186e+00
2.650000e+01,8.877256e-01,4.856315e-02,4.900869e-02,1.470261e-02,7.187682e+00
2.666667e+01,8.859434e-01,4.945422e-02,4.900869e-02,1.559367e-02,7.199553e+00
2.683333e+01,8.832702e-01,5.056806e-02,5.012252e-02,1.603921e-02,7.213882e+00
2.700000e+01,8.812653e-01,5.145912e-02,4.989975e-02,1.737581e-02,7.226050e+00
2.716667e+01,8.797059e-01,5.235019e-02,5.034529e-02,1.759857e-02,7.238276e+00
2.733333e+01,8.774783e-01,5.346402e-02,5.079082e-02,1.826687e-02,7.246580e+00
2.750000e+01,8.756961e-01,5.346402e-02,5.212742e-02,1.871241e-02,7.256878e+00
2.766667e+01,8.736912e-01,5.413232e-02,5.190466e-02,2.027178e-02,7.266864e+00
2.783333e+01,8.710180e-01,5.546892e-02,5.301849e-02,2.049454e-02,7.277980e+00
2.800000e+01,8.687904e-01,5.591446e-02,5.413232e-02,2.116284e-02,7.284355e+00
2.816667e+01,8.658944e-01,5.769659e-02,5.435509e-02,2.205391e-02,7.292846e+00
2.833333e+01,8.638895e-01,5.725106e-02,5.569169e-02,2.316774e-02,7.300711e+00
2.850000e+01,8.627757e-01,5.791936e-02,5.502339e-02,2.428158e-02,7.307032e+00
2.866667e+01,8.605480e-01,5.858766e-02,5.591446e-02,2.494988e-02,7.314617e+00
2.883333e+01,8.578748e-01,6.014703e-02,5.613722e-02,2.584094e-02,7.320179e+00
2.900000e+01,8.563154e-01,6.059256e-02,5.658276e-02,2.650924e-02,7.325826e+00
2.916667e+01,8.540878e-01,6.036979e-02,5.791936e-02,2.762308e-02,7.330072e+00
2.933333e+01,8.527512e-01,6.036979e-02,5.747382e-02,2.940521e-02,7.334477e+00
2.950000e+01,8.505235e-01,6.014703e-02,5.992426e-02,2.940521e-02,7.337205e+00
2.966667e+01,8.480731e-01,6.081533e-02,6.081533e-02,3.029628e-02,7.335379e+00
2.983333e+01,8.462909e-01,6.103809e-02,6.170639e-02,3.096458e-02,7.337035e+00
3.000000e+01,8.433950e-01,6.259746e-02,6.259746e-02,3.141011e-02,7.337433e+00
3.016667e+01,8.409445e-01,6.259746e-02,6.371129e-02,3.274671e-02,7.337650e+00
3.033333e+01,8.387169e-01,6.348853e-02,6.460236e-02,3.319225e-02,7.338934e+00
3.050000e+01,8.358209e-01,6.482513e-02,6.593896e-02,3.341501e-02,7.337149e+00
3.066667e+01,8.333705e-01,6.593896e-02,6.683003e-02,3.386055e-02,7.336490e+00
3.083333e+01,8.304745e-01,6.727556e-02,6.727556e-02,3.497438e-02,7.337688e+00
3.100000e+01,8.275785e-01,6.861216e-02,6.816663e-02,3.564268e-02,7.339931e+00
3.116667e+01,8.251281e-01,6.928046e-02,6.905770e-02,3.653375e-02,7.339648e+00
3.133333e+01,8.229004e-01,6.928046e-02,7.017153e-02,3.764758e-02,7.338938e+00
3.150000e+01,8.200045e-01,6.972600e-02,7.195366e-02,3.831588e-02,7.337277e+00
3.166667e+01,8.177768e-01,6.972600e-02,7.351303e-02,3.898418e-02,7.333671e+00
3.183333e+01,8.142125e-01,7.195366e-02,7.440410e-02,3.942972e-02,7.330468e+00
3.200000e+01,8.119849e-01,7.150813e-02,7.596347e-02,4.054355e-02,7.328650e+00
3.216667e+01,8.102027e-01,7.083983e-02,7.707730e-02,4.188015e-02,7.328872e+00
3.233333e+01,8.086434e-01,7.083983e-02,7.819113e-02,4.232569e-02,7.328497e+00
3.250000e+01,8.046335e-01,7.351303e-02,7.863667e-02,4.321675e-02,7.325582e+00
3.266667e+01,8.028514e-01,7.217643e-02,8.041880e-02,4.455335e-02,7.324331e+00
3.283333e+01,8.012920e-01,7.128536e-02,8.220094e-02,4.522165e-02,7.324242e+00
3.300000e+01,7.977278e-01,7.284473e-02,8.353754e-02,4.588995e-02,7.322402e+00
3.316667e+01,7.959456e-01,7.262196e-02,8.487414e-02,4.655825e-02,7.321096e+00
3.333333e+01,7.932724e-01,7.373580e-02,8.598797e-02,4.700379e-02,7.320565e+00
3.350000e+01,7.914903e-01,7.418133e-02,8.687904e-02,4.744932e-02,7.321352e+00
3.366667e+01,7.899309e-01,7.395857e-02,8.754734e-02,4.856315e-02,7.323611e+00
3.383333e+01,7.883716e-01,7.306750e-02,8.866117e-02,4.989975e-02,7.326925e+00
3.400000e+01,7.856984e-01,7.418133e-02,8.999777e-02,5.012252e-02,7.329679e+00
3.416667e+01,7.832479e-01,7.484963e-02,9.111161e-02,5.079082e-02,7.330603e+00
3.433333e+01,7.803520e-01,7.551793e-02,9.244821e-02,5.168189e-02,7.334044e+00
3.450000e+01,7.779015e-01,7.462687e-02,9.489864e-02,5.257296e-02,7.338713e+00
3.466667e+01,7.747828e-01,7.574070e-02,9.534417e-02,5.413232e-02,7.344347e+00
3.483333e+01,7.730007e-01,7.574070e-02,9.623524e-02,5.502339e-02,7.350736e+00
3.500000e+01,7.709958e-01,7.507240e-02,9.824014e-02,5.569169e-02,7.356642e+00
3.516667e+01,7.696592e-01,7.507240e-02,9.846291e-02,5.680552e-02,7.363495e+00
3.533333e+01,7.667632e-01,7.618623e-02,1.000223e-01,5.702829e-02,7.371266e+00
3.550000e+01,7.643128e-01,7.574070e-02,1.022499e-01,5.769659e-02,7.378469e+00
3.566667e+01,7.620851e-01,7.462687e-02,1.044776e-01,5.881043e-02,7.388579e+00
3.583333e+01,7.591891e-01,7.507240e-02,1.058142e-01,5.992426e-02,7.399887e+00
3.600000e+01,7.574070e-01,7.462687e-02,1.060370e-01,6.192916e-02,7.411207e+00
3.616667e+01,7.542883e-01,7.596347e-02,1.069280e-01,6.282023e-02,7.423632e+00
3.633333e+01,7.509468e-01,7.663177e-02,1.091557e-01,6.326576e-02,7.434044e+00
3.650000e+01,7.487191e-01,7.752283e-02,1.098240e-01,6.393406e-02,7.444463e+00
3.666667e+01,7.467142e-01,7.796837e-02,1.098240e-01,6.549343e-02,7.456488e+00
3.683333e+01,7.449321e-01,7.774560e-02,1.104923e-01,6.683003e-02,7.469981e+00
3.700000e+01,7.431499e-01,7.774560e-02,1.111606e-01,6.794386e-02,7.482661e+00
3.716667e+01,7.413678e-01,7.774560e-02,1.107151e-01,7.017153e-02,7.494265e+00
3.733333e+01,7.391401e-01,7.841390e-02,1.109378e-01,7.150813e-02,7.506696e+00
3.750000e+01,7.357986e-01,8.064157e-02,1.111606e-01,7.239920e-02,7.516182e+00
3.766667e+01,7.326799e-01,8.108710e-02,1.127200e-01,7.351303e-02,7.525530e+00
3.783333e+01,7.302294e-01,8.175540e-02,1.127200e-01,7.529517e-02,7.535958e+00
3.800000e+01,7.273335e-01,8.286924e-02,1.129427e-01,7.685453e-02,7.546356e+00
3.816667e+01,7.244375e-01,8.376030e-02,1.129427e-01,7.885943e-02,7.555211e+00
3.833333e+01,7.228781e-01,8.376030e-02,1.133883e-01,7.997327e-02,7.563812e+00
3.850000e+01,7.215415e-01,8.353754e-02,1.131655e-01,8.175540e-02,7.571271e+00
3.866667e+01,7.188683e-01,8.398307e-02,1.145021e-01,8.264647e-02,7.579369e+00
3.883333e+01,7.161951e-01,8.420584e-02,1.165070e-01,8.309200e-02,7.586521e+00
3.900000e+01,7.124081e-01,8.643350e-02,1.167298e-01,8.442860e-02,7.594997e+00
3.916667e+01,7.101804e-01,8.531967e-02,1.187347e-01,8.576520e-02,7.605235e+00
3.933333e+01,7.086211e-01,8.442860e-02,1.187347e-01,8.821564e-02,7.615213e+00
3.950000e+01,7.063934e-01,8.442860e-02,1.205168e-01,8.866117e-02,7.626268e+00
3.966667e+01,7.037202e-01,8.509690e-02,1.209624e-01,9.022054e-02,7.635313e+00
3.983333e+01,7.019381e-01,8.531967e-02,1.202941e-01,9.244821e-02,7.646645e+00
4.000000e+01,6.983738e-01,8.732457e-02,1.198485e-01,9.445311e-02,7.658088e+00
4.016667e+01,6.959234e-01,8.732457e-02,1.202941e-01,9.645801e-02,7.667697e+00
4.033333e+01,6.932502e-01,8.777010e-02,1.205168e-01,9.846291e-02,7.676550e+00
4.050000e+01,6.885721e-01,8.999777e-02,1.191802e-01,1.022499e-01,7.684859e+00
4.066667e+01,6.856761e-01,9.022054e-02,1.198485e-01,1.042548e-01,7.691830e+00
4.083333e+01,6.830029e-01,9.022054e-02,1.205168e-01,1.062597e-01,7.695772e+00
4.100000e+01,6.776565e-01,9.423034e-02,1.198485e-01,1.082646e-01,7.699911e+00
4.116667e+01,6.752061e-01,9.333927e-02,1.198485e-01,1.116061e-01,7.703212e+00
4.133333e+01,6.714190e-01,9.534417e-02,1.200713e-01,1.131655e-01,7.705619e+00
4.150000e+01,6.685231e-01,9.512141e-02,1.218534e-01,1.145021e-01,7.706946e+00
4.166667e+01,6.656271e-01,9.556694e-02,1.220762e-01,1.167298e-01,7.708671e+00
4.183333e+01,6.618401e-01,9.645801e-02,1.236356e-01,1.180664e-01,7.711258e+00
4.200000e+01,6.587213e-01,9.779461e-02,1.222990e-01,1.211851e-01,7.713290e+00
4.216667e+01,6.560481e-01,9.623524e-02,1.249722e-01,1.227445e-01,7.715975e+00
4.233333e+01,6.529294e-01,9.712631e-02,1.243039e-01,1.256405e-01,7.716632e+00
4.250000e+01,6.491423e-01,9.779461e-02,1.251949e-01,1.278681e-01,7.719075e+00
4.266667e+01,6.449098e-01,9.846291e-02,1.269771e-01,1.296503e-01,7.719996e+00
4.283333e+01,6.413455e-01,9.757184e-02,1.298730e-01,1.312096e-01,7.720865e+00
4.300000e+01,6.368902e-01,9.779461e-02,1.314324e-01,1.338828e-01,7.722221e+00
4.316667e+01,6.337714e-01,9.734908e-02,1.336601e-01,1.352194e-01,7.725045e+00
4.333333e+01,6.297616e-01,9.890844e-02,1.329918e-01,1.383382e-01,7.727382e+00
4.350000e+01,6.239697e-01,1.031410e-01,1.332145e-01,1.396748e-01,7.731081e+00
4.366667e+01,6.192916e-01,1.047004e-01,1.347739e-01,1.412341e-01,7.732801e+00
4.383333e+01,6.161729e-01,1.044776e-01,1.365560e-01,1.427935e-01,7.735683e+00
4.400000e+01,6.119403e-01,1.053687e-01,1.381154e-01,1.445756e-01,7.739647e+00
4.416667e+01,6.079305e-01,1.064825e-01,1.401203e-01,1.454667e-01,7.744803e+00
4.433333e+01,6.023613e-01,1.102695e-01,1.398975e-01,1.474716e-01,7.750301e+00
4.450000e+01,5.996881e-01,1.093785e-01,1.401203e-01,1.508131e-01,7.757450e+00
4.466667e+01,5.959011e-01,1.093785e-01,1.405658e-01,1.541546e-01,7.764595e+00
4.483333e+01,5.932279e-01,1.084874e-01,1.425707e-01,1.557140e-01,7.770227e+00
4.500000e+01,5.883270e-01,1.109378e-01,1.414569e-01,1.592782e-01,7.773608e+00
4.516667e+01,5.852083e-01,1.098240e-01,1.439073e-01,1.610604e-01,7.777212e+00
4.533333e+01,5.823123e-01,1.089329e-01,1.443529e-01,1.644019e-01,7.779004e+00
4.550000e+01,5.789708e-01,1.089329e-01,1.454667e-01,1.666295e-01,7.781420e+00
4.566667e+01,5.742927e-01,1.100468e-01,1.468033e-01,1.688572e-01,7.781763e+00
4.583333e+01,5.713967e-01,1.087102e-01,1.488082e-01,1.710849e-01,7.782443e+00
4.600000e+01,5.680552e-01,1.073736e-01,1.521497e-01,1.724215e-01,7.782964e+00
4.616667e+01,5.631544e-01,1.098240e-01,1.521497e-01,1.748719e-01,7.783480e+00
4.633333e+01,5.582535e-01,1.129427e-01,1.510359e-01,1.777679e-01,7.785021e+00
4.650000e+01,5.551348e-01,1.122744e-01,1.528180e-01,1.797728e-01,7.785720e+00
4.666667e+01,5.522388e-01,1.120517e-01,1.532635e-01,1.824460e-01,7.785417e+00
4.683333e+01,5.466696e-01,1.153932e-01,1.521497e-01,1.857875e-01,7.785270e+00
4.700000e+01,5.433281e-01,1.158387e-01,1.525952e-01,1.882379e-01,7.784037e+00
4.716667e+01,5.404322e-01,1.153932e-01,1.525952e-01,1.915794e-01,7.782444e+00
4.733333e+01,5.364224e-01,1.165070e-01,1.541546e-01,1.929160e-01,7.780558e+00
4.750000e+01,5.326353e-01,1.160615e-01,1.566050e-01,1.946982e-01,7.777801e+00
4.766667e+01,5.277345e-01,1.173981e-01,1.586099e-01,1.962575e-01,7.776343e+00
4.783333e+01,5.223881e-01,1.182892e-01,1.623970e-01,1.969258e-01,7.775003e+00
4.800000e+01,5.194921e-01,1.173981e-01,1.637336e-01,1.993763e-01,7.775103e+00
4.816667e+01,5.159278e-01,1.178436e-01,1.655157e-01,2.007129e-01,7.777200e+00
4.833333e+01,5.121408e-01,1.189575e-01,1.659612e-01,2.029405e-01,7.779955e+00
4.850000e+01,5.090221e-01,1.194030e-01,1.659612e-01,2.056137e-01,7.783339e+00
4.866667e+01,5.061261e-01,1.191802e-01,1.655157e-01,2.091780e-01,7.786488e+00
4.883333e+01,5.010025e-01,1.218534e-01,1.657385e-01,2.114057e-01,7.788725e+00
4.900000e+01,4.972154e-01,1.225217e-01,1.670751e-01,2.131878e-01,7.789136e+00
4.916667e+01,4.938739e-01,1.227445e-01,1.672978e-01,2.160838e-01,7.789586e+00
4.933333e+01,4.896413e-01,1.231900e-01,1.686344e-01,2.185342e-01,7.790589e+00
4.950000e+01,4.860771e-01,1.238583e-01,1.690800e-01,2.209846e-01,7.790925e+00
4.966667e+01,4.829583e-01,1.222990e-01,1.721987e-01,2.225440e-01,7.791042e+00
4.983333e+01,4.791713e-01,1.222990e-01,1.739808e-01,2.245489e-01,7.790844e+00
