Time,U,I1,I2,D,Ve
0.000000e+00,9.997772e-01,2.227668e-04,0.000000e+00,0.000000e+00,-inf
1.666667e-01,9.997772e-01,2.227668e-04,0.000000e+00,0.000000e+00,-inf
3.333333e-01,9.997772e-01,2.227668e-04,0.000000e+00,0.000000e+00,-inf
5.000000e-01,9.997772e-01,2.227668e-04,0.000000e+00,0.000000e+00,-inf
6.666667e-01,9.997772e-01,2.227668e-04,0.000000e+00,0.000000e+00,-inf
8.333333e-01,9.997772e-01,2.227668e-04,0.000000e+00,0.000000e+00,-inf
1.000000e+00,9.997772e-01,2.227668e-04,0.000000e+00,0.000000e+00,-inf
1.166667e+00,9.997772e-01,2.227668e-04,0.000000e+00,0.000000e+00,-inf
1.333333e+00,9.997772e-01,2.227668e-04,0.000000e+00,0.000000e+00,-inf
1.500000e+00,9.997772e-01,2.227668e-04,0.000000e+00,0.000000e+00,-inf
1.666667e+00,9.997772e-01,2.227668e-04,0.000000e+00,0.000000e+00,-inf
1.833333e+00,9.997772e-01,2.227668e-04,0.000000e+00,0.000000e+00,-inf
2.000000e+00,9.997772e-01,2.227668e-04,0.000000e+00,0.000000e+00,-inf
2.166667e+00,9.997772e-01,2.227668e-04,0.000000e+00,0.000000e+00,-inf
2.333333e+00,9.997772e-01,2.227668e-04,0.000000e+00,0.000000e+00,-inf
2.500000e+00,9.997772e-01,2.227668e-04,0.000000e+00,0.000000e+00,-inf
2.666667e+00,9.997772e-01,2.227668e-04,0.000000e+00,0.000000e+00,-inf
2.833333e+00,9.997772e-01,2.227668e-04,0.000000e+00,0.000000e+00,-inf
3.000000e+00,9.997772e-01,2.227668e-04,0.000000e+00,0.000000e+00,-inf
3.166667e+00,9.997772e-01,2.227668e-04,0.000000e+00,0.000000e+00,-inf
3.333333e+00,9.997772e-01,2.227668e-04,0.000000e+00,0.000000e+00,-inf
3.500000e+00,9.997772e-01,2.227668e-04,0.000000e+00,0.000000e+00,-inf
3.666667e+00,9.997772e-01,2.227668e-04,0.000000e+00,0.000000e+00,-inf
3.833333e+00,9.997772e-01,2.227668e-04,0.000000e+00,0.000000e+00,-inf
4.000000e+00,9.997772e-01,2.227668e-04,0.000000e+00,0.000000e+00,-inf
4.166667e+00,9.997772e-01,2.227668e-04,0.000000e+00,0.000000e+00,-inf
4.333333e+00,9.997772e-01,2.227668e-04,0.000000e+00,0.000000e+00,-inf
4.500000e+00,9.997772e-01,2.227668e-04,0.000000e+00,0.000000e+00,-inf
4.666667e+00,9.997772e-01,2.227668e-04,0.000000e+00,0.000000e+00,-inf
4.833333e+00,9.997772e-01,2.227668e-04,0.000000e+00,0.000000e+00,-inf
5.000000e+00,9.997772e-01,2.227668e-04,0.000000e+00,0.000000e+00,-inf
5.166667e+00,9.997772e-01,2.227668e-04,0.000000e+00,0.000000e+00,-inf
5.333333e+00,9.997772e-01,2.227668e-04,0.000000e+00,0.000000e+00,-inf
5.500000e+00,9.997772e-01,2.227668e-04,0.000000e+00,0.000000e+00,-inf
5.666667e+00,9.997772e-01,2.227668e-04,0.000000e+00,0.000000e+00,-inf
5.833333e+00,9.997772e-01,2.227668e-04,0.000000e+00,0.000000e+00,-inf
6.000000e+00,9.997772e-01,2.227668e-04,0.000000e+00,0.000000e+00,-inf
6.166667e+00,9.997772e-01,2.227668e-04,0.000000e+00,0.000000e+00,-inf
6.333333e+00,9.997772e-01,2.227668e-04,0.000000e+00,0.000000e+00,-inf
6.500000e+00,9.997772e-01,2.227668e-04,0.000000e+00,0.000000e+00,-inf
6.666667e+00,9.997772e-01,2.227668e-04,0.000000e+00,0.000000e+00,-inf
6.833333e+00,9.997772e-01,2.227668e-04,0.000000e+00,0.000000e+00,-inf
7.000000e+00,9.997772e-01,0.000000e+00,2.227668e-04,0.000000e+00,-inf
7.166667e+00,9.997772e-01,0.000000e+00,2.227668e-04,0.000000e+00,-inf
7.333333e+00,9.997772e-01,0.000000e+00,2.227668e-04,0.000000e+00,1.525481e+00
7.500000e+00,9.997772e-01,0.000000e+00,2.227668e-04,0.000000e+00,1.860537e+00
7.666667e+00,9.995545e-01,2.227668e-04,2.227668e-04,0.000000e+00,2.074149e+00
7.833333e+00,9.995545e-01,2.227668e-04,2.227668e-04,0.000000e+00,2.240020e+00
8.000000e+00,9.991089e-01,6.683003e-04,2.227668e-04,0.000000e+00,2.381156e+00
8.166667e+00,9.991089e-01,6.683003e-04,2.227668e-04,0.000000e+00,2.507719e+00
8.333333e+00,9.988862e-01,8.910671e-04,2.227668e-04,0.000000e+00,2.625044e+00
8.500000e+00,9.986634e-01,1.113834e-03,2.227668e-04,0.000000e+00,2.736237e+00
8.666667e+00,9.984406e-01,1.336601e-03,2.227668e-04,0.000000e+00,2.843232e+00
8.833333e+00,9.979951e-01,1.559367e-03,4.455335e-04,0.000000e+00,2.947284e+00
9.000000e+00,9.977723e-01,1.782134e-03,4.455335e-04,0.000000e+00,3.049236e+00
9.166667e+00,9.973268e-01,2.004901e-03,6.683003e-04,0.000000e+00,3.149664e+00
9.333333e+00,9.964357e-01,2.895968e-03,6.683003e-04,0.000000e+00,3.248958e+00
9.500000e+00,9.962130e-01,3.118735e-03,6.683003e-04,0.000000e+00,3.347386e+00
9.666667e+00,9.959902e-01,3.341501e-03,6.683003e-04,0.000000e+00,3.445129e+00
9.833333e+00,9.957674e-01,3.564268e-03,6.683003e-04,0.000000e+00,3.542302e+00
1.000000e+01,9.950991e-01,4.009802e-03,8.910671e-04,0.000000e+00,3.638970e+00
1.016667e+01,9.946536e-01,4.455335e-03,8.910671e-04,0.000000e+00,3.735159e+00
1.033333e+01,9.939853e-01,5.123636e-03,8.910671e-04,0.000000e+00,3.830861e+00
1.050000e+01,9.930942e-01,5.791936e-03,1.113834e-03,0.000000e+00,3.926038e+00
1.066667e+01,9.928715e-01,6.014703e-03,1.113834e-03,0.000000e+00,4.020623e+00
1.083333e+01,9.913121e-01,7.574070e-03,1.113834e-03,0.000000e+00,4.114520e+00
1.100000e+01,9.904210e-01,8.242370e-03,1.336601e-03,0.000000e+00,4.207602e+00
1.116667e+01,9.897527e-01,8.910671e-03,1.336601e-03,0.000000e+00,4.299712e+00
1.133333e+01,9.895300e-01,8.910671e-03,1.559367e-03,0.000000e+00,4.390659e+00
1.150000e+01,9.886389e-01,9.801738e-03,1.559367e-03,0.000000e+00,4.480214e+00
1.166667e+01,9.881934e-01,9.133437e-03,2.673201e-03,0.000000e+00,4.568115e+00
1.183333e+01,9.875251e-01,9.356204e-03,3.118735e-03,0.000000e+00,4.654062e+00
1.200000e+01,9.870795e-01,9.801738e-03,3.118735e-03,0.000000e+00,4.737727e+00
1.216667e+01,9.861885e-01,1.047004e-02,3.341501e-03,0.000000e+00,4.818756e+00
1.233333e+01,9.850746e-01,1.136110e-02,3.564268e-03,0.000000e+00,4.896782e+00
1.250000e+01,9.848519e-01,1.113834e-02,4.009802e-03,0.000000e+00,4.971444e+00
1.266667e+01,9.841836e-01,1.180664e-02,4.009802e-03,0.000000e+00,5.042401e+00
1.283333e+01,9.839608e-01,1.136110e-02,4.678102e-03,0.000000e+00,5.109350e+00
1.300000e+01,9.828470e-01,1.225217e-02,4.900869e-03,0.000000e+00,5.172047e+00
1.316667e+01,9.819559e-01,1.314324e-02,4.900869e-03,0.000000e+00,5.230320e+00
1.333333e+01,9.815104e-01,1.336601e-02,5.123636e-03,0.000000e+00,5.284073e+00
1.350000e+01,9.803965e-01,1.425707e-02,5.346402e-03,0.000000e+00,5.333294e+00
1.366667e+01,9.792827e-01,1.492537e-02,5.791936e-03,0.000000e+00,5.378048e+00
1.383333e+01,9.790599e-01,1.470261e-02,6.237469e-03,0.000000e+00,5.418464e+00
1.400000e+01,9.779461e-01,1.537091e-02,6.683003e-03,0.000000e+00,5.454730e+00
1.416667e+01,9.766095e-01,1.648474e-02,6.905770e-03,0.000000e+00,5.487063e+00
1.433333e+01,9.761640e-01,1.626197e-02,7.574070e-03,0.000000e+00,5.515721e+00
1.450000e+01,9.757184e-01,1.648474e-02,7.796837e-03,0.000000e+00,5.540952e+00
1.466667e+01,9.752729e-01,1.648474e-02,8.242370e-03,0.000000e+00,5.563018e+00
1.483333e+01,9.741591e-01,1.693027e-02,8.910671e-03,0.000000e+00,5.582176e+00
1.500000e+01,9.730452e-01,1.759857e-02,9.356204e-03,0.000000e+00,5.598674e+00
1.516667e+01,9.728225e-01,1.759857e-02,9.578971e-03,0.000000e+00,5.612745e+00
1.533333e+01,9.714859e-01,1.826687e-02,1.002450e-02,2.227668e-04,5.624629e+00
1.550000e+01,9.692582e-01,2.027178e-02,1.024727e-02,2.227668e-04,5.634511e+00
1.566667e+01,9.688127e-01,1.960348e-02,1.136110e-02,2.227668e-04,5.595275e+00
1.583333e+01,9.672533e-01,2.049454e-02,1.202941e-02,2.227668e-04,5.556161e+00
1.600000e+01,9.659167e-01,2.138561e-02,1.247494e-02,2.227668e-04,5.517214e+00
1.616667e+01,9.645801e-01,2.227668e-02,1.292047e-02,2.227668e-04,5.478494e+00
1.633333e+01,9.634663e-01,2.160838e-02,1.470261e-02,2.227668e-04,5.440085e+00
1.650000e+01,9.621297e-01,2.249944e-02,1.514814e-02,2.227668e-04,5.402134e+00
1.666667e+01,9.610158e-01,2.272221e-02,1.603921e-02,2.227668e-04,5.364850e+00
1.683333e+01,9.599020e-01,2.294498e-02,1.693027e-02,2.227668e-04,5.328402e+00
1.700000e+01,9.590109e-01,2.339051e-02,1.737581e-02,2.227668e-04,5.293292e+00
1.716667e+01,9.585654e-01,2.339051e-02,1.782134e-02,2.227668e-04,5.259765e+00
1.733333e+01,9.576743e-01,2.361328e-02,1.848964e-02,2.227668e-04,5.228387e+00
1.750000e+01,9.572288e-01,2.361328e-02,1.893517e-02,2.227668e-04,5.199777e+00
1.766667e+01,9.563377e-01,2.405881e-02,1.938071e-02,2.227668e-04,5.174754e+00
1.783333e+01,9.547783e-01,2.494988e-02,2.004901e-02,2.227668e-04,5.154309e+00
1.800000e+01,9.543328e-01,2.494988e-02,2.049454e-02,2.227668e-04,5.139730e+00
1.816667e+01,9.543328e-01,2.494988e-02,2.049454e-02,2.227668e-04,5.132104e+00
1.833333e+01,9.532190e-01,2.561818e-02,2.094008e-02,2.227668e-04,5.132773e+00
1.850000e+01,9.518824e-01,2.584094e-02,2.205391e-02,2.227668e-04,5.142634e+00
1.866667e+01,9.509913e-01,2.494988e-02,2.383604e-02,2.227668e-04,5.164643e+00
1.883333e+01,9.498775e-01,2.517264e-02,2.472711e-02,2.227668e-04,5.196820e+00
1.900000e+01,9.492092e-01,2.494988e-02,2.561818e-02,2.227668e-04,5.241158e+00
1.916667e+01,9.483181e-01,2.584094e-02,2.561818e-02,2.227668e-04,5.294405e+00
1.933333e+01,9.474270e-01,2.606371e-02,2.628648e-02,2.227668e-04,5.355165e+00
1.950000e+01,9.469815e-01,2.606371e-02,2.673201e-02,2.227668e-04,5.422046e+00
1.966667e+01,9.465360e-01,2.628648e-02,2.695478e-02,2.227668e-04,5.493651e+00
1.983333e+01,9.458677e-01,2.650924e-02,2.740031e-02,2.227668e-04,5.569764e+00
2.000000e+01,9.451994e-01,2.650924e-02,2.806861e-02,2.227668e-04,5.647895e+00
2.016667e+01,9.445311e-01,2.673201e-02,2.851415e-02,2.227668e-04,5.727083e+00
2.033333e+01,9.443083e-01,2.628648e-02,2.918245e-02,2.227668e-04,5.806603e+00
2.050000e+01,9.427489e-01,2.606371e-02,3.096458e-02,2.227668e-04,5.885689e+00
2.066667e+01,9.411896e-01,2.762308e-02,3.096458e-02,2.227668e-04,5.963811e+00
2.083333e+01,9.402985e-01,2.829138e-02,3.074181e-02,6.683003e-04,6.040919e+00
2.100000e+01,9.394074e-01,2.829138e-02,3.163288e-02,6.683003e-04,6.116224e+00
2.116667e+01,9.385164e-01,2.829138e-02,3.252395e-02,6.683003e-04,6.172749e+00
2.133333e+01,9.380708e-01,2.829138e-02,3.296948e-02,6.683003e-04,6.232238e+00
2.150000e+01,9.371798e-01,2.873691e-02,3.341501e-02,6.683003e-04,6.292980e+00
2.166667e+01,9.356204e-01,2.985075e-02,3.386055e-02,6.683003e-04,6.354104e+00
2.183333e+01,9.345066e-01,2.985075e-02,3.497438e-02,6.683003e-04,6.414858e+00
2.200000e+01,9.336155e-01,2.985075e-02,3.586545e-02,6.683003e-04,6.474697e+00
2.216667e+01,9.325017e-01,3.029628e-02,3.653375e-02,6.683003e-04,6.536760e+00
2.233333e+01,9.313878e-01,3.118735e-02,3.675652e-02,6.683003e-04,6.596420e+00
2.250000e+01,9.307195e-01,3.141011e-02,3.720205e-02,6.683003e-04,6.653641e+00
2.266667e+01,9.293829e-01,3.207841e-02,3.764758e-02,8.910671e-04,6.708408e+00
2.283333e+01,9.280463e-01,3.274671e-02,3.720205e-02,2.004901e-03,6.760750e+00
2.300000e+01,9.276008e-01,3.207841e-02,3.787035e-02,2.450434e-03,6.807934e+00
2.316667e+01,9.267097e-01,3.252395e-02,3.742482e-02,3.341501e-03,6.839558e+00
2.333333e+01,9.255959e-01,3.230118e-02,3.831588e-02,3.787035e-03,6.867147e+00
2.350000e+01,9.244821e-01,3.274671e-02,3.898418e-02,3.787035e-03,6.890564e+00
2.366667e+01,9.220316e-01,3.408331e-02,3.942972e-02,4.455335e-03,6.911763e+00
2.383333e+01,9.206950e-01,3.452885e-02,4.032078e-02,4.455335e-03,6.935995e+00
2.400000e+01,9.189129e-01,3.519715e-02,4.054355e-02,5.346402e-03,6.956691e+00
2.416667e+01,9.173535e-01,3.631098e-02,4.076632e-02,5.569169e-03,6.979960e+00
2.433333e+01,9.164625e-01,3.631098e-02,4.076632e-02,6.460236e-03,7.000774e+00
2.450000e+01,9.146803e-01,3.742482e-02,4.121185e-02,6.683003e-03,7.021801e+00
2.466667e+01,9.131210e-01,3.720205e-02,4.299399e-02,6.683003e-03,7.038274e+00
2.483333e+01,9.115616e-01,3.809312e-02,4.366229e-02,6.683003e-03,7.055556e+00
2.500000e+01,9.093339e-01,3.876142e-02,4.455335e-02,7.351303e-03,7.074980e+00
2.516667e+01,9.077746e-01,3.920695e-02,4.544442e-02,7.574070e-03,7.096074e+00
2.533333e+01,9.039875e-01,4.254845e-02,4.544442e-02,8.019603e-03,7.114054e+00
2.550000e+01,9.010916e-01,4.343952e-02,4.722655e-02,8.242370e-03,7.132603e+00
2.566667e+01,8.995322e-01,4.433059e-02,4.722655e-02,8.910671e-03,7.150138e+00
2.583333e+01,8.979728e-01,4.522165e-02,4.722655e-02,9.578971e-03,7.168420e+00
2.600000e+01,8.957452e-01,4.455335e-02,4.900869e-02,1.069280e-02,7.184379e+00
2.616667e+01,8.935175e-01,4.544442e-02,4.967699e-02,1.136110e-02,7.198128e+00
2.633333e+01,8.915126e-01,4.611272e-02,4.967699e-02,1.269771e-02,7.211454e+00
2.650000e+01,8.890622e-01,4.789485e-02,5.012252e-02,1.292047e-02,7.223526e+00
2.666667e+01,8.854979e-01,5.056806e-02,5.056806e-02,1.336601e-02,7.231052e+00
2.683333e+01,8.846068e-01,4.989975e-02,5.034529e-02,1.514814e-02,7.239998e+00
2.700000e+01,8.832702e-01,5.012252e-02,5.101359e-02,1.559367e-02,7.251155e+00
2.716667e+01,8.821564e-01,5.034529e-02,5.123636e-02,1.626197e-02,7.257831e+00
2.733333e+01,8.805970e-01,5.012252e-02,5.257296e-02,1.670751e-02,7.265319e+00
2.750000e+01,8.785921e-01,5.079082e-02,5.279572e-02,1.782134e-02,7.272116e+00
2.766667e+01,8.754734e-01,5.212742e-02,5.435509e-02,1.804411e-02,7.279503e+00
2.783333e+01,8.736912e-01,5.257296e-02,5.546892e-02,1.826687e-02,7.284766e+00
2.800000e+01,8.714636e-01,5.301849e-02,5.635999e-02,1.915794e-02,7.292990e+00
2.816667e+01,8.692359e-01,5.368679e-02,5.702829e-02,2.004901e-02,7.302991e+00
2.833333e+01,8.672310e-01,5.301849e-02,5.903319e-02,2.071731e-02,7.311964e+00
2.850000e+01,8.643350e-01,5.457786e-02,5.947873e-02,2.160838e-02,7.320464e+00
2.866667e+01,8.616618e-01,5.524616e-02,6.081533e-02,2.227668e-02,7.330513e+00
2.883333e+01,8.594342e-01,5.569169e-02,6.148363e-02,2.339051e-02,7.339412e+00
2.900000e+01,8.565382e-01,5.725106e-02,6.192916e-02,2.428158e-02,7.348265e+00
2.916667e+01,8.540878e-01,5.658276e-02,6.393406e-02,2.539541e-02,7.355327e+00
2.933333e+01,8.518601e-01,5.702829e-02,6.549343e-02,2.561818e-02,7.361538e+00
2.950000e+01,8.485186e-01,5.881043e-02,6.593896e-02,2.673201e-02,7.366676e+00
2.966667e+01,8.451771e-01,5.970149e-02,6.705280e-02,2.806861e-02,7.374314e+00
2.983333e+01,8.431722e-01,5.970149e-02,6.838940e-02,2.873691e-02,7.381011e+00
3.000000e+01,8.416128e-01,5.836489e-02,7.017153e-02,2.985075e-02,7.384794e+00
3.016667e+01,8.378258e-01,6.036979e-02,7.106260e-02,3.074181e-02,7.388991e+00
3.033333e+01,8.355981e-01,6.148363e-02,7.106260e-02,3.185565e-02,7.391234e+00
3.050000e+01,8.331477e-01,6.282023e-02,7.061706e-02,3.341501e-02,7.392714e+00
3.066667e+01,8.313656e-01,6.237469e-02,7.173090e-02,3.452885e-02,7.393250e+00
3.083333e+01,8.295834e-01,6.304299e-02,7.262196e-02,3.475162e-02,7.391492e+00
3.100000e+01,8.273558e-01,6.282023e-02,7.418133e-02,3.564268e-02,7.389966e+00
3.116667e+01,8.249053e-01,6.348853e-02,7.484963e-02,3.675652e-02,7.390040e+00
3.133333e+01,8.226777e-01,6.437959e-02,7.507240e-02,3.787035e-02,7.389356e+00
3.150000e+01,8.191134e-01,6.571620e-02,7.596347e-02,3.920695e-02,7.387408e+00
3.166667e+01,8.166630e-01,6.571620e-02,7.730007e-02,4.032078e-02,7.384696e+00
3.183333e+01,8.128759e-01,6.727556e-02,7.908220e-02,4.076632e-02,7.381254e+00
3.200000e+01,8.106483e-01,6.727556e-02,8.064157e-02,4.143462e-02,7.376915e+00
3.216667e+01,8.086434e-01,6.838940e-02,8.064157e-02,4.232569e-02,7.374811e+00
3.233333e+01,8.044108e-01,7.039430e-02,8.220094e-02,4.299399e-02,7.373229e+00
3.250000e+01,8.021831e-01,7.083983e-02,8.309200e-02,4.388505e-02,7.371393e+00
3.266667e+01,7.999554e-01,7.106260e-02,8.465137e-02,4.433059e-02,7.370539e+00
3.283333e+01,7.981733e-01,7.083983e-02,8.576520e-02,4.522165e-02,7.369395e+00
3.300000e+01,7.968367e-01,6.905770e-02,8.843840e-02,4.566719e-02,7.369787e+00
3.316667e+01,7.939407e-01,6.928046e-02,9.088884e-02,4.588995e-02,7.369900e+00
3.333333e+01,7.917131e-01,7.017153e-02,9.111161e-02,4.700379e-02,7.371270e+00
3.350000e+01,7.899309e-01,7.039430e-02,9.200267e-02,4.767209e-02,7.375700e+00
3.366667e+01,7.879260e-01,7.083983e-02,9.244821e-02,4.878592e-02,7.379152e+00
3.383333e+01,7.848073e-01,7.083983e-02,9.445311e-02,4.989975e-02,7.382532e+00
3.400000e+01,7.819113e-01,7.173090e-02,9.556694e-02,5.079082e-02,7.384399e+00
3.416667e+01,7.805747e-01,7.150813e-02,9.623524e-02,5.168189e-02,7.386069e+00
3.433333e+01,7.779015e-01,7.329027e-02,9.578971e-02,5.301849e-02,7.388288e+00
3.450000e+01,7.754511e-01,7.373580e-02,9.712631e-02,5.368679e-02,7.390802e+00
3.466667e+01,7.732234e-01,7.440410e-02,9.757184e-02,5.480062e-02,7.392127e+00
3.483333e+01,7.712185e-01,7.418133e-02,9.890844e-02,5.569169e-02,7.395008e+00
3.500000e+01,7.674315e-01,7.640900e-02,1.000223e-01,5.613722e-02,7.397679e+00
3.516667e+01,7.647583e-01,7.730007e-02,1.004678e-01,5.747382e-02,7.400581e+00
3.533333e+01,7.636445e-01,7.551793e-02,1.026955e-01,5.814213e-02,7.405925e+00
3.550000e+01,7.620851e-01,7.640900e-02,1.022499e-01,5.925596e-02,7.410743e+00
3.566667e+01,7.600802e-01,7.640900e-02,1.029182e-01,6.059256e-02,7.417672e+00
3.583333e+01,7.569615e-01,7.774560e-02,1.038093e-01,6.148363e-02,7.424028e+00
3.600000e+01,7.527289e-01,7.885943e-02,1.058142e-01,6.259746e-02,7.430942e+00
3.616667e+01,7.496102e-01,7.908220e-02,1.071508e-01,6.415683e-02,7.438344e+00
3.633333e+01,7.482736e-01,7.796837e-02,1.084874e-01,6.527066e-02,7.445423e+00
3.650000e+01,7.458231e-01,7.908220e-02,1.087102e-01,6.638450e-02,7.451563e+00
3.666667e+01,7.429272e-01,7.930497e-02,1.100468e-01,6.772110e-02,7.458235e+00
3.683333e+01,7.409223e-01,7.841390e-02,1.120517e-01,6.861216e-02,7.466156e+00
3.700000e+01,7.375808e-01,8.019603e-02,1.120517e-01,7.017153e-02,7.474859e+00
3.716667e+01,7.344620e-01,8.242370e-02,1.120517e-01,7.106260e-02,7.485541e+00
3.733333e+01,7.335710e-01,8.130987e-02,1.129427e-01,7.217643e-02,7.495945e+00
3.750000e+01,7.308978e-01,8.242370e-02,1.124972e-01,7.418133e-02,7.507708e+00
3.766667e+01,7.291156e-01,8.108710e-02,1.151704e-01,7.462687e-02,7.520063e+00
3.783333e+01,7.253286e-01,8.175540e-02,1.169526e-01,7.596347e-02,7.530541e+00
3.800000e+01,7.217643e-01,8.331477e-02,1.176209e-01,7.730007e-02,7.543297e+00
3.816667e+01,7.199822e-01,8.420584e-02,1.176209e-01,7.819113e-02,7.557086e+00
3.833333e+01,7.164179e-01,8.621074e-02,1.169526e-01,8.041880e-02,7.570654e+00
3.850000e+01,7.148585e-01,8.487414e-02,1.187347e-01,8.153264e-02,7.585161e+00
3.866667e+01,7.106260e-01,8.777010e-02,1.173981e-01,8.420584e-02,7.598214e+00
3.883333e+01,7.081755e-01,8.843840e-02,1.169526e-01,8.643350e-02,7.612130e+00
3.900000e+01,7.034974e-01,9.133437e-02,1.176209e-01,8.754734e-02,7.622927e+00
3.916667e+01,7.006015e-01,9.200267e-02,1.180664e-01,8.932947e-02,7.632298e+00
3.933333e+01,6.988193e-01,9.267097e-02,1.176209e-01,9.088884e-02,7.642148e+00
3.950000e+01,6.957006e-01,9.311651e-02,1.178436e-01,9.333927e-02,7.651161e+00
3.966667e+01,6.930274e-01,9.222544e-02,1.191802e-01,9.556694e-02,7.659545e+00
3.983333e+01,6.894631e-01,9.289374e-02,1.205168e-01,9.712631e-02,7.666505e+00
4.000000e+01,6.870127e-01,9.289374e-02,1.214079e-01,9.868568e-02,7.672683e+00
4.016667e+01,6.838940e-01,9.378481e-02,1.220762e-01,1.002450e-01,7.678685e+00
4.033333e+01,6.796614e-01,9.578971e-02,1.229673e-01,1.015816e-01,7.684642e+00
4.050000e+01,6.760971e-01,9.779461e-02,1.229673e-01,1.031410e-01,7.691186e+00
4.066667e+01,6.747605e-01,9.712631e-02,1.229673e-01,1.051459e-01,7.698199e+00
4.083333e+01,6.716418e-01,9.801738e-02,1.229673e-01,1.073736e-01,7.705515e+00
4.100000e+01,6.687458e-01,9.757184e-02,1.236356e-01,1.100468e-01,7.712424e+00
4.116667e+01,6.660726e-01,9.645801e-02,1.256405e-01,1.118289e-01,7.718470e+00
4.133333e+01,6.627311e-01,9.757184e-02,1.251949e-01,1.145021e-01,7.723261e+00
4.150000e+01,6.589441e-01,9.779461e-02,1.274226e-01,1.158387e-01,7.728975e+00
4.166667e+01,6.547115e-01,9.846291e-02,1.278681e-01,1.189575e-01,7.733622e+00
4.183333e+01,6.513700e-01,9.734908e-02,1.303186e-01,1.209624e-01,7.738978e+00
4.200000e+01,6.464691e-01,1.002450e-01,1.307641e-01,1.225217e-01,7.742649e+00
4.216667e+01,6.422366e-01,1.024727e-01,1.294275e-01,1.258632e-01,7.746554e+00
4.233333e+01,6.395634e-01,1.026955e-01,1.296503e-01,1.280909e-01,7.751176e+00
4.250000e+01,6.368902e-01,1.026955e-01,1.300958e-01,1.303186e-01,7.753560e+00
4.266667e+01,6.337714e-01,1.022499e-01,1.309869e-01,1.329918e-01,7.755547e+00
4.283333e+01,6.304299e-01,1.024727e-01,1.318779e-01,1.352194e-01,7.757216e+00
4.300000e+01,6.273112e-01,1.024727e-01,1.329918e-01,1.372243e-01,7.758720e+00
4.316667e+01,6.215193e-01,1.040321e-01,1.345511e-01,1.398975e-01,7.760387e+00
4.333333e+01,6.184005e-01,1.038093e-01,1.356650e-01,1.421252e-01,7.762532e+00
4.350000e+01,6.152818e-01,1.053687e-01,1.341056e-01,1.452439e-01,7.764672e+00
4.366667e+01,6.119403e-01,1.049231e-01,1.356650e-01,1.474716e-01,7.766710e+00
4.383333e+01,6.090443e-01,1.044776e-01,1.378926e-01,1.485854e-01,7.767619e+00
4.400000e+01,6.050345e-01,1.044776e-01,1.398975e-01,1.505903e-01,7.768664e+00
4.416667e+01,6.019158e-01,1.064825e-01,1.390065e-01,1.525952e-01,7.771427e+00
4.433333e+01,5.996881e-01,1.053687e-01,1.396748e-01,1.552684e-01,7.774871e+00
4.450000e+01,5.959011e-01,1.064825e-01,1.412341e-01,1.563823e-01,7.778204e+00
4.466667e+01,5.912230e-01,1.091557e-01,1.412341e-01,1.583872e-01,7.780961e+00
4.483333e+01,5.878815e-01,1.100468e-01,1.403431e-01,1.617287e-01,7.785187e+00
4.500000e+01,5.849855e-01,1.098240e-01,1.407886e-01,1.644019e-01,7.789416e+00
4.516667e+01,5.803074e-01,1.124972e-01,1.412341e-01,1.659612e-01,7.791860e+00
4.533333e+01,5.769659e-01,1.127200e-01,1.414569e-01,1.688572e-01,7.793578e+00
4.550000e+01,5.736244e-01,1.111606e-01,1.432390e-01,1.719759e-01,7.796012e+00
4.566667e+01,5.691691e-01,1.124972e-01,1.447984e-01,1.735353e-01,7.797003e+00
4.583333e+01,5.667186e-01,1.127200e-01,1.432390e-01,1.773223e-01,7.796559e+00
4.600000e+01,5.640454e-01,1.124972e-01,1.447984e-01,1.786589e-01,7.796949e+00
4.616667e+01,5.604812e-01,1.129427e-01,1.461350e-01,1.804411e-01,7.794984e+00
4.633333e+01,5.566941e-01,1.145021e-01,1.461350e-01,1.826687e-01,7.794370e+00
4.650000e+01,5.515705e-01,1.158387e-01,1.481399e-01,1.844509e-01,7.794182e+00
4.666667e+01,5.482290e-01,1.160615e-01,1.483627e-01,1.873468e-01,7.793955e+00
4.683333e+01,5.455558e-01,1.167298e-01,1.485854e-01,1.891290e-01,7.794411e+00
4.700000e+01,5.417688e-01,1.189575e-01,1.481399e-01,1.911339e-01,7.794304e+00
4.716667e+01,5.377590e-01,1.185119e-01,1.505903e-01,1.931388e-01,7.794708e+00
4.733333e+01,5.324126e-01,1.198485e-01,1.521497e-01,1.955892e-01,7.795459e+00
4.750000e+01,5.301849e-01,1.189575e-01,1.541546e-01,1.967031e-01,7.797181e+00
4.766667e+01,5.263979e-01,1.187347e-01,1.543774e-01,2.004901e-01,7.798860e+00
4.783333e+01,5.228336e-01,1.202941e-01,1.559367e-01,2.009356e-01,7.801824e+00
4.800000e+01,5.197149e-01,1.202941e-01,1.570506e-01,2.029405e-01,7.802741e+00
4.816667e+01,5.154823e-01,1.211851e-01,1.574961e-01,2.058365e-01,7.805740e+00
4.833333e+01,5.125863e-01,1.214079e-01,1.581644e-01,2.078414e-01,7.809260e+00
4.850000e+01,5.087993e-01,1.218534e-01,1.601693e-01,2.091780e-01,7.812235e+00
4.866667e+01,5.047895e-01,1.218534e-01,1.621742e-01,2.111829e-01,7.815523e+00
4.883333e+01,5.001114e-01,1.229673e-01,1.626197e-01,2.143016e-01,7.820456e+00
4.900000e+01,4.938739e-01,1.254177e-01,1.626197e-01,2.180887e-01,7.825347e+00
4.916667e+01,4.898641e-01,1.260860e-01,1.617287e-01,2.223212e-01,7.829190e+00
4.933333e+01,4.858543e-01,1.271998e-01,1.619514e-01,2.249944e-01,7.831424e+00
4.950000e+01,4.805079e-01,1.287592e-01,1.621742e-01,2.285587e-01,7.831232e+00
4.966667e+01,4.742704e-01,1.296503e-01,1.646246e-01,2.314547e-01,7.830200e+00
4.983333e+01,4.700379e-01,1.307641e-01,1.659612e-01,2.332368e-01,7.827897e+00
