Time,U,I1,I2,D,Ve
0.000000e+00,9.997772e-01,2.227668e-04,0.000000e+00,0.000000e+00,-inf
1.666667e-01,9.997772e-01,2.227668e-04,0.000000e+00,0.000000e+00,-inf
3.333333e-01,9.997772e-01,2.227668e-04,0.000000e+00,0.000000e+00,-inf
5.000000e-01,9.997772e-01,2.227668e-04,0.000000e+00,0.000000e+00,-inf
6.666667e-01,9.997772e-01,2.227668e-04,0.000000e+00,0.000000e+00,-inf
8.333333e-01,9.997772e-01,2.227668e-04,0.000000e+00,0.000000e+00,-inf
1.000000e+00,9.997772e-01,2.227668e-04,0.000000e+00,0.000000e+00,-inf
1.166667e+00,9.997772e-01,2.227668e-04,0.000000e+00,0.000000e+00,-inf
1.333333e+00,9.997772e-01,2.227668e-04,0.000000e+00,0.000000e+00,-inf
1.500000e+00,9.997772e-01,2.227668e-04,0.000000e+00,0.000000e+00,-inf
1.666667e+00,9.997772e-01,2.227668e-04,0.000000e+00,0.000000e+00,-inf
1.833333e+00,9.997772e-01,2.227668e-04,0.000000e+00,0.000000e+00,-inf
2.000000e+00,9.997772e-01,2.227668e-04,0.000000e+00,0.000000e+00,-inf
2.166667e+00,9.997772e-01,2.227668e-04,0.000000e+00,0.000000e+00,-inf
2.333333e+00,9.997772e-01,2.227668e-04,0.000000e+00,0.000000e+00,-inf
2.500000e+00,9.997772e-01,0.000000e+00,2.227668e-04,0.000000e+00,-inf
2.666667e+00,9.997772e-01,0.000000e+00,2.227668e-04,0.000000e+00,-inf
2.833333e+00,9.997772e-01,0.000000e+00,2.227668e-04,0.000000e+00,-1.093140e+00
3.000000e+00,9.997772e-01,0.000000e+00,2.227668e-04,0.000000e+00,-7.580491e-01
3.166667e+00,9.997772e-01,0.000000e+00,2.227668e-04,0.000000e+00,-5.443913e-01
3.333333e+00,9.997772e-01,0.000000e+00,2.227668e-04,0.000000e+00,-3.784638e-01
3.500000e+00,9.995545e-01,2.227668e-04,2.227668e-04,0.000000e+00,-2.372549e-01
3.666667e+00,9.995545e-01,2.227668e-04,2.227668e-04,0.000000e+00,-1.106003e-01
3.833333e+00,9.995545e-01,2.227668e-04,2.227668e-04,0.000000e+00,6.839932e-03
4.000000e+00,9.995545e-01,2.227668e-04,2.227668e-04,0.000000e+00,1.181783e-01
4.166667e+00,9.995545e-01,2.227668e-04,2.227668e-04,0.000000e+00,2.253553e-01
4.333333e+00,9.995545e-01,2.227668e-04,2.227668e-04,0.000000e+00,3.296368e-01
4.500000e+00,9.995545e-01,2.227668e-04,2.227668e-04,0.000000e+00,4.318759e-01
4.666667e+00,9.995545e-01,2.227668e-04,2.227668e-04,0.000000e+00,5.326600e-01
4.833333e+00,9.995545e-01,2.227668e-04,2.227668e-04,0.000000e+00,6.324006e-01
5.000000e+00,9.995545e-01,2.227668e-04,2.227668e-04,0.000000e+00,7.313889e-01
5.166667e+00,9.995545e-01,2.227668e-04,2.227668e-04,0.000000e+00,8.298328e-01
5.333333e+00,9.995545e-01,2.227668e-04,2.227668e-04,0.000000e+00,9.278818e-01
5.500000e+00,9.993317e-01,4.455335e-04,2.227668e-04,0.000000e+00,1.025644e+00
5.666667e+00,9.993317e-01,4.455335e-04,2.227668e-04,0.000000e+00,1.123196e+00
5.833333e+00,9.993317e-01,4.455335e-04,2.227668e-04,0.000000e+00,1.220596e+00
6.000000e+00,9.993317e-01,4.455335e-04,2.227668e-04,0.000000e+00,1.317884e+00
6.166667e+00,9.993317e-01,4.455335e-04,2.227668e-04,0.000000e+00,1.415090e+00
6.333333e+00,9.993317e-01,4.455335e-04,2.227668e-04,0.000000e+00,1.512236e+00
6.500000e+00,9.993317e-01,4.455335e-04,2.227668e-04,0.000000e+00,1.609336e+00
6.666667e+00,9.993317e-01,4.455335e-04,2.227668e-04,0.000000e+00,1.706403e+00
6.833333e+00,9.993317e-01,4.455335e-04,2.227668e-04,0.000000e+00,1.803444e+00
7.000000e+00,9.993317e-01,4.455335e-04,2.227668e-04,0.000000e+00,1.900463e+00
7.166667e+00,9.991089e-01,4.455335e-04,4.455335e-04,0.000000e+00,1.997466e+00
7.333333e+00,9.988862e-01,6.683003e-04,4.455335e-04,0.000000e+00,2.094454e+00
7.500000e+00,9.984406e-01,1.113834e-03,4.455335e-04,0.000000e+00,2.191501e+00
7.666667e+00,9.979951e-01,1.559367e-03,4.455335e-04,0.000000e+00,2.288513e+00
7.833333e+00,9.979951e-01,1.559367e-03,4.455335e-04,0.000000e+00,2.385495e+00
8.000000e+00,9.975496e-01,1.782134e-03,6.683003e-04,0.000000e+00,2.482449e+00
8.166667e+00,9.975496e-01,1.782134e-03,6.683003e-04,0.000000e+00,2.579374e+00
8.333333e+00,9.973268e-01,2.004901e-03,6.683003e-04,0.000000e+00,2.677344e+00
8.500000e+00,9.973268e-01,2.004901e-03,6.683003e-04,0.000000e+00,2.774988e+00
8.666667e+00,9.973268e-01,2.004901e-03,6.683003e-04,0.000000e+00,2.872379e+00
8.833333e+00,9.973268e-01,2.004901e-03,6.683003e-04,0.000000e+00,2.969567e+00
9.000000e+00,9.968813e-01,2.227668e-03,8.910671e-04,0.000000e+00,3.066582e+00
9.166667e+00,9.964357e-01,2.673201e-03,8.910671e-04,0.000000e+00,3.163442e+00
9.333333e+00,9.953219e-01,3.341501e-03,1.336601e-03,0.000000e+00,3.260154e+00
9.500000e+00,9.950991e-01,3.341501e-03,1.559367e-03,0.000000e+00,3.356708e+00
9.666667e+00,9.946536e-01,3.787035e-03,1.559367e-03,0.000000e+00,3.453100e+00
9.833333e+00,9.942081e-01,4.232569e-03,1.559367e-03,0.000000e+00,3.549293e+00
1.000000e+01,9.937625e-01,4.678102e-03,1.559367e-03,0.000000e+00,3.645250e+00
1.016667e+01,9.935398e-01,4.900869e-03,1.559367e-03,0.000000e+00,3.740927e+00
1.033333e+01,9.933170e-01,5.123636e-03,1.559367e-03,0.000000e+00,3.836261e+00
1.050000e+01,9.928715e-01,5.346402e-03,1.782134e-03,0.000000e+00,3.931178e+00
1.066667e+01,9.926487e-01,5.569169e-03,1.782134e-03,0.000000e+00,4.025583e+00
1.083333e+01,9.915349e-01,6.683003e-03,1.782134e-03,0.000000e+00,4.119362e+00
1.100000e+01,9.913121e-01,6.905770e-03,1.782134e-03,0.000000e+00,4.212375e+00
1.116667e+01,9.904210e-01,7.574070e-03,2.004901e-03,0.000000e+00,4.304456e+00
1.133333e+01,9.899755e-01,7.796837e-03,2.227668e-03,0.000000e+00,4.395406e+00
1.150000e+01,9.893072e-01,8.465137e-03,2.227668e-03,0.000000e+00,4.484997e+00
1.166667e+01,9.879706e-01,9.356204e-03,2.673201e-03,0.000000e+00,4.572963e+00
1.183333e+01,9.870795e-01,1.024727e-02,2.673201e-03,0.000000e+00,4.659008e+00
1.200000e+01,9.864112e-01,1.069280e-02,2.895968e-03,0.000000e+00,4.742806e+00
1.216667e+01,9.846291e-01,1.180664e-02,3.564268e-03,0.000000e+00,4.824006e+00
1.233333e+01,9.835153e-01,1.269771e-02,3.787035e-03,0.000000e+00,4.902252e+00
1.250000e+01,9.832925e-01,1.202941e-02,4.678102e-03,0.000000e+00,4.977197e+00
1.266667e+01,9.819559e-01,1.292047e-02,5.123636e-03,0.000000e+00,5.048501e+00
1.283333e+01,9.817331e-01,1.292047e-02,5.346402e-03,0.000000e+00,5.115887e+00
1.300000e+01,9.803965e-01,1.381154e-02,5.791936e-03,0.000000e+00,5.179116e+00
1.316667e+01,9.792827e-01,1.425707e-02,6.460236e-03,0.000000e+00,5.238036e+00
1.333333e+01,9.788372e-01,1.447984e-02,6.683003e-03,0.000000e+00,5.292578e+00
1.350000e+01,9.783916e-01,1.470261e-02,6.905770e-03,0.000000e+00,5.342761e+00
1.366667e+01,9.777233e-01,1.492537e-02,7.351303e-03,0.000000e+00,5.388684e+00
1.383333e+01,9.768323e-01,1.537091e-02,7.796837e-03,0.000000e+00,5.430520e+00
1.400000e+01,9.759412e-01,1.559367e-02,8.465137e-03,0.000000e+00,5.468505e+00
1.416667e+01,9.746046e-01,1.670751e-02,8.687904e-03,0.000000e+00,5.502921e+00
1.433333e+01,9.739363e-01,1.715304e-02,8.910671e-03,0.000000e+00,5.534106e+00
1.450000e+01,9.732680e-01,1.693027e-02,9.801738e-03,0.000000e+00,5.562384e+00
1.466667e+01,9.723769e-01,1.759857e-02,1.002450e-02,0.000000e+00,5.588116e+00
1.483333e+01,9.714859e-01,1.826687e-02,1.024727e-02,0.000000e+00,5.611722e+00
1.500000e+01,9.708176e-01,1.804411e-02,1.113834e-02,0.000000e+00,5.633515e+00
1.516667e+01,9.697037e-01,1.915794e-02,1.091557e-02,2.227668e-04,5.653857e+00
1.533333e+01,9.683671e-01,2.004901e-02,1.136110e-02,2.227668e-04,5.673093e+00
1.550000e+01,9.676988e-01,1.982624e-02,1.225217e-02,2.227668e-04,5.648729e+00
1.566667e+01,9.663622e-01,2.004901e-02,1.336601e-02,2.227668e-04,5.628217e+00
1.583333e+01,9.656939e-01,2.004901e-02,1.403431e-02,2.227668e-04,5.612103e+00
1.600000e+01,9.648029e-01,1.982624e-02,1.514814e-02,2.227668e-04,5.600930e+00
1.616667e+01,9.639118e-01,2.027178e-02,1.559367e-02,2.227668e-04,5.594909e+00
1.633333e+01,9.614613e-01,2.227668e-02,1.603921e-02,2.227668e-04,5.594100e+00
1.650000e+01,9.603475e-01,2.249944e-02,1.670751e-02,4.455335e-04,5.598346e+00
1.666667e+01,9.585654e-01,2.339051e-02,1.759857e-02,4.455335e-04,5.607312e+00
1.683333e+01,9.576743e-01,2.339051e-02,1.848964e-02,4.455335e-04,5.579941e+00
1.700000e+01,9.565605e-01,2.428158e-02,1.871241e-02,4.455335e-04,5.556277e+00
1.716667e+01,9.552239e-01,2.494988e-02,1.938071e-02,4.455335e-04,5.537216e+00
1.733333e+01,9.541100e-01,2.561818e-02,1.982624e-02,4.455335e-04,5.523636e+00
1.750000e+01,9.532190e-01,2.561818e-02,2.071731e-02,4.455335e-04,5.516412e+00
1.766667e+01,9.527734e-01,2.584094e-02,2.094008e-02,4.455335e-04,5.516283e+00
1.783333e+01,9.514368e-01,2.606371e-02,2.205391e-02,4.455335e-04,5.523757e+00
1.800000e+01,9.505458e-01,2.650924e-02,2.249944e-02,4.455335e-04,5.538993e+00
1.816667e+01,9.487636e-01,2.695478e-02,2.383604e-02,4.455335e-04,5.562094e+00
1.833333e+01,9.474270e-01,2.784585e-02,2.428158e-02,4.455335e-04,5.594291e+00
1.850000e+01,9.465360e-01,2.851415e-02,2.450434e-02,4.455335e-04,5.632693e+00
1.866667e+01,9.445311e-01,2.873691e-02,2.628648e-02,4.455335e-04,5.676344e+00
1.883333e+01,9.434172e-01,2.918245e-02,2.695478e-02,4.455335e-04,5.724277e+00
1.900000e+01,9.434172e-01,2.851415e-02,2.762308e-02,4.455335e-04,5.775654e+00
1.916667e+01,9.418579e-01,2.985075e-02,2.784585e-02,4.455335e-04,5.829615e+00
1.933333e+01,9.407440e-01,2.895968e-02,2.985075e-02,4.455335e-04,5.885481e+00
1.950000e+01,9.402985e-01,2.895968e-02,3.029628e-02,4.455335e-04,5.942675e+00
1.966667e+01,9.396302e-01,2.873691e-02,3.118735e-02,4.455335e-04,6.000772e+00
1.983333e+01,9.391847e-01,2.851415e-02,3.185565e-02,4.455335e-04,6.059237e+00
2.000000e+01,9.374025e-01,2.940521e-02,3.274671e-02,4.455335e-04,6.117661e+00
2.016667e+01,9.367342e-01,2.962798e-02,3.319225e-02,4.455335e-04,6.175760e+00
2.033333e+01,9.353976e-01,2.985075e-02,3.430608e-02,4.455335e-04,6.233095e+00
2.050000e+01,9.347293e-01,2.962798e-02,3.519715e-02,4.455335e-04,6.289376e+00
2.066667e+01,9.333927e-01,2.962798e-02,3.608822e-02,8.910671e-04,6.344360e+00
2.083333e+01,9.320561e-01,3.051905e-02,3.608822e-02,1.336601e-03,6.397882e+00
2.100000e+01,9.313878e-01,3.051905e-02,3.675652e-02,1.336601e-03,6.436366e+00
2.116667e+01,9.302740e-01,3.141011e-02,3.697928e-02,1.336601e-03,6.463508e+00
2.133333e+01,9.298285e-01,3.074181e-02,3.787035e-02,1.559367e-03,6.494615e+00
2.150000e+01,9.280463e-01,3.207841e-02,3.809312e-02,1.782134e-03,6.528884e+00
2.166667e+01,9.271553e-01,3.141011e-02,3.965248e-02,1.782134e-03,6.563473e+00
2.183333e+01,9.249276e-01,3.363778e-02,3.942972e-02,2.004901e-03,6.594844e+00
2.200000e+01,9.238138e-01,3.386055e-02,4.009802e-02,2.227668e-03,6.628670e+00
2.216667e+01,9.229227e-01,3.363778e-02,4.121185e-02,2.227668e-03,6.659867e+00
2.233333e+01,9.213633e-01,3.475162e-02,4.165738e-02,2.227668e-03,6.689076e+00
2.250000e+01,9.198040e-01,3.541992e-02,4.232569e-02,2.450434e-03,6.720768e+00
2.266667e+01,9.184674e-01,3.675652e-02,4.165738e-02,3.118735e-03,6.754333e+00
2.283333e+01,9.173535e-01,3.675652e-02,4.210292e-02,3.787035e-03,6.785764e+00
2.300000e+01,9.153486e-01,3.787035e-02,4.254845e-02,4.232569e-03,6.810119e+00
2.316667e+01,9.133437e-01,3.898418e-02,4.343952e-02,4.232569e-03,6.828572e+00
2.333333e+01,9.124527e-01,3.898418e-02,4.433059e-02,4.232569e-03,6.847280e+00
2.350000e+01,9.117844e-01,3.831588e-02,4.522165e-02,4.678102e-03,6.869888e+00
2.366667e+01,9.108933e-01,3.853865e-02,4.566719e-02,4.900869e-03,6.895833e+00
2.383333e+01,9.100022e-01,3.831588e-02,4.633549e-02,5.346402e-03,6.920090e+00
2.400000e+01,9.073290e-01,3.987525e-02,4.722655e-02,5.569169e-03,6.945046e+00
2.416667e+01,9.048786e-01,4.121185e-02,4.744932e-02,6.460236e-03,6.969254e+00
2.433333e+01,9.026509e-01,4.299399e-02,4.744932e-02,6.905770e-03,6.994758e+00
2.450000e+01,9.019826e-01,4.143462e-02,4.878592e-02,7.796837e-03,7.015261e+00
2.466667e+01,9.004233e-01,4.188015e-02,4.967699e-02,8.019603e-03,7.036578e+00
2.483333e+01,8.981956e-01,4.232569e-02,5.101359e-02,8.465137e-03,7.054159e+00
2.500000e+01,8.959679e-01,4.388505e-02,5.145912e-02,8.687904e-03,7.073393e+00
2.516667e+01,8.944086e-01,4.321675e-02,5.324126e-02,9.133437e-03,7.092327e+00
2.533333e+01,8.932947e-01,4.321675e-02,5.390956e-02,9.578971e-03,7.112509e+00
2.550000e+01,8.921809e-01,4.232569e-02,5.524616e-02,1.024727e-02,7.133292e+00
2.566667e+01,8.903988e-01,4.321675e-02,5.613722e-02,1.024727e-02,7.153440e+00
2.583333e+01,8.881711e-01,4.410782e-02,5.613722e-02,1.158387e-02,7.171610e+00
2.600000e+01,8.868345e-01,4.321675e-02,5.791936e-02,1.202941e-02,7.191647e+00
2.616667e+01,8.861662e-01,4.277122e-02,5.680552e-02,1.425707e-02,7.206089e+00
2.633333e+01,8.826019e-01,4.499889e-02,5.725106e-02,1.514814e-02,7.220065e+00
2.650000e+01,8.797059e-01,4.655825e-02,5.791936e-02,1.581644e-02,7.225646e+00
2.666667e+01,8.774783e-01,4.722655e-02,5.925596e-02,1.603921e-02,7.229491e+00
2.683333e+01,8.761417e-01,4.722655e-02,6.014703e-02,1.648474e-02,7.233453e+00
2.700000e+01,8.743595e-01,4.789485e-02,6.059256e-02,1.715304e-02,7.239302e+00
2.716667e+01,8.716863e-01,4.878592e-02,6.215193e-02,1.737581e-02,7.246499e+00
2.733333e+01,8.683448e-01,5.056806e-02,6.237469e-02,1.871241e-02,7.253812e+00
2.750000e+01,8.654489e-01,5.235019e-02,6.259746e-02,1.960348e-02,7.263059e+00
2.766667e+01,8.636667e-01,5.301849e-02,6.304299e-02,2.027178e-02,7.268664e+00
2.783333e+01,8.616618e-01,5.435509e-02,6.237469e-02,2.160838e-02,7.274852e+00
2.800000e+01,8.596569e-01,5.457786e-02,6.393406e-02,2.183114e-02,7.281850e+00
2.816667e+01,8.565382e-01,5.658276e-02,6.415683e-02,2.272221e-02,7.286466e+00
2.833333e+01,8.538650e-01,5.680552e-02,6.616173e-02,2.316774e-02,7.293242e+00
2.850000e+01,8.529739e-01,5.635999e-02,6.660726e-02,2.405881e-02,7.299490e+00
2.866667e+01,8.507463e-01,5.680552e-02,6.794386e-02,2.450434e-02,7.307870e+00
2.883333e+01,8.487414e-01,5.747382e-02,6.838940e-02,2.539541e-02,7.315325e+00
2.900000e+01,8.469592e-01,5.680552e-02,7.039430e-02,2.584094e-02,7.324649e+00
2.916667e+01,8.451771e-01,5.814213e-02,7.061706e-02,2.606371e-02,7.334351e+00
2.933333e+01,8.429494e-01,5.903319e-02,7.039430e-02,2.762308e-02,7.345203e+00
2.950000e+01,8.402762e-01,6.014703e-02,7.083983e-02,2.873691e-02,7.357505e+00
2.966667e+01,8.382713e-01,6.059256e-02,7.195366e-02,2.918245e-02,7.365977e+00
2.983333e+01,8.364892e-01,6.059256e-02,7.239920e-02,3.051905e-02,7.372870e+00
3.000000e+01,8.342615e-01,6.215193e-02,7.262196e-02,3.096458e-02,7.380938e+00
3.016667e+01,8.324794e-01,6.282023e-02,7.306750e-02,3.163288e-02,7.389671e+00
3.033333e+01,8.309200e-01,6.237469e-02,7.373580e-02,3.296948e-02,7.399018e+00
3.050000e+01,8.293607e-01,6.237469e-02,7.484963e-02,3.341501e-02,7.408287e+00
3.066667e+01,8.260192e-01,6.527066e-02,7.418133e-02,3.452885e-02,7.415331e+00
3.083333e+01,8.222321e-01,6.772110e-02,7.395857e-02,3.608822e-02,7.422945e+00
3.100000e+01,8.206728e-01,6.705280e-02,7.574070e-02,3.653375e-02,7.430068e+00
3.116667e+01,8.171085e-01,6.838940e-02,7.663177e-02,3.787035e-02,7.434528e+00
3.133333e+01,8.137670e-01,6.950323e-02,7.685453e-02,3.987525e-02,7.440046e+00
3.150000e+01,8.113166e-01,6.972600e-02,7.819113e-02,4.076632e-02,7.444051e+00
3.166667e+01,8.090889e-01,6.883493e-02,8.041880e-02,4.165738e-02,7.445667e+00
3.183333e+01,8.070840e-01,6.905770e-02,8.041880e-02,4.343952e-02,7.446991e+00
3.200000e+01,8.053018e-01,6.794386e-02,8.242370e-02,4.433059e-02,7.448081e+00
3.216667e+01,8.037425e-01,6.838940e-02,8.242370e-02,4.544442e-02,7.447391e+00
3.233333e+01,8.024059e-01,6.727556e-02,8.442860e-02,4.588995e-02,7.447391e+00
3.250000e+01,8.001782e-01,6.772110e-02,8.487414e-02,4.722655e-02,7.447685e+00
3.266667e+01,7.981733e-01,6.816663e-02,8.576520e-02,4.789485e-02,7.449217e+00
3.283333e+01,7.948318e-01,6.928046e-02,8.710180e-02,4.878592e-02,7.449130e+00
3.300000e+01,7.903765e-01,7.150813e-02,8.866117e-02,4.945422e-02,7.450420e+00
3.316667e+01,7.890399e-01,7.173090e-02,8.910671e-02,5.012252e-02,7.453154e+00
3.333333e+01,7.877033e-01,7.017153e-02,9.088884e-02,5.123636e-02,7.457033e+00
3.350000e+01,7.841390e-01,7.173090e-02,9.177991e-02,5.235019e-02,7.461426e+00
3.366667e+01,7.807975e-01,7.284473e-02,9.289374e-02,5.346402e-02,7.466807e+00
3.383333e+01,7.776788e-01,7.373580e-02,9.423034e-02,5.435509e-02,7.472077e+00
3.400000e+01,7.767877e-01,7.306750e-02,9.423034e-02,5.591446e-02,7.476855e+00
3.416667e+01,7.750056e-01,7.418133e-02,9.378481e-02,5.702829e-02,7.483034e+00
3.433333e+01,7.703275e-01,7.574070e-02,9.556694e-02,5.836489e-02,7.487769e+00
3.450000e+01,7.665404e-01,7.752283e-02,9.601247e-02,5.992426e-02,7.492218e+00
3.466667e+01,7.643128e-01,7.730007e-02,9.779461e-02,6.059256e-02,7.497251e+00
3.483333e+01,7.623079e-01,7.796837e-02,9.779461e-02,6.192916e-02,7.501382e+00
3.500000e+01,7.594119e-01,7.774560e-02,9.957674e-02,6.326576e-02,7.506641e+00
3.516667e+01,7.576298e-01,7.707730e-02,1.011361e-01,6.415683e-02,7.511080e+00
3.533333e+01,7.547338e-01,7.752283e-02,1.024727e-01,6.527066e-02,7.514575e+00
3.550000e+01,7.531744e-01,7.707730e-02,1.038093e-01,6.593896e-02,7.519315e+00
3.566667e+01,7.511695e-01,7.774560e-02,1.040321e-01,6.705280e-02,7.523866e+00
3.583333e+01,7.482736e-01,7.730007e-02,1.064825e-01,6.794386e-02,7.529275e+00
3.600000e+01,7.458231e-01,7.819113e-02,1.060370e-01,6.994876e-02,7.534896e+00
3.616667e+01,7.433727e-01,7.908220e-02,1.060370e-01,7.150813e-02,7.542079e+00
3.633333e+01,7.406995e-01,7.885943e-02,1.082646e-01,7.217643e-02,7.547056e+00
3.650000e+01,7.391401e-01,7.885943e-02,1.087102e-01,7.329027e-02,7.551913e+00
3.666667e+01,7.346848e-01,8.086434e-02,1.098240e-01,7.462687e-02,7.557707e+00
3.683333e+01,7.322344e-01,8.220094e-02,1.089329e-01,7.663177e-02,7.564106e+00
3.700000e+01,7.302294e-01,8.130987e-02,1.107151e-01,7.774560e-02,7.570069e+00
3.716667e+01,7.275562e-01,8.153264e-02,1.111606e-01,7.975050e-02,7.574506e+00
3.733333e+01,7.251058e-01,8.086434e-02,1.127200e-01,8.130987e-02,7.579111e+00
3.750000e+01,7.226554e-01,7.885943e-02,1.160615e-01,8.242370e-02,7.581987e+00
3.766667e+01,7.210960e-01,7.663177e-02,1.189575e-01,8.331477e-02,7.584413e+00
3.783333e+01,7.179773e-01,7.774560e-02,1.194030e-01,8.487414e-02,7.587501e+00
3.800000e+01,7.153041e-01,7.841390e-02,1.211851e-01,8.509690e-02,7.592529e+00
3.816667e+01,7.141902e-01,7.774560e-02,1.205168e-01,8.754734e-02,7.597571e+00
3.833333e+01,7.117398e-01,7.908220e-02,1.196258e-01,8.955224e-02,7.605434e+00
3.850000e+01,7.072845e-01,8.175540e-02,1.209624e-01,8.999777e-02,7.610908e+00
3.866667e+01,7.055023e-01,8.242370e-02,1.202941e-01,9.177991e-02,7.615144e+00
3.883333e+01,7.019381e-01,8.398307e-02,1.209624e-01,9.311651e-02,7.621564e+00
3.900000e+01,6.994876e-01,8.353754e-02,1.216307e-01,9.534417e-02,7.627323e+00
3.916667e+01,6.959234e-01,8.442860e-02,1.222990e-01,9.734908e-02,7.633096e+00
3.933333e+01,6.919136e-01,8.576520e-02,1.229673e-01,9.935398e-02,7.638449e+00
3.950000e+01,6.903542e-01,8.487414e-02,1.238583e-01,1.009133e-01,7.643861e+00
3.966667e+01,6.883493e-01,8.465137e-02,1.238583e-01,1.031410e-01,7.649603e+00
3.983333e+01,6.843395e-01,8.576520e-02,1.234128e-01,1.064825e-01,7.655852e+00
4.000000e+01,6.830029e-01,8.509690e-02,1.245266e-01,1.073736e-01,7.661293e+00
4.016667e+01,6.787703e-01,8.799287e-02,1.247494e-01,1.084874e-01,7.664581e+00
4.033333e+01,6.774337e-01,8.799287e-02,1.245266e-01,1.100468e-01,7.669215e+00
4.050000e+01,6.747605e-01,8.843840e-02,1.245266e-01,1.122744e-01,7.674643e+00
4.066667e+01,6.716418e-01,8.888394e-02,1.254177e-01,1.140566e-01,7.679816e+00
4.083333e+01,6.680775e-01,8.910671e-02,1.276454e-01,1.151704e-01,7.684657e+00
4.100000e+01,6.649588e-01,8.888394e-02,1.283137e-01,1.178436e-01,7.689246e+00
4.116667e+01,6.620628e-01,8.888394e-02,1.292047e-01,1.198485e-01,7.695322e+00
4.133333e+01,6.596124e-01,8.955224e-02,1.292047e-01,1.216307e-01,7.700124e+00
4.150000e+01,6.560481e-01,9.066607e-02,1.292047e-01,1.240811e-01,7.704465e+00
4.166667e+01,6.529294e-01,9.267097e-02,1.285364e-01,1.258632e-01,7.708399e+00
4.183333e+01,6.507017e-01,9.177991e-02,1.300958e-01,1.274226e-01,7.711752e+00
4.200000e+01,6.473602e-01,9.155714e-02,1.327690e-01,1.283137e-01,7.715112e+00
4.216667e+01,6.442415e-01,9.133437e-02,1.336601e-01,1.307641e-01,7.719252e+00
4.233333e+01,6.393406e-01,9.378481e-02,1.338828e-01,1.329918e-01,7.725092e+00
4.250000e+01,6.359991e-01,9.467587e-02,1.345511e-01,1.347739e-01,7.730117e+00
4.266667e+01,6.339942e-01,9.378481e-02,1.356650e-01,1.365560e-01,7.734015e+00
4.283333e+01,6.295389e-01,9.512141e-02,1.356650e-01,1.396748e-01,7.737887e+00
4.300000e+01,6.273112e-01,9.378481e-02,1.370016e-01,1.419024e-01,7.742541e+00
4.316667e+01,6.241925e-01,9.400757e-02,1.387837e-01,1.430163e-01,7.745608e+00
4.333333e+01,6.217420e-01,9.445311e-02,1.383382e-01,1.454667e-01,7.748675e+00
4.350000e+01,6.186233e-01,9.489864e-02,1.396748e-01,1.468033e-01,7.753096e+00
4.366667e+01,6.152818e-01,9.623524e-02,1.401203e-01,1.483627e-01,7.756816e+00
4.383333e+01,6.123858e-01,9.690354e-02,1.396748e-01,1.510359e-01,7.761508e+00
4.400000e+01,6.092671e-01,9.734908e-02,1.398975e-01,1.534863e-01,7.767001e+00
4.416667e+01,6.068167e-01,9.712631e-02,1.396748e-01,1.563823e-01,7.771523e+00
4.433333e+01,6.045890e-01,9.757184e-02,1.398975e-01,1.579416e-01,7.775143e+00
4.450000e+01,6.010247e-01,9.846291e-02,1.407886e-01,1.597238e-01,7.777700e+00
4.466667e+01,5.976832e-01,9.824014e-02,1.412341e-01,1.628425e-01,7.780785e+00
4.483333e+01,5.934507e-01,1.000223e-01,1.412341e-01,1.652929e-01,7.784193e+00
4.500000e+01,5.892181e-01,1.002450e-01,1.434618e-01,1.670751e-01,7.786571e+00
4.516667e+01,5.860994e-01,1.013589e-01,1.425707e-01,1.699710e-01,7.787961e+00
4.533333e+01,5.834262e-01,1.013589e-01,1.430163e-01,1.721987e-01,7.790649e+00
4.550000e+01,5.807530e-01,1.009133e-01,1.445756e-01,1.737581e-01,7.792518e+00
4.566667e+01,5.756293e-01,1.049231e-01,1.434618e-01,1.759857e-01,7.793777e+00
4.583333e+01,5.722878e-01,1.062597e-01,1.427935e-01,1.786589e-01,7.795867e+00
4.600000e+01,5.691691e-01,1.060370e-01,1.436846e-01,1.811094e-01,7.798605e+00
4.616667e+01,5.642682e-01,1.080419e-01,1.443529e-01,1.833370e-01,7.801289e+00
4.633333e+01,5.593673e-01,1.096012e-01,1.447984e-01,1.862330e-01,7.804641e+00
4.650000e+01,5.544665e-01,1.113834e-01,1.447984e-01,1.893517e-01,7.808100e+00
4.666667e+01,5.504567e-01,1.116061e-01,1.461350e-01,1.918022e-01,7.811276e+00
4.683333e+01,5.473379e-01,1.120517e-01,1.461350e-01,1.944754e-01,7.813627e+00
4.700000e+01,5.453330e-01,1.116061e-01,1.470261e-01,1.960348e-01,7.815980e+00
4.716667e+01,5.411005e-01,1.120517e-01,1.492537e-01,1.975941e-01,7.817796e+00
4.733333e+01,5.357541e-01,1.138338e-01,1.485854e-01,2.018267e-01,7.820528e+00
4.750000e+01,5.328581e-01,1.127200e-01,1.503676e-01,2.040544e-01,7.823823e+00
4.766667e+01,5.284028e-01,1.140566e-01,1.521497e-01,2.053910e-01,7.824250e+00
4.783333e+01,5.237247e-01,1.162843e-01,1.519269e-01,2.080642e-01,7.824855e+00
4.800000e+01,5.208287e-01,1.140566e-01,1.543774e-01,2.107374e-01,7.827491e+00
4.816667e+01,5.179327e-01,1.147249e-01,1.548229e-01,2.125195e-01,7.829204e+00
4.833333e+01,5.134774e-01,1.158387e-01,1.548229e-01,2.158610e-01,7.830517e+00
4.850000e+01,5.094676e-01,1.169526e-01,1.559367e-01,2.176431e-01,7.832432e+00
4.866667e+01,5.034529e-01,1.216307e-01,1.532635e-01,2.216529e-01,7.832834e+00
4.883333e+01,5.001114e-01,1.205168e-01,1.534863e-01,2.258855e-01,7.834248e+00
4.900000e+01,4.961016e-01,1.214079e-01,1.552684e-01,2.272221e-01,7.833840e+00
4.916667e+01,4.925373e-01,1.207396e-01,1.559367e-01,2.307864e-01,7.831185e+00
4.933333e+01,4.876364e-01,1.220762e-01,1.574961e-01,2.327913e-01,7.829913e+00
4.950000e+01,4.829583e-01,1.238583e-01,1.592782e-01,2.339051e-01,7.827178e+00
4.966667e+01,4.793941e-01,1.218534e-01,1.615059e-01,2.372466e-01,7.825399e+00
4.983333e+01,4.740477e-01,1.240811e-01,1.626197e-01,2.392515e-01,7.825013e+00
