Time,U,I1,I2,D,Ve
0.000000e+00,9.997772e-01,2.227668e-04,0.000000e+00,0.000000e+00,-inf
1.666667e-01,9.997772e-01,2.227668e-04,0.000000e+00,0.000000e+00,-inf
3.333333e-01,9.997772e-01,2.227668e-04,0.000000e+00,0.000000e+00,-inf
5.000000e-01,9.997772e-01,2.227668e-04,0.000000e+00,0.000000e+00,-inf
6.666667e-01,9.997772e-01,2.227668e-04,0.000000e+00,0.000000e+00,-inf
8.333333e-01,9.997772e-01,2.227668e-04,0.000000e+00,0.000000e+00,-inf
1.000000e+00,9.997772e-01,2.227668e-04,0.000000e+00,0.000000e+00,-inf
1.166667e+00,9.997772e-01,2.227668e-04,0.000000e+00,0.000000e+00,-inf
1.333333e+00,9.997772e-01,2.227668e-04,0.000000e+00,0.000000e+00,-inf
1.500000e+00,9.997772e-01,2.227668e-04,0.000000e+00,0.000000e+00,-inf
1.666667e+00,9.997772e-01,2.227668e-04,0.000000e+00,0.000000e+00,-inf
1.833333e+00,9.997772e-01,2.227668e-04,0.000000e+00,0.000000e+00,-inf
2.000000e+00,9.997772e-01,2.227668e-04,0.000000e+00,0.000000e+00,-inf
2.166667e+00,9.997772e-01,2.227668e-04,0.000000e+00,0.000000e+00,-inf
2.333333e+00,9.997772e-01,2.227668e-04,0.000000e+00,0.000000e+00,-inf
2.500000e+00,9.997772e-01,2.227668e-04,0.000000e+00,0.000000e+00,-inf
2.666667e+00,9.997772e-01,2.227668e-04,0.000000e+00,0.000000e+00,-inf
2.833333e+00,9.997772e-01,2.227668e-04,0.000000e+00,0.000000e+00,-inf
3.000000e+00,9.997772e-01,2.227668e-04,0.000000e+00,0.000000e+00,-inf
3.166667e+00,9.997772e-01,2.227668e-04,0.000000e+00,0.000000e+00,-inf
3.333333e+00,9.997772e-01,2.227668e-04,0.000000e+00,0.000000e+00,-inf
3.500000e+00,9.997772e-01,2.227668e-04,0.000000e+00,0.000000e+00,-inf
3.666667e+00,9.997772e-01,2.227668e-04,0.000000e+00,0.000000e+00,-inf
3.833333e+00,9.997772e-01,2.227668e-04,0.000000e+00,0.000000e+00,-inf
4.000000e+00,9.997772e-01,2.227668e-04,0.000000e+00,0.000000e+00,-inf
4.166667e+00,9.997772e-01,2.227668e-04,0.000000e+00,0.000000e+00,-inf
4.333333e+00,9.997772e-01,2.227668e-04,0.000000e+00,0.000000e+00,-inf
4.500000e+00,9.997772e-01,2.227668e-04,0.000000e+00,0.000000e+00,-inf
4.666667e+00,9.997772e-01,2.227668e-04,0.000000e+00,0.000000e+00,-inf
4.833333e+00,9.997772e-01,2.227668e-04,0.000000e+00,0.000000e+00,-inf
5.000000e+00,9.997772e-01,2.227668e-04,0.000000e+00,0.000000e+00,-inf
5.166667e+00,9.997772e-01,2.227668e-04,0.000000e+00,0.000000e+00,-inf
5.333333e+00,9.997772e-01,2.227668e-04,0.000000e+00,0.000000e+00,-inf
5.500000e+00,9.997772e-01,2.227668e-04,0.000000e+00,0.000000e+00,-inf
5.666667e+00,9.997772e-01,2.227668e-04,0.000000e+00,0.000000e+00,-inf
5.833333e+00,9.997772e-01,2.227668e-04,0.000000e+00,0.000000e+00,-inf
6.000000e+00,9.997772e-01,2.227668e-04,0.000000e+00,0.000000e+00,-inf
6.166667e+00,9.997772e-01,2.227668e-04,0.000000e+00,0.000000e+00,-inf
6.333333e+00,9.997772e-01,2.227668e-04,0.000000e+00,0.000000e+00,-inf
6.500000e+00,9.997772e-01,2.227668e-04,0.000000e+00,0.000000e+00,-inf
6.666667e+00,9.997772e-01,2.227668e-04,0.000000e+00,0.000000e+00,-inf
6.833333e+00,9.997772e-01,2.227668e-04,0.000000e+00,0.000000e+00,-inf
7.000000e+00,9.997772e-01,2.227668e-04,0.000000e+00,0.000000e+00,-inf
7.166667e+00,9.997772e-01,2.227668e-04,0.000000e+00,0.000000e+00,-inf
7.333333e+00,9.997772e-01,2.227668e-04,0.000000e+00,0.000000e+00,-inf
7.500000e+00,9.997772e-01,2.227668e-04,0.000000e+00,0.000000e+00,-inf
7.666667e+00,9.997772e-01,2.227668e-04,0.000000e+00,0.000000e+00,-inf
7.833333e+00,9.997772e-01,2.227668e-04,0.000000e+00,0.000000e+00,-inf
8.000000e+00,9.997772e-01,2.227668e-04,0.000000e+00,0.000000e+00,-inf
8.166667e+00,9.997772e-01,2.227668e-04,0.000000e+00,0.000000e+00,-inf
8.333333e+00,9.997772e-01,2.227668e-04,0.000000e+00,0.000000e+00,-inf
8.500000e+00,9.997772e-01,2.227668e-04,0.000000e+00,0.000000e+00,-inf
8.666667e+00,9.997772e-01,2.227668e-04,0.000000e+00,0.000000e+00,-inf
8.833333e+00,9.997772e-01,2.227668e-04,0.000000e+00,0.000000e+00,-inf
9.000000e+00,9.997772e-01,2.227668e-04,0.000000e+00,0.000000e+00,-inf
9.166667e+00,9.997772e-01,2.227668e-04,0.000000e+00,0.000000e+00,-inf
9.333333e+00,9.997772e-01,2.227668e-04,0.000000e+00,0.000000e+00,-inf
9.500000e+00,9.997772e-01,2.227668e-04,0.000000e+00,0.000000e+00,-inf
9.666667e+00,9.997772e-01,2.227668e-04,0.000000e+00,0.000000e+00,-inf
9.833333e+00,9.997772e-01,2.227668e-04,0.000000e+00,0.000000e+00,-inf
1.000000e+01,9.997772e-01,2.227668e-04,0.000000e+00,0.000000e+00,-inf
1.016667e+01,9.997772e-01,0.000000e+00,2.227668e-04,0.000000e+00,-inf
1.033333e+01,9.997772e-01,0.000000e+00,2.227668e-04,0.000000e+00,-inf
1.050000e+01,9.986634e-01,1.113834e-03,2.227668e-04,0.000000e+00,3.352105e+00
1.066667e+01,9.975496e-01,2.004901e-03,4.455335e-04,0.000000e+00,3.684862e+00
1.083333e+01,9.968813e-01,2.673201e-03,4.455335e-04,0.000000e+00,3.895565e+00
1.100000e+01,9.966585e-01,2.895968e-03,4.455335e-04,0.000000e+00,4.057769e+00
1.116667e+01,9.950991e-01,4.455335e-03,4.455335e-04,0.000000e+00,4.194315e+00
1.133333e+01,9.944308e-01,5.123636e-03,4.455335e-04,0.000000e+00,4.315162e+00
1.150000e+01,9.933170e-01,6.237469e-03,4.455335e-04,0.000000e+00,4.425414e+00
1.166667e+01,9.922032e-01,7.128536e-03,6.683003e-04,0.000000e+00,4.527914e+00
1.183333e+01,9.919804e-01,7.128536e-03,8.910671e-04,0.000000e+00,4.624298e+00
1.200000e+01,9.908666e-01,8.019603e-03,1.113834e-03,0.000000e+00,4.715499e+00
1.216667e+01,9.901983e-01,8.687904e-03,1.113834e-03,0.000000e+00,4.802013e+00
1.233333e+01,9.888617e-01,9.356204e-03,1.782134e-03,0.000000e+00,4.884060e+00
1.250000e+01,9.881934e-01,9.801738e-03,2.004901e-03,0.000000e+00,4.961688e+00
1.266667e+01,9.870795e-01,1.069280e-02,2.227668e-03,0.000000e+00,5.034845e+00
1.283333e+01,9.861885e-01,1.136110e-02,2.450434e-03,0.000000e+00,5.103437e+00
1.300000e+01,9.850746e-01,1.180664e-02,3.118735e-03,0.000000e+00,5.167369e+00
1.316667e+01,9.837380e-01,1.247494e-02,3.787035e-03,0.000000e+00,5.226575e+00
1.333333e+01,9.824014e-01,1.381154e-02,3.787035e-03,0.000000e+00,5.281038e+00
1.350000e+01,9.824014e-01,1.381154e-02,3.787035e-03,0.000000e+00,5.330804e+00
1.366667e+01,9.803965e-01,1.559367e-02,4.009802e-03,0.000000e+00,5.375978e+00
1.383333e+01,9.790599e-01,1.648474e-02,4.455335e-03,0.000000e+00,5.416719e+00
1.400000e+01,9.772778e-01,1.782134e-02,4.900869e-03,0.000000e+00,5.453233e+00
1.416667e+01,9.768323e-01,1.804411e-02,5.123636e-03,0.000000e+00,5.485758e+00
1.433333e+01,9.759412e-01,1.848964e-02,5.569169e-03,0.000000e+00,5.514551e+00
1.450000e+01,9.746046e-01,1.938071e-02,6.014703e-03,0.000000e+00,5.539879e+00
1.466667e+01,9.732680e-01,1.982624e-02,6.905770e-03,0.000000e+00,5.562010e+00
1.483333e+01,9.732680e-01,1.938071e-02,7.351303e-03,0.000000e+00,5.581204e+00
1.500000e+01,9.714859e-01,2.027178e-02,8.242370e-03,0.000000e+00,5.597707e+00
1.516667e+01,9.701493e-01,2.116284e-02,8.687904e-03,0.000000e+00,5.611755e+00
1.533333e+01,9.692582e-01,2.138561e-02,9.356204e-03,0.000000e+00,5.623564e+00
1.550000e+01,9.690354e-01,2.049454e-02,1.047004e-02,0.000000e+00,5.633333e+00
1.566667e+01,9.683671e-01,2.094008e-02,1.069280e-02,0.000000e+00,5.641245e+00
1.583333e+01,9.676988e-01,2.071731e-02,1.158387e-02,0.000000e+00,5.647466e+00
1.600000e+01,9.663622e-01,2.116284e-02,1.247494e-02,0.000000e+00,5.652148e+00
1.616667e+01,9.654712e-01,2.116284e-02,1.336601e-02,0.000000e+00,5.655426e+00
1.633333e+01,9.639118e-01,2.272221e-02,1.336601e-02,0.000000e+00,5.657426e+00
1.650000e+01,9.634663e-01,2.294498e-02,1.358877e-02,0.000000e+00,5.658260e+00
1.666667e+01,9.621297e-01,2.405881e-02,1.381154e-02,0.000000e+00,5.658028e+00
1.683333e+01,9.619069e-01,2.249944e-02,1.559367e-02,0.000000e+00,5.656825e+00
1.700000e+01,9.605703e-01,2.316774e-02,1.626197e-02,0.000000e+00,5.654735e+00
1.716667e+01,9.596792e-01,2.339051e-02,1.670751e-02,2.227668e-04,5.651843e+00
1.733333e+01,9.585654e-01,2.405881e-02,1.715304e-02,2.227668e-04,5.648219e+00
1.750000e+01,9.576743e-01,2.472711e-02,1.737581e-02,2.227668e-04,5.608901e+00
1.766667e+01,9.570060e-01,2.494988e-02,1.782134e-02,2.227668e-04,5.569673e+00
1.783333e+01,9.563377e-01,2.517264e-02,1.826687e-02,2.227668e-04,5.530572e+00
1.800000e+01,9.550011e-01,2.584094e-02,1.893517e-02,2.227668e-04,5.491643e+00
1.816667e+01,9.545556e-01,2.494988e-02,2.027178e-02,2.227668e-04,5.452946e+00
1.833333e+01,9.536645e-01,2.517264e-02,2.094008e-02,2.227668e-04,5.414605e+00
1.850000e+01,9.518824e-01,2.650924e-02,2.138561e-02,2.227668e-04,5.376712e+00
1.866667e+01,9.516596e-01,2.584094e-02,2.227668e-02,2.227668e-04,5.339457e+00
1.883333e+01,9.507685e-01,2.606371e-02,2.294498e-02,2.227668e-04,5.303052e+00
1.900000e+01,9.496547e-01,2.695478e-02,2.316774e-02,2.227668e-04,5.267783e+00
1.916667e+01,9.485409e-01,2.740031e-02,2.383604e-02,2.227668e-04,5.234037e+00
1.933333e+01,9.478726e-01,2.762308e-02,2.428158e-02,2.227668e-04,5.202316e+00
1.950000e+01,9.472043e-01,2.829138e-02,2.428158e-02,2.227668e-04,5.173275e+00
1.966667e+01,9.465360e-01,2.673201e-02,2.650924e-02,2.227668e-04,5.147712e+00
1.983333e+01,9.451994e-01,2.740031e-02,2.717755e-02,2.227668e-04,5.126603e+00
2.000000e+01,9.438628e-01,2.762308e-02,2.829138e-02,2.227668e-04,5.114207e+00
2.016667e+01,9.431945e-01,2.784585e-02,2.873691e-02,2.227668e-04,5.109252e+00
2.033333e+01,9.425262e-01,2.784585e-02,2.940521e-02,2.227668e-04,5.118210e+00
2.050000e+01,9.423034e-01,2.740031e-02,3.007351e-02,2.227668e-04,5.138769e+00
2.066667e+01,9.416351e-01,2.740031e-02,3.074181e-02,2.227668e-04,5.173257e+00
2.083333e+01,9.411896e-01,2.673201e-02,3.185565e-02,2.227668e-04,5.218093e+00
2.100000e+01,9.407440e-01,2.717755e-02,3.185565e-02,2.227668e-04,5.272225e+00
2.116667e+01,9.407440e-01,2.628648e-02,3.274671e-02,2.227668e-04,5.339998e+00
2.133333e+01,9.402985e-01,2.650924e-02,3.296948e-02,2.227668e-04,5.413639e+00
2.150000e+01,9.387391e-01,2.762308e-02,3.341501e-02,2.227668e-04,5.491912e+00
2.166667e+01,9.378481e-01,2.784585e-02,3.408331e-02,2.227668e-04,5.573576e+00
2.183333e+01,9.369570e-01,2.806861e-02,3.475162e-02,2.227668e-04,5.657634e+00
2.200000e+01,9.358432e-01,2.784585e-02,3.608822e-02,2.227668e-04,5.743186e+00
2.216667e+01,9.345066e-01,2.873691e-02,3.653375e-02,2.227668e-04,5.829692e+00
2.233333e+01,9.329472e-01,2.940521e-02,3.742482e-02,2.227668e-04,5.921453e+00
2.250000e+01,9.320561e-01,3.029628e-02,3.742482e-02,2.227668e-04,6.011491e+00
2.266667e+01,9.313878e-01,2.962798e-02,3.876142e-02,2.227668e-04,6.099584e+00
2.283333e+01,9.304968e-01,2.985075e-02,3.942972e-02,2.227668e-04,6.185578e+00
2.300000e+01,9.298285e-01,2.962798e-02,4.009802e-02,4.455335e-04,6.269290e+00
2.316667e+01,9.296057e-01,2.829138e-02,4.143462e-02,6.683003e-04,6.350753e+00
2.333333e+01,9.289374e-01,2.895968e-02,4.098908e-02,1.113834e-03,6.429182e+00
2.350000e+01,9.276008e-01,3.029628e-02,4.098908e-02,1.113834e-03,6.503376e+00
2.366667e+01,9.264870e-01,2.985075e-02,4.254845e-02,1.113834e-03,6.567043e+00
2.383333e+01,9.258187e-01,2.985075e-02,4.299399e-02,1.336601e-03,6.630204e+00
2.400000e+01,9.240365e-01,3.074181e-02,4.343952e-02,1.782134e-03,6.692566e+00
2.416667e+01,9.231455e-01,3.074181e-02,4.388505e-02,2.227668e-03,6.752536e+00
2.433333e+01,9.213633e-01,3.118735e-02,4.477612e-02,2.673201e-03,6.805916e+00
2.450000e+01,9.198040e-01,3.185565e-02,4.522165e-02,3.118735e-03,6.856910e+00
2.466667e+01,9.186901e-01,3.185565e-02,4.588995e-02,3.564268e-03,6.903108e+00
2.483333e+01,9.166852e-01,3.296948e-02,4.633549e-02,4.009802e-03,6.944470e+00
2.500000e+01,9.157942e-01,3.296948e-02,4.700379e-02,4.232569e-03,6.982070e+00
2.516667e+01,9.120071e-01,3.564268e-02,4.744932e-02,4.900869e-03,7.017411e+00
2.533333e+01,9.111161e-01,3.564268e-02,4.789485e-02,5.346402e-03,7.052328e+00
2.550000e+01,9.091112e-01,3.720205e-02,4.767209e-02,6.014703e-03,7.086887e+00
2.566667e+01,9.066607e-01,3.876142e-02,4.834039e-02,6.237469e-03,7.118696e+00
2.583333e+01,9.035420e-01,4.076632e-02,4.811762e-02,7.574070e-03,7.146755e+00
2.600000e+01,9.017599e-01,4.210292e-02,4.744932e-02,8.687904e-03,7.174743e+00
2.616667e+01,8.997550e-01,4.343952e-02,4.678102e-02,1.002450e-02,7.197466e+00
2.633333e+01,8.970818e-01,4.477612e-02,4.744932e-02,1.069280e-02,7.216699e+00
2.650000e+01,8.939630e-01,4.700379e-02,4.811762e-02,1.091557e-02,7.231418e+00
2.666667e+01,8.912898e-01,4.834039e-02,4.900869e-02,1.136110e-02,7.245981e+00
2.683333e+01,8.897305e-01,4.811762e-02,5.034529e-02,1.180664e-02,7.262146e+00
2.700000e+01,8.875028e-01,4.900869e-02,5.079082e-02,1.269771e-02,7.279610e+00
2.716667e+01,8.850524e-01,5.056806e-02,5.123636e-02,1.314324e-02,7.298215e+00
2.733333e+01,8.821564e-01,5.190466e-02,5.145912e-02,1.447984e-02,7.314635e+00
2.750000e+01,8.808198e-01,5.190466e-02,5.123636e-02,1.603921e-02,7.331820e+00
2.766667e+01,8.790376e-01,5.145912e-02,5.257296e-02,1.693027e-02,7.346484e+00
2.783333e+01,8.763644e-01,5.301849e-02,5.168189e-02,1.893517e-02,7.356339e+00
2.800000e+01,8.741368e-01,5.368679e-02,5.279572e-02,1.938071e-02,7.365935e+00
2.816667e+01,8.710180e-01,5.480062e-02,5.390956e-02,2.027178e-02,7.370312e+00
2.833333e+01,8.685676e-01,5.524616e-02,5.502339e-02,2.116284e-02,7.376365e+00
2.850000e+01,8.656716e-01,5.591446e-02,5.635999e-02,2.205391e-02,7.381703e+00
2.866667e+01,8.647806e-01,5.524616e-02,5.613722e-02,2.383604e-02,7.386854e+00
2.883333e+01,8.634440e-01,5.480062e-02,5.613722e-02,2.561818e-02,7.390819e+00
2.900000e+01,8.612163e-01,5.613722e-02,5.680552e-02,2.584094e-02,7.391154e+00
2.916667e+01,8.589886e-01,5.635999e-02,5.836489e-02,2.628648e-02,7.387699e+00
2.933333e+01,8.565382e-01,5.769659e-02,5.858766e-02,2.717755e-02,7.386120e+00
2.950000e+01,8.543105e-01,5.903319e-02,5.925596e-02,2.740031e-02,7.385429e+00
2.966667e+01,8.525284e-01,6.014703e-02,5.970149e-02,2.762308e-02,7.384581e+00
2.983333e+01,8.494097e-01,6.259746e-02,5.903319e-02,2.895968e-02,7.385420e+00
3.000000e+01,8.456226e-01,6.527066e-02,5.947873e-02,2.962798e-02,7.387992e+00
3.016667e+01,8.436177e-01,6.571620e-02,5.970149e-02,3.096458e-02,7.388586e+00
3.033333e+01,8.413901e-01,6.527066e-02,6.148363e-02,3.185565e-02,7.389131e+00
3.050000e+01,8.378258e-01,6.683003e-02,6.237469e-02,3.296948e-02,7.387209e+00
3.066667e+01,8.355981e-01,6.683003e-02,6.237469e-02,3.519715e-02,7.385155e+00
3.083333e+01,8.333705e-01,6.683003e-02,6.348853e-02,3.631098e-02,7.381720e+00
3.100000e+01,8.311428e-01,6.727556e-02,6.415683e-02,3.742482e-02,7.373342e+00
3.116667e+01,8.286924e-01,6.683003e-02,6.683003e-02,3.764758e-02,7.365612e+00
3.133333e+01,8.260192e-01,6.794386e-02,6.794386e-02,3.809312e-02,7.357280e+00
3.150000e+01,8.235687e-01,6.861216e-02,6.950323e-02,3.831588e-02,7.351169e+00
3.166667e+01,8.213411e-01,6.950323e-02,6.994876e-02,3.920695e-02,7.345849e+00
3.183333e+01,8.197817e-01,6.994876e-02,7.039430e-02,3.987525e-02,7.343081e+00
3.200000e+01,8.166630e-01,7.061706e-02,7.195366e-02,4.076632e-02,7.340729e+00
3.216667e+01,8.151036e-01,6.994876e-02,7.373580e-02,4.121185e-02,7.338536e+00
3.233333e+01,8.122076e-01,7.128536e-02,7.395857e-02,4.254845e-02,7.337061e+00
3.250000e+01,8.106483e-01,7.039430e-02,7.551793e-02,4.343952e-02,7.337333e+00
3.266667e+01,8.070840e-01,7.284473e-02,7.596347e-02,4.410782e-02,7.334793e+00
3.283333e+01,8.053018e-01,7.306750e-02,7.640900e-02,4.522165e-02,7.333370e+00
3.300000e+01,8.037425e-01,7.306750e-02,7.730007e-02,4.588995e-02,7.331781e+00
3.316667e+01,8.015148e-01,7.306750e-02,7.863667e-02,4.678102e-02,7.329920e+00
3.333333e+01,7.990644e-01,7.373580e-02,7.997327e-02,4.722655e-02,7.328567e+00
3.350000e+01,7.961684e-01,7.462687e-02,8.175540e-02,4.744932e-02,7.327905e+00
3.366667e+01,7.939407e-01,7.507240e-02,8.264647e-02,4.834039e-02,7.329040e+00
3.383333e+01,7.914903e-01,7.574070e-02,8.286924e-02,4.989975e-02,7.331986e+00
3.400000e+01,7.892626e-01,7.551793e-02,8.465137e-02,5.056806e-02,7.333800e+00
3.416667e+01,7.861439e-01,7.752283e-02,8.442860e-02,5.190466e-02,7.333767e+00
3.433333e+01,7.828024e-01,7.885943e-02,8.576520e-02,5.257296e-02,7.335361e+00
3.450000e+01,7.794609e-01,8.019603e-02,8.732457e-02,5.301849e-02,7.334880e+00
3.466667e+01,7.767877e-01,8.086434e-02,8.888394e-02,5.346402e-02,7.334251e+00
3.483333e+01,7.747828e-01,8.019603e-02,9.111161e-02,5.390956e-02,7.334721e+00
3.500000e+01,7.709958e-01,8.153264e-02,9.244821e-02,5.502339e-02,7.336765e+00
3.516667e+01,7.676543e-01,8.153264e-02,9.489864e-02,5.591446e-02,7.339979e+00
3.533333e+01,7.654266e-01,8.130987e-02,9.623524e-02,5.702829e-02,7.342692e+00
3.550000e+01,7.631989e-01,8.197817e-02,9.779461e-02,5.702829e-02,7.345214e+00
3.566667e+01,7.614168e-01,7.997327e-02,1.002450e-01,5.836489e-02,7.346587e+00
3.583333e+01,7.598574e-01,8.041880e-02,1.011361e-01,5.858766e-02,7.351996e+00
3.600000e+01,7.571842e-01,8.130987e-02,1.020272e-01,5.947873e-02,7.357271e+00
3.616667e+01,7.560704e-01,8.064157e-02,1.029182e-01,6.036979e-02,7.365574e+00
3.633333e+01,7.536200e-01,8.041880e-02,1.040321e-01,6.192916e-02,7.373241e+00
3.650000e+01,7.516151e-01,7.952773e-02,1.062597e-01,6.259746e-02,7.380676e+00
3.666667e+01,7.498329e-01,7.997327e-02,1.064825e-01,6.371129e-02,7.386389e+00
3.683333e+01,7.484963e-01,7.930497e-02,1.080419e-01,6.415683e-02,7.394212e+00
3.700000e+01,7.467142e-01,7.908220e-02,1.093785e-01,6.482513e-02,7.402165e+00
3.716667e+01,7.415906e-01,8.220094e-02,1.104923e-01,6.571620e-02,7.413635e+00
3.733333e+01,7.378035e-01,8.353754e-02,1.118289e-01,6.683003e-02,7.426198e+00
3.750000e+01,7.346848e-01,8.509690e-02,1.129427e-01,6.727556e-02,7.439072e+00
3.766667e+01,7.320116e-01,8.576520e-02,1.127200e-01,6.950323e-02,7.452272e+00
3.783333e+01,7.302294e-01,8.509690e-02,1.129427e-01,7.173090e-02,7.467470e+00
3.800000e+01,7.268879e-01,8.665627e-02,1.133883e-01,7.306750e-02,7.480399e+00
3.816667e+01,7.248830e-01,8.598797e-02,1.151704e-01,7.395857e-02,7.492445e+00
3.833333e+01,7.219871e-01,8.665627e-02,1.158387e-01,7.551793e-02,7.504654e+00
3.850000e+01,7.193139e-01,8.777010e-02,1.156160e-01,7.730007e-02,7.518600e+00
3.866667e+01,7.166407e-01,8.888394e-02,1.158387e-01,7.863667e-02,7.532228e+00
3.883333e+01,7.141902e-01,8.932947e-02,1.162843e-01,8.019603e-02,7.545461e+00
3.900000e+01,7.117398e-01,9.022054e-02,1.156160e-01,8.242370e-02,7.559147e+00
3.916667e+01,7.092894e-01,9.044331e-02,1.153932e-01,8.487414e-02,7.573024e+00
3.933333e+01,7.072845e-01,9.066607e-02,1.153932e-01,8.665627e-02,7.584456e+00
3.950000e+01,7.057251e-01,8.999777e-02,1.165070e-01,8.777010e-02,7.593295e+00
3.966667e+01,7.019381e-01,9.155714e-02,1.160615e-01,9.044331e-02,7.602941e+00
3.983333e+01,7.003787e-01,9.133437e-02,1.169526e-01,9.133437e-02,7.613372e+00
4.000000e+01,6.968144e-01,9.289374e-02,1.171753e-01,9.311651e-02,7.621727e+00
4.016667e+01,6.950323e-01,9.200267e-02,1.162843e-01,9.668078e-02,7.631265e+00
4.033333e+01,6.916908e-01,9.311651e-02,1.171753e-01,9.801738e-02,7.639844e+00
4.050000e+01,6.892404e-01,9.311651e-02,1.182892e-01,9.935398e-02,7.645370e+00
4.066667e+01,6.863444e-01,9.423034e-02,1.182892e-01,1.011361e-01,7.650988e+00
4.083333e+01,6.825574e-01,9.623524e-02,1.176209e-01,1.035865e-01,7.657230e+00
4.100000e+01,6.803297e-01,9.489864e-02,1.191802e-01,1.055914e-01,7.663145e+00
4.116667e+01,6.774337e-01,9.512141e-02,1.196258e-01,1.078191e-01,7.667786e+00
4.133333e+01,6.743150e-01,9.601247e-02,1.196258e-01,1.100468e-01,7.671818e+00
4.150000e+01,6.718646e-01,9.601247e-02,1.211851e-01,1.109378e-01,7.675298e+00
4.166667e+01,6.691914e-01,9.467587e-02,1.236356e-01,1.124972e-01,7.677765e+00
4.183333e+01,6.658499e-01,9.423034e-02,1.238583e-01,1.160615e-01,7.681866e+00
4.200000e+01,6.625084e-01,9.489864e-02,1.251949e-01,1.173981e-01,7.687165e+00
4.216667e+01,6.589441e-01,9.645801e-02,1.251949e-01,1.194030e-01,7.690183e+00
4.233333e+01,6.567164e-01,9.645801e-02,1.258632e-01,1.209624e-01,7.694489e+00
4.250000e+01,6.529294e-01,9.712631e-02,1.267543e-01,1.231900e-01,7.697952e+00
4.266667e+01,6.502562e-01,9.868568e-02,1.258632e-01,1.251949e-01,7.702499e+00
4.283333e+01,6.475830e-01,9.779461e-02,1.269771e-01,1.276454e-01,7.707181e+00
4.300000e+01,6.420138e-01,1.006906e-01,1.274226e-01,1.298730e-01,7.711755e+00
4.316667e+01,6.386723e-01,1.011361e-01,1.278681e-01,1.323235e-01,7.716532e+00
4.333333e+01,6.348853e-01,1.024727e-01,1.289820e-01,1.336601e-01,7.721458e+00
4.350000e+01,6.328804e-01,1.022499e-01,1.296503e-01,1.352194e-01,7.726309e+00
4.366667e+01,6.288706e-01,1.015816e-01,1.316552e-01,1.378926e-01,7.732834e+00
4.383333e+01,6.255291e-01,1.031410e-01,1.305413e-01,1.407886e-01,7.740244e+00
4.400000e+01,6.208510e-01,1.051459e-01,1.300958e-01,1.439073e-01,7.746082e+00
4.416667e+01,6.177322e-01,1.055914e-01,1.305413e-01,1.461350e-01,7.750519e+00
4.433333e+01,6.146135e-01,1.060370e-01,1.323235e-01,1.470261e-01,7.753973e+00
4.450000e+01,6.108265e-01,1.080419e-01,1.307641e-01,1.503676e-01,7.757109e+00
4.466667e+01,6.077077e-01,1.084874e-01,1.305413e-01,1.532635e-01,7.762095e+00
4.483333e+01,6.048118e-01,1.104923e-01,1.289820e-01,1.557140e-01,7.764905e+00
4.500000e+01,5.996881e-01,1.124972e-01,1.300958e-01,1.577189e-01,7.766671e+00
4.516667e+01,5.954556e-01,1.149476e-01,1.298730e-01,1.597238e-01,7.768311e+00
4.533333e+01,5.921141e-01,1.153932e-01,1.307641e-01,1.617287e-01,7.770028e+00
4.550000e+01,5.874360e-01,1.176209e-01,1.303186e-01,1.646246e-01,7.772597e+00
4.566667e+01,5.838717e-01,1.187347e-01,1.309869e-01,1.664068e-01,7.775421e+00
4.583333e+01,5.796391e-01,1.191802e-01,1.336601e-01,1.675206e-01,7.776732e+00
4.600000e+01,5.756293e-01,1.187347e-01,1.356650e-01,1.699710e-01,7.779004e+00
4.616667e+01,5.720650e-01,1.185119e-01,1.370016e-01,1.724215e-01,7.782577e+00
4.633333e+01,5.676097e-01,1.207396e-01,1.367788e-01,1.748719e-01,7.786284e+00
4.650000e+01,5.635999e-01,1.220762e-01,1.381154e-01,1.762085e-01,7.790255e+00
4.666667e+01,5.598129e-01,1.209624e-01,1.416797e-01,1.775451e-01,7.793705e+00
4.683333e+01,5.546892e-01,1.227445e-01,1.423480e-01,1.802183e-01,7.798309e+00
4.700000e+01,5.517933e-01,1.222990e-01,1.427935e-01,1.831143e-01,7.804658e+00
4.716667e+01,5.464469e-01,1.256405e-01,1.423480e-01,1.855647e-01,7.809672e+00
4.733333e+01,5.435509e-01,1.247494e-01,1.434618e-01,1.882379e-01,7.814130e+00
4.750000e+01,5.393183e-01,1.263088e-01,1.432390e-01,1.911339e-01,7.818111e+00
4.766667e+01,5.353085e-01,1.271998e-01,1.432390e-01,1.942526e-01,7.821329e+00
4.783333e+01,5.317443e-01,1.274226e-01,1.436846e-01,1.971486e-01,7.823655e+00
4.800000e+01,5.277345e-01,1.289820e-01,1.441301e-01,1.991535e-01,7.825468e+00
4.816667e+01,5.237247e-01,1.305413e-01,1.443529e-01,2.013812e-01,7.826489e+00
4.833333e+01,5.197149e-01,1.296503e-01,1.463578e-01,2.042771e-01,7.827496e+00
4.850000e+01,5.170417e-01,1.285364e-01,1.479171e-01,2.065048e-01,7.829135e+00
4.866667e+01,5.134774e-01,1.296503e-01,1.481399e-01,2.087325e-01,7.829757e+00
4.883333e+01,5.096904e-01,1.298730e-01,1.488082e-01,2.116284e-01,7.830106e+00
4.900000e+01,5.054578e-01,1.298730e-01,1.503676e-01,2.143016e-01,7.829990e+00
4.916667e+01,5.014480e-01,1.305413e-01,1.525952e-01,2.154155e-01,7.829115e+00
4.933333e+01,4.976609e-01,1.314324e-01,1.534863e-01,2.174204e-01,7.827709e+00
4.950000e+01,4.940967e-01,1.305413e-01,1.543774e-01,2.209846e-01,7.827625e+00
4.966667e+01,4.896413e-01,1.327690e-01,1.539318e-01,2.236578e-01,7.827678e+00
4.983333e+01,4.860771e-01,1.323235e-01,1.550457e-01,2.265538e-01,7.826648e+00
