Time,U,I1,I2,D,Ve
0.000000e+00,9.997772e-01,2.227668e-04,0.000000e+00,0.000000e+00,-inf
1.666667e-01,9.997772e-01,2.227668e-04,0.000000e+00,0.000000e+00,-inf
3.333333e-01,9.997772e-01,2.227668e-04,0.000000e+00,0.000000e+00,-inf
5.000000e-01,9.997772e-01,2.227668e-04,0.000000e+00,0.000000e+00,-inf
6.666667e-01,9.997772e-01,2.227668e-04,0.000000e+00,0.000000e+00,-inf
8.333333e-01,9.997772e-01,2.227668e-04,0.000000e+00,0.000000e+00,-inf
1.000000e+00,9.997772e-01,2.227668e-04,0.000000e+00,0.000000e+00,-inf
1.166667e+00,9.997772e-01,2.227668e-04,0.000000e+00,0.000000e+00,-inf
1.333333e+00,9.997772e-01,2.227668e-04,0.000000e+00,0.000000e+00,-inf
1.500000e+00,9.997772e-01,2.227668e-04,0.000000e+00,0.000000e+00,-inf
1.666667e+00,9.997772e-01,2.227668e-04,0.000000e+00,0.000000e+00,-inf
1.833333e+00,9.997772e-01,2.227668e-04,0.000000e+00,0.000000e+00,-inf
2.000000e+00,9.997772e-01,2.227668e-04,0.000000e+00,0.000000e+00,-inf
2.166667e+00,9.997772e-01,2.227668e-04,0.000000e+00,0.000000e+00,-inf
2.333333e+00,9.997772e-01,2.227668e-04,0.000000e+00,0.000000e+00,-inf
2.500000e+00,9.997772e-01,2.227668e-04,0.000000e+00,0.000000e+00,-inf
2.666667e+00,9.997772e-01,2.227668e-04,0.000000e+00,0.000000e+00,-inf
2.833333e+00,9.997772e-01,2.227668e-04,0.000000e+00,0.000000e+00,-inf
3.000000e+00,9.997772e-01,2.227668e-04,0.000000e+00,0.000000e+00,-inf
3.166667e+00,9.997772e-01,2.227668e-04,0.000000e+00,0.000000e+00,-inf
3.333333e+00,9.997772e-01,2.227668e-04,0.000000e+00,0.000000e+00,-inf
3.500000e+00,9.997772e-01,2.227668e-04,0.000000e+00,0.000000e+00,-inf
3.666667e+00,9.997772e-01,2.227668e-04,0.000000e+00,0.000000e+00,-inf
3.833333e+00,9.997772e-01,2.227668e-04,0.000000e+00,0.000000e+00,-inf
4.000000e+00,9.997772e-01,2.227668e-04,0.000000e+00,0.000000e+00,-inf
4.166667e+00,9.997772e-01,2.227668e-04,0.000000e+00,0.000000e+00,-inf
4.333333e+00,9.997772e-01,2.227668e-04,0.000000e+00,0.000000e+00,-inf
4.500000e+00,9.997772e-01,2.227668e-04,0.000000e+00,0.000000e+00,-inf
4.666667e+00,9.997772e-01,2.227668e-04,0.000000e+00,0.000000e+00,-inf
4.833333e+00,9.997772e-01,2.227668e-04,0.000000e+00,0.000000e+00,-inf
5.000000e+00,9.997772e-01,2.227668e-04,0.000000e+00,0.000000e+00,-inf
5.166667e+00,9.997772e-01,2.227668e-04,0.000000e+00,0.000000e+00,-inf
5.333333e+00,9.997772e-01,2.227668e-04,0.000000e+00,0.000000e+00,-inf
5.500000e+00,9.997772e-01,2.227668e-04,0.000000e+00,0.000000e+00,-inf
5.666667e+00,9.997772e-01,2.227668e-04,0.000000e+00,0.000000e+00,-inf
5.833333e+00,9.997772e-01,2.227668e-04,0.000000e+00,0.000000e+00,-inf
6.000000e+00,9.997772e-01,2.227668e-04,0.000000e+00,0.000000e+00,-inf
6.166667e+00,9.997772e-01,2.227668e-04,0.000000e+00,0.000000e+00,-inf
6.333333e+00,9.997772e-01,2.227668e-04,0.000000e+00,0.000000e+00,-inf
6.500000e+00,9.997772e-01,2.227668e-04,0.000000e+00,0.000000e+00,-inf
6.666667e+00,9.997772e-01,2.227668e-04,0.000000e+00,0.000000e+00,-inf
6.833333e+00,9.997772e-01,2.227668e-04,0.000000e+00,0.000000e+00,-inf
7.000000e+00,9.997772e-01,2.227668e-04,0.000000e+00,0.000000e+00,-inf
7.166667e+00,9.997772e-01,2.227668e-04,0.000000e+00,0.000000e+00,-inf
7.333333e+00,9.997772e-01,2.227668e-04,0.000000e+00,0.000000e+00,-inf
7.500000e+00,9.997772e-01,2.227668e-04,0.000000e+00,0.000000e+00,-inf
7.666667e+00,9.997772e-01,2.227668e-04,0.000000e+00,0.000000e+00,-inf
7.833333e+00,9.997772e-01,2.227668e-04,0.000000e+00,0.000000e+00,-inf
8.000000e+00,9.997772e-01,2.227668e-04,0.000000e+00,0.000000e+00,-inf
8.166667e+00,9.997772e-01,2.227668e-04,0.000000e+00,0.000000e+00,-inf
8.333333e+00,9.997772e-01,2.227668e-04,0.000000e+00,0.000000e+00,-inf
8.500000e+00,9.997772e-01,2.227668e-04,0.000000e+00,0.000000e+00,-inf
8.666667e+00,9.997772e-01,2.227668e-04,0.000000e+00,0.000000e+00,-inf
8.833333e+00,9.997772e-01,2.227668e-04,0.000000e+00,0.000000e+00,-inf
9.000000e+00,9.997772e-01,2.227668e-04,0.000000e+00,0.000000e+00,-inf
9.166667e+00,9.997772e-01,2.227668e-04,0.000000e+00,0.000000e+00,-inf
9.333333e+00,9.997772e-01,2.227668e-04,0.000000e+00,0.000000e+00,-inf
9.500000e+00,9.997772e-01,2.227668e-04,0.000000e+00,0.000000e+00,-inf
9.666667e+00,9.997772e-01,2.227668e-04,0.000000e+00,0.000000e+00,-inf
9.833333e+00,9.997772e-01,2.227668e-04,0.000000e+00,0.000000e+00,-inf
1.000000e+01,9.997772e-01,2.227668e-04,0.000000e+00,0.000000e+00,-inf
1.016667e+01,9.997772e-01,2.227668e-04,0.000000e+00,0.000000e+00,-inf
1.033333e+01,9.997772e-01,2.227668e-04,0.000000e+00,0.000000e+00,-inf
1.050000e+01,9.997772e-01,2.227668e-04,0.000000e+00,0.000000e+00,-inf
1.066667e+01,9.997772e-01,2.227668e-04,0.000000e+00,0.000000e+00,-inf
1.083333e+01,9.997772e-01,2.227668e-04,0.000000e+00,0.000000e+00,-inf
1.100000e+01,9.997772e-01,2.227668e-04,0.000000e+00,0.000000e+00,-inf
1.116667e+01,9.997772e-01,2.227668e-04,0.000000e+00,0.000000e+00,-inf
1.133333e+01,9.997772e-01,2.227668e-04,0.000000e+00,0.000000e+00,-inf
1.150000e+01,9.997772e-01,0.000000e+00,2.227668e-04,0.000000e+00,-inf
1.166667e+01,9.997772e-01,0.000000e+00,2.227668e-04,0.000000e+00,-inf
1.183333e+01,9.982179e-01,1.559367e-03,2.227668e-04,0.000000e+00,4.053689e+00
1.200000e+01,9.968813e-01,2.895968e-03,2.227668e-04,0.000000e+00,4.377209e+00
1.216667e+01,9.957674e-01,4.009802e-03,2.227668e-04,0.000000e+00,4.576700e+00
1.233333e+01,9.946536e-01,4.678102e-03,6.683003e-04,0.000000e+00,4.725476e+00
1.250000e+01,9.928715e-01,6.460236e-03,6.683003e-04,0.000000e+00,4.846165e+00
1.266667e+01,9.915349e-01,7.796837e-03,6.683003e-04,0.000000e+00,4.948569e+00
1.283333e+01,9.906438e-01,8.687904e-03,6.683003e-04,0.000000e+00,5.037707e+00
1.300000e+01,9.890844e-01,1.002450e-02,8.910671e-04,0.000000e+00,5.116431e+00
1.316667e+01,9.873023e-01,1.180664e-02,8.910671e-04,0.000000e+00,5.186493e+00
1.333333e+01,9.870795e-01,1.202941e-02,8.910671e-04,0.000000e+00,5.249054e+00
1.350000e+01,9.857429e-01,1.292047e-02,1.336601e-03,0.000000e+00,5.304946e+00
1.366667e+01,9.844063e-01,1.403431e-02,1.559367e-03,0.000000e+00,5.354815e+00
1.383333e+01,9.830697e-01,1.470261e-02,2.227668e-03,0.000000e+00,5.399201e+00
1.400000e+01,9.819559e-01,1.559367e-02,2.450434e-03,0.000000e+00,5.438576e+00
1.416667e+01,9.806193e-01,1.603921e-02,3.341501e-03,0.000000e+00,5.473372e+00
1.433333e+01,9.792827e-01,1.715304e-02,3.564268e-03,0.000000e+00,5.503989e+00
1.450000e+01,9.781689e-01,1.804411e-02,3.787035e-03,0.000000e+00,5.530795e+00
1.466667e+01,9.766095e-01,1.893517e-02,4.455335e-03,0.000000e+00,5.554136e+00
1.483333e+01,9.752729e-01,1.960348e-02,5.123636e-03,0.000000e+00,5.574329e+00
1.500000e+01,9.741591e-01,2.049454e-02,5.346402e-03,0.000000e+00,5.591665e+00
1.516667e+01,9.728225e-01,2.138561e-02,5.791936e-03,0.000000e+00,5.606411e+00
1.533333e+01,9.705948e-01,2.339051e-02,5.791936e-03,2.227668e-04,5.618810e+00
1.550000e+01,9.697037e-01,2.405881e-02,6.014703e-03,2.227668e-04,5.629080e+00
1.566667e+01,9.692582e-01,2.316774e-02,7.351303e-03,2.227668e-04,5.589518e+00
1.583333e+01,9.685899e-01,2.339051e-02,7.796837e-03,2.227668e-04,5.549957e+00
1.600000e+01,9.679216e-01,2.316774e-02,8.687904e-03,2.227668e-04,5.510399e+00
1.616667e+01,9.661395e-01,2.428158e-02,9.356204e-03,2.227668e-04,5.470845e+00
1.633333e+01,9.652484e-01,2.339051e-02,1.113834e-02,2.227668e-04,5.431296e+00
1.650000e+01,9.636890e-01,2.472711e-02,1.136110e-02,2.227668e-04,5.391754e+00
1.666667e+01,9.632435e-01,2.494988e-02,1.158387e-02,2.227668e-04,5.352226e+00
1.683333e+01,9.623524e-01,2.517264e-02,1.225217e-02,2.227668e-04,5.312711e+00
1.700000e+01,9.610158e-01,2.584094e-02,1.292047e-02,2.227668e-04,5.273215e+00
1.716667e+01,9.592337e-01,2.650924e-02,1.403431e-02,2.227668e-04,5.233746e+00
1.733333e+01,9.578971e-01,2.717755e-02,1.470261e-02,2.227668e-04,5.194312e+00
1.750000e+01,9.574515e-01,2.695478e-02,1.537091e-02,2.227668e-04,5.154939e+00
1.766667e+01,9.570060e-01,2.673201e-02,1.603921e-02,2.227668e-04,5.115639e+00
1.783333e+01,9.561149e-01,2.650924e-02,1.715304e-02,2.227668e-04,5.076446e+00
1.800000e+01,9.552239e-01,2.673201e-02,1.782134e-02,2.227668e-04,5.037406e+00
1.816667e+01,9.550011e-01,2.606371e-02,1.871241e-02,2.227668e-04,4.998585e+00
1.833333e+01,9.550011e-01,2.539541e-02,1.938071e-02,2.227668e-04,4.960044e+00
1.850000e+01,9.538873e-01,2.628648e-02,1.960348e-02,2.227668e-04,4.921895e+00
1.866667e+01,9.527734e-01,2.650924e-02,2.049454e-02,2.227668e-04,4.884262e+00
1.883333e+01,9.516596e-01,2.695478e-02,2.116284e-02,2.227668e-04,4.847329e+00
1.900000e+01,9.512141e-01,2.673201e-02,2.183114e-02,2.227668e-04,4.811426e+00
1.916667e+01,9.507685e-01,2.650924e-02,2.249944e-02,2.227668e-04,4.776870e+00
1.933333e+01,9.498775e-01,2.695478e-02,2.294498e-02,2.227668e-04,4.744108e+00
1.950000e+01,9.489864e-01,2.762308e-02,2.316774e-02,2.227668e-04,4.713690e+00
1.966667e+01,9.485409e-01,2.740031e-02,2.383604e-02,2.227668e-04,4.686469e+00
1.983333e+01,9.485409e-01,2.695478e-02,2.428158e-02,2.227668e-04,4.663458e+00
2.000000e+01,9.476498e-01,2.695478e-02,2.517264e-02,2.227668e-04,4.646273e+00
2.016667e+01,9.469815e-01,2.740031e-02,2.539541e-02,2.227668e-04,4.635597e+00
2.033333e+01,9.467587e-01,2.695478e-02,2.606371e-02,2.227668e-04,4.632883e+00
2.050000e+01,9.458677e-01,2.762308e-02,2.628648e-02,2.227668e-04,4.639179e+00
2.066667e+01,9.451994e-01,2.740031e-02,2.717755e-02,2.227668e-04,4.655446e+00
2.083333e+01,9.451994e-01,2.650924e-02,2.806861e-02,2.227668e-04,4.682551e+00
2.100000e+01,9.445311e-01,2.673201e-02,2.851415e-02,2.227668e-04,4.722980e+00
2.116667e+01,9.436400e-01,2.650924e-02,2.962798e-02,2.227668e-04,4.773565e+00
2.133333e+01,9.434172e-01,2.650924e-02,2.985075e-02,2.227668e-04,4.833244e+00
2.150000e+01,9.420806e-01,2.740031e-02,3.029628e-02,2.227668e-04,4.903101e+00
2.166667e+01,9.414123e-01,2.784585e-02,3.051905e-02,2.227668e-04,4.978997e+00
2.183333e+01,9.407440e-01,2.717755e-02,3.185565e-02,2.227668e-04,5.059694e+00
2.200000e+01,9.400757e-01,2.673201e-02,3.296948e-02,2.227668e-04,5.144096e+00
2.216667e+01,9.385164e-01,2.717755e-02,3.408331e-02,2.227668e-04,5.236667e+00
2.233333e+01,9.374025e-01,2.740031e-02,3.497438e-02,2.227668e-04,5.330276e+00
2.250000e+01,9.367342e-01,2.695478e-02,3.608822e-02,2.227668e-04,5.427842e+00
2.266667e+01,9.367342e-01,2.650924e-02,3.653375e-02,2.227668e-04,5.524883e+00
2.283333e+01,9.365115e-01,2.650924e-02,3.675652e-02,2.227668e-04,5.621734e+00
2.300000e+01,9.353976e-01,2.762308e-02,3.675652e-02,2.227668e-04,5.717530e+00
2.316667e+01,9.349521e-01,2.650924e-02,3.831588e-02,2.227668e-04,5.812209e+00
2.333333e+01,9.336155e-01,2.650924e-02,3.965248e-02,2.227668e-04,5.905756e+00
2.350000e+01,9.329472e-01,2.606371e-02,4.076632e-02,2.227668e-04,6.000622e+00
2.366667e+01,9.318334e-01,2.650924e-02,4.143462e-02,2.227668e-04,6.094178e+00
2.383333e+01,9.304968e-01,2.762308e-02,4.121185e-02,6.683003e-04,6.185600e+00
2.400000e+01,9.293829e-01,2.673201e-02,4.321675e-02,6.683003e-04,6.275614e+00
2.416667e+01,9.287146e-01,2.717755e-02,4.343952e-02,6.683003e-04,6.358406e+00
2.433333e+01,9.276008e-01,2.806861e-02,4.343952e-02,8.910671e-04,6.440857e+00
2.450000e+01,9.255959e-01,2.940521e-02,4.410782e-02,8.910671e-04,6.521450e+00
2.466667e+01,9.242593e-01,3.029628e-02,4.410782e-02,1.336601e-03,6.596794e+00
2.483333e+01,9.231455e-01,3.096458e-02,4.455335e-02,1.336601e-03,6.670539e+00
2.500000e+01,9.224772e-01,3.096458e-02,4.522165e-02,1.336601e-03,6.738752e+00
2.516667e+01,9.204723e-01,3.163288e-02,4.611272e-02,1.782134e-03,6.805386e+00
2.533333e+01,9.193584e-01,3.118735e-02,4.722655e-02,2.227668e-03,6.870141e+00
2.550000e+01,9.169080e-01,3.341501e-02,4.744932e-02,2.227668e-03,6.928218e+00
2.566667e+01,9.144576e-01,3.541992e-02,4.722655e-02,2.895968e-03,6.981950e+00
2.583333e+01,9.128982e-01,3.608822e-02,4.722655e-02,3.787035e-03,7.034543e+00
2.600000e+01,9.095567e-01,3.853865e-02,4.789485e-02,4.009802e-03,7.081040e+00
2.616667e+01,9.068835e-01,4.076632e-02,4.767209e-02,4.678102e-03,7.121902e+00
2.633333e+01,9.042103e-01,4.232569e-02,4.722655e-02,6.237469e-03,7.161273e+00
2.650000e+01,9.024282e-01,4.165738e-02,4.878592e-02,7.128536e-03,7.196536e+00
2.666667e+01,9.010916e-01,4.121185e-02,4.945422e-02,8.242370e-03,7.224325e+00
2.683333e+01,8.977501e-01,4.277122e-02,5.079082e-02,8.687904e-03,7.249510e+00
2.700000e+01,8.966362e-01,4.165738e-02,5.168189e-02,1.002450e-02,7.271909e+00
2.716667e+01,8.939630e-01,4.277122e-02,5.279572e-02,1.047004e-02,7.294598e+00
2.733333e+01,8.919581e-01,4.343952e-02,5.324126e-02,1.136110e-02,7.313544e+00
2.750000e+01,8.888394e-01,4.611272e-02,5.235019e-02,1.269771e-02,7.332812e+00
2.766667e+01,8.875028e-01,4.722655e-02,5.079082e-02,1.447984e-02,7.350489e+00
2.783333e+01,8.854979e-01,4.834039e-02,5.123636e-02,1.492537e-02,7.364742e+00
2.800000e+01,8.839385e-01,4.923145e-02,5.123636e-02,1.559367e-02,7.375142e+00
2.816667e+01,8.826019e-01,4.900869e-02,5.145912e-02,1.693027e-02,7.386078e+00
2.833333e+01,8.805970e-01,4.856315e-02,5.257296e-02,1.826687e-02,7.397239e+00
2.850000e+01,8.797059e-01,4.767209e-02,5.301849e-02,1.960348e-02,7.407735e+00
2.866667e+01,8.774783e-01,4.923145e-02,5.190466e-02,2.138561e-02,7.416393e+00
2.883333e+01,8.750278e-01,5.012252e-02,5.257296e-02,2.227668e-02,7.423301e+00
2.900000e+01,8.714636e-01,5.168189e-02,5.346402e-02,2.339051e-02,7.427835e+00
2.916667e+01,8.692359e-01,5.212742e-02,5.502339e-02,2.361328e-02,7.431655e+00
2.933333e+01,8.665627e-01,5.279572e-02,5.613722e-02,2.450434e-02,7.434676e+00
2.950000e+01,8.647806e-01,5.301849e-02,5.702829e-02,2.517264e-02,7.439017e+00
2.966667e+01,8.636667e-01,5.279572e-02,5.747382e-02,2.606371e-02,7.442571e+00
2.983333e+01,8.596569e-01,5.546892e-02,5.769659e-02,2.717755e-02,7.445829e+00
3.000000e+01,8.563154e-01,5.702829e-02,5.836489e-02,2.829138e-02,7.448403e+00
3.016667e+01,8.547561e-01,5.747382e-02,5.791936e-02,2.985075e-02,7.450440e+00
3.033333e+01,8.520829e-01,5.858766e-02,5.836489e-02,3.096458e-02,7.452232e+00
3.050000e+01,8.485186e-01,5.947873e-02,6.014703e-02,3.185565e-02,7.451001e+00
3.066667e+01,8.451771e-01,6.103809e-02,6.103809e-02,3.274671e-02,7.448719e+00
3.083333e+01,8.436177e-01,6.148363e-02,6.170639e-02,3.319225e-02,7.446993e+00
3.100000e+01,8.411673e-01,6.148363e-02,6.348853e-02,3.386055e-02,7.445105e+00
3.116667e+01,8.382713e-01,6.259746e-02,6.393406e-02,3.519715e-02,7.443631e+00
3.133333e+01,8.369347e-01,6.192916e-02,6.549343e-02,3.564268e-02,7.442211e+00
3.150000e+01,8.338160e-01,6.371129e-02,6.504789e-02,3.742482e-02,7.439290e+00
3.166667e+01,8.304745e-01,6.571620e-02,6.504789e-02,3.876142e-02,7.437118e+00
3.183333e+01,8.280241e-01,6.616173e-02,6.660726e-02,3.920695e-02,7.432169e+00
3.200000e+01,8.251281e-01,6.749833e-02,6.772110e-02,3.965248e-02,7.424946e+00
3.216667e+01,8.235687e-01,6.638450e-02,6.994876e-02,4.009802e-02,7.418257e+00
3.233333e+01,8.208955e-01,6.772110e-02,7.061706e-02,4.076632e-02,7.413033e+00
3.250000e+01,8.179996e-01,6.883493e-02,7.195366e-02,4.121185e-02,7.408347e+00
3.266667e+01,8.171085e-01,6.838940e-02,7.217643e-02,4.232569e-02,7.403628e+00
3.283333e+01,8.148808e-01,6.928046e-02,7.239920e-02,4.343952e-02,7.399744e+00
3.300000e+01,8.117621e-01,7.017153e-02,7.440410e-02,4.366229e-02,7.394147e+00
3.316667e+01,8.086434e-01,7.173090e-02,7.507240e-02,4.455335e-02,7.387060e+00
3.333333e+01,8.059701e-01,7.217643e-02,7.663177e-02,4.522165e-02,7.381799e+00
3.350000e+01,8.032969e-01,7.418133e-02,7.663177e-02,4.588995e-02,7.375675e+00
3.366667e+01,8.008465e-01,7.329027e-02,7.952773e-02,4.633549e-02,7.369435e+00
3.383333e+01,7.992871e-01,7.262196e-02,8.108710e-02,4.700379e-02,7.363587e+00
3.400000e+01,7.966139e-01,7.351303e-02,8.242370e-02,4.744932e-02,7.359233e+00
3.416667e+01,7.943863e-01,7.373580e-02,8.353754e-02,4.834039e-02,7.354901e+00
3.433333e+01,7.928269e-01,7.329027e-02,8.398307e-02,4.989975e-02,7.352479e+00
3.450000e+01,7.901537e-01,7.284473e-02,8.643350e-02,5.056806e-02,7.349626e+00
3.466667e+01,7.877033e-01,7.284473e-02,8.799287e-02,5.145912e-02,7.345325e+00
3.483333e+01,7.843618e-01,7.306750e-02,9.022054e-02,5.235019e-02,7.342412e+00
3.500000e+01,7.819113e-01,7.239920e-02,9.244821e-02,5.324126e-02,7.339503e+00
3.516667e+01,7.787926e-01,7.395857e-02,9.311651e-02,5.413232e-02,7.336399e+00
3.533333e+01,7.756739e-01,7.462687e-02,9.423034e-02,5.546892e-02,7.333130e+00
3.550000e+01,7.738917e-01,7.484963e-02,9.512141e-02,5.613722e-02,7.331419e+00
3.566667e+01,7.723324e-01,7.484963e-02,9.668078e-02,5.613722e-02,7.327300e+00
3.583333e+01,7.701047e-01,7.418133e-02,9.846291e-02,5.725106e-02,7.324303e+00
3.600000e+01,7.676543e-01,7.462687e-02,1.004678e-01,5.725106e-02,7.324958e+00
3.616667e+01,7.643128e-01,7.551793e-02,1.022499e-01,5.791936e-02,7.324996e+00
3.633333e+01,7.614168e-01,7.618623e-02,1.044776e-01,5.791936e-02,7.328799e+00
3.650000e+01,7.591891e-01,7.685453e-02,1.049231e-01,5.903319e-02,7.333812e+00
3.666667e+01,7.558476e-01,7.730007e-02,1.067053e-01,6.014703e-02,7.342572e+00
3.683333e+01,7.533972e-01,7.819113e-02,1.075963e-01,6.081533e-02,7.351488e+00
3.700000e+01,7.529517e-01,7.640900e-02,1.093785e-01,6.126086e-02,7.360677e+00
3.716667e+01,7.496102e-01,7.841390e-02,1.098240e-01,6.215193e-02,7.371224e+00
3.733333e+01,7.471597e-01,7.908220e-02,1.113834e-01,6.237469e-02,7.383615e+00
3.750000e+01,7.444865e-01,7.997327e-02,1.122744e-01,6.326576e-02,7.397089e+00
3.766667e+01,7.400312e-01,8.197817e-02,1.136110e-01,6.437959e-02,7.413034e+00
3.783333e+01,7.384718e-01,8.086434e-02,1.160615e-01,6.460236e-02,7.429191e+00
3.800000e+01,7.360214e-01,8.019603e-02,1.187347e-01,6.504789e-02,7.445481e+00
3.816667e+01,7.337937e-01,7.952773e-02,1.202941e-01,6.638450e-02,7.464485e+00
3.833333e+01,7.317888e-01,7.908220e-02,1.220762e-01,6.705280e-02,7.485659e+00
3.850000e+01,7.291156e-01,7.975050e-02,1.220762e-01,6.905770e-02,7.505658e+00
3.866667e+01,7.262196e-01,8.197817e-02,1.200713e-01,7.173090e-02,7.527199e+00
3.883333e+01,7.239920e-01,8.197817e-02,1.207396e-01,7.329027e-02,7.545617e+00
3.900000e+01,7.215415e-01,8.175540e-02,1.222990e-01,7.440410e-02,7.559829e+00
3.916667e+01,7.193139e-01,8.220094e-02,1.229673e-01,7.551793e-02,7.573262e+00
3.933333e+01,7.168634e-01,8.175540e-02,1.236356e-01,7.774560e-02,7.586590e+00
3.950000e+01,7.155268e-01,8.108710e-02,1.249722e-01,7.841390e-02,7.599863e+00
3.966667e+01,7.128536e-01,8.220094e-02,1.247494e-01,8.019603e-02,7.612079e+00
3.983333e+01,7.106260e-01,8.220094e-02,1.240811e-01,8.309200e-02,7.625399e+00
4.000000e+01,7.075072e-01,8.220094e-02,1.258632e-01,8.442860e-02,7.637551e+00
4.016667e+01,7.050568e-01,8.153264e-02,1.269771e-01,8.643350e-02,7.645980e+00
4.033333e+01,7.021608e-01,8.242370e-02,1.263088e-01,8.910671e-02,7.654706e+00
4.050000e+01,6.983738e-01,8.442860e-02,1.258632e-01,9.133437e-02,7.662044e+00
4.066667e+01,6.954778e-01,8.487414e-02,1.258632e-01,9.378481e-02,7.667959e+00
4.083333e+01,6.932502e-01,8.465137e-02,1.269771e-01,9.512141e-02,7.672709e+00
4.100000e+01,6.899087e-01,8.621074e-02,1.263088e-01,9.757184e-02,7.676031e+00
4.116667e+01,6.874582e-01,8.665627e-02,1.265315e-01,9.935398e-02,7.679804e+00
4.133333e+01,6.843395e-01,8.777010e-02,1.269771e-01,1.009133e-01,7.682293e+00
4.150000e+01,6.801069e-01,9.088884e-02,1.263088e-01,1.026955e-01,7.685388e+00
4.166667e+01,6.781020e-01,8.955224e-02,1.269771e-01,1.053687e-01,7.688721e+00
4.183333e+01,6.747605e-01,9.044331e-02,1.267543e-01,1.080419e-01,7.691968e+00
4.200000e+01,6.734239e-01,8.955224e-02,1.278681e-01,1.091557e-01,7.693919e+00
4.216667e+01,6.700824e-01,9.022054e-02,1.296503e-01,1.100468e-01,7.695220e+00
4.233333e+01,6.671865e-01,9.222544e-02,1.280909e-01,1.124972e-01,7.698276e+00
4.250000e+01,6.629539e-01,9.378481e-02,1.296503e-01,1.136110e-01,7.703178e+00
4.266667e+01,6.598352e-01,9.400757e-02,1.312096e-01,1.149476e-01,7.707287e+00
4.283333e+01,6.571620e-01,9.333927e-02,1.329918e-01,1.165070e-01,7.712552e+00
4.300000e+01,6.549343e-01,9.200267e-02,1.356650e-01,1.173981e-01,7.718699e+00
4.316667e+01,6.527066e-01,9.133437e-02,1.363333e-01,1.196258e-01,7.725700e+00
4.333333e+01,6.502562e-01,8.955224e-02,1.383382e-01,1.218534e-01,7.735003e+00
4.350000e+01,6.475830e-01,8.932947e-02,1.385609e-01,1.245266e-01,7.743276e+00
4.366667e+01,6.426821e-01,9.222544e-02,1.387837e-01,1.263088e-01,7.750616e+00
4.383333e+01,6.384495e-01,9.467587e-02,1.385609e-01,1.283137e-01,7.757365e+00
4.400000e+01,6.353308e-01,9.512141e-02,1.383382e-01,1.312096e-01,7.764041e+00
4.416667e+01,6.319893e-01,9.489864e-02,1.407886e-01,1.323235e-01,7.770558e+00
4.433333e+01,6.282023e-01,9.601247e-02,1.407886e-01,1.349967e-01,7.775403e+00
4.450000e+01,6.244152e-01,9.757184e-02,1.414569e-01,1.365560e-01,7.781517e+00
4.466667e+01,6.221876e-01,9.556694e-02,1.414569e-01,1.407886e-01,7.786384e+00
4.483333e+01,6.192916e-01,9.623524e-02,1.410114e-01,1.434618e-01,7.791394e+00
4.500000e+01,6.157273e-01,9.846291e-02,1.394520e-01,1.463578e-01,7.793491e+00
4.516667e+01,6.114948e-01,1.000223e-01,1.390065e-01,1.494765e-01,7.795532e+00
4.533333e+01,6.077077e-01,1.002450e-01,1.403431e-01,1.517042e-01,7.796678e+00
4.550000e+01,6.050345e-01,1.004678e-01,1.414569e-01,1.530408e-01,7.796495e+00
4.566667e+01,6.019158e-01,1.006906e-01,1.421252e-01,1.552684e-01,7.796206e+00
4.583333e+01,5.987971e-01,1.011361e-01,1.432390e-01,1.568278e-01,7.797104e+00
4.600000e+01,5.932279e-01,1.033638e-01,1.423480e-01,1.610604e-01,7.797732e+00
4.616667e+01,5.883270e-01,1.055914e-01,1.427935e-01,1.632880e-01,7.799147e+00
4.633333e+01,5.840945e-01,1.071508e-01,1.432390e-01,1.655157e-01,7.798323e+00
4.650000e+01,5.807530e-01,1.080419e-01,1.439073e-01,1.672978e-01,7.798031e+00
4.666667e+01,5.758521e-01,1.091557e-01,1.445756e-01,1.704166e-01,7.797528e+00
4.683333e+01,5.729561e-01,1.089329e-01,1.456895e-01,1.724215e-01,7.797420e+00
4.700000e+01,5.693918e-01,1.089329e-01,1.474716e-01,1.742036e-01,7.796278e+00
4.716667e+01,5.669414e-01,1.084874e-01,1.485854e-01,1.759857e-01,7.796079e+00
4.733333e+01,5.629316e-01,1.098240e-01,1.483627e-01,1.788817e-01,7.796793e+00
4.750000e+01,5.595901e-01,1.107151e-01,1.492537e-01,1.804411e-01,7.798791e+00
4.766667e+01,5.553575e-01,1.116061e-01,1.494765e-01,1.835598e-01,7.800909e+00
4.783333e+01,5.513477e-01,1.136110e-01,1.490310e-01,1.860102e-01,7.804598e+00
4.800000e+01,5.477835e-01,1.156160e-01,1.483627e-01,1.882379e-01,7.807648e+00
4.816667e+01,5.422143e-01,1.194030e-01,1.488082e-01,1.895745e-01,7.810668e+00
4.833333e+01,5.368679e-01,1.229673e-01,1.483627e-01,1.918022e-01,7.813514e+00
4.850000e+01,5.337492e-01,1.227445e-01,1.490310e-01,1.944754e-01,7.817850e+00
4.866667e+01,5.299621e-01,1.225217e-01,1.496993e-01,1.978169e-01,7.822469e+00
4.883333e+01,5.259523e-01,1.238583e-01,1.508131e-01,1.993763e-01,7.826342e+00
4.900000e+01,5.230564e-01,1.240811e-01,1.512586e-01,2.016039e-01,7.828779e+00
4.916667e+01,5.197149e-01,1.222990e-01,1.534863e-01,2.044999e-01,7.832154e+00
4.933333e+01,5.141457e-01,1.254177e-01,1.528180e-01,2.076186e-01,7.835533e+00
4.950000e+01,5.085765e-01,1.267543e-01,1.534863e-01,2.111829e-01,7.837688e+00
4.966667e+01,5.045667e-01,1.271998e-01,1.543774e-01,2.138561e-01,7.839470e+00
4.983333e+01,5.003342e-01,1.285364e-01,1.548229e-01,2.163065e-01,7.839512e+00
