Time,U,I1,I2,D,Ve
0.000000e+00,9.997772e-01,2.227668e-04,0.000000e+00,0.000000e+00,0.000000e+00
1.666667e-01,9.997772e-01,2.227668e-04,0.000000e+00,0.000000e+00,0.000000e+00
3.333333e-01,9.997772e-01,2.227668e-04,0.000000e+00,0.000000e+00,0.000000e+00
5.000000e-01,9.997772e-01,2.227668e-04,0.000000e+00,0.000000e+00,0.000000e+00
6.666667e-01,9.997772e-01,2.227668e-04,0.000000e+00,0.000000e+00,0.000000e+00
8.333333e-01,9.997772e-01,2.227668e-04,0.000000e+00,0.000000e+00,0.000000e+00
1.000000e+00,9.997772e-01,2.227668e-04,0.000000e+00,0.000000e+00,0.000000e+00
1.166667e+00,9.997772e-01,2.227668e-04,0.000000e+00,0.000000e+00,0.000000e+00
1.333333e+00,9.997772e-01,2.227668e-04,0.000000e+00,0.000000e+00,0.000000e+00
1.500000e+00,9.997772e-01,2.227668e-04,0.000000e+00,0.000000e+00,0.000000e+00
1.666667e+00,9.997772e-01,2.227668e-04,0.000000e+00,0.000000e+00,0.000000e+00
1.833333e+00,9.997772e-01,2.227668e-04,0.000000e+00,0.000000e+00,0.000000e+00
2.000000e+00,9.997772e-01,2.227668e-04,0.000000e+00,0.000000e+00,0.000000e+00
2.166667e+00,9.997772e-01,2.227668e-04,0.000000e+00,0.000000e+00,0.000000e+00
2.333333e+00,9.997772e-01,2.227668e-04,0.000000e+00,0.000000e+00,0.000000e+00
2.500000e+00,9.997772e-01,2.227668e-04,0.000000e+00,0.000000e+00,0.000000e+00
2.666667e+00,9.997772e-01,2.227668e-04,0.000000e+00,0.000000e+00,0.000000e+00
2.833333e+00,9.997772e-01,2.227668e-04,0.000000e+00,0.000000e+00,0.000000e+00
3.000000e+00,9.997772e-01,2.227668e-04,0.000000e+00,0.000000e+00,0.000000e+00
3.166667e+00,9.997772e-01,2.227668e-04,0.000000e+00,0.000000e+00,0.000000e+00
3.333333e+00,9.997772e-01,2.227668e-04,0.000000e+00,0.000000e+00,0.000000e+00
3.500000e+00,9.997772e-01,2.227668e-04,0.000000e+00,0.000000e+00,0.000000e+00
3.666667e+00,9.997772e-01,2.227668e-04,0.000000e+00,0.000000e+00,0.000000e+00
3.833333e+00,9.997772e-01,2.227668e-04,0.000000e+00,0.000000e+00,0.000000e+00
4.000000e+00,9.997772e-01,2.227668e-04,0.000000e+00,0.000000e+00,0.000000e+00
4.166667e+00,9.997772e-01,0.000000e+00,2.227668e-04,0.000000e+00,0.000000e+00
4.333333e+00,9.997772e-01,0.000000e+00,2.227668e-04,0.000000e+00,0.000000e+00
4.500000e+00,9.997772e-01,0.000000e+00,2.227668e-04,0.000000e+00,7.464956e-01
4.666667e+00,9.997772e-01,0.000000e+00,2.227668e-04,0.000000e+00,1.613932e+00
4.833333e+00,9.997772e-01,0.000000e+00,2.227668e-04,0.000000e+00,2.637990e+00
5.000000e+00,9.997772e-01,0.000000e+00,2.227668e-04,0.000000e+00,3.862687e+00
5.166667e+00,9.997772e-01,0.000000e+00,2.227668e-04,0.000000e+00,5.342474e+00
5.333333e+00,9.997772e-01,0.000000e+00,2.227668e-04,0.000000e+00,7.144834e+00
5.500000e+00,9.997772e-01,0.000000e+00,2.227668e-04,0.000000e+00,9.353519e+00
5.666667e+00,9.997772e-01,0.000000e+00,2.227668e-04,0.000000e+00,1.207255e+01
5.833333e+00,9.997772e-01,0.000000e+00,2.227668e-04,0.000000e+00,1.543122e+01
6.000000e+00,9.997772e-01,0.000000e+00,2.227668e-04,0.000000e+00,1.959023e+01
6.166667e+00,9.997772e-01,0.000000e+00,2.227668e-04,0.000000e+00,2.474938e+01
6.333333e+00,9.997772e-01,0.000000e+00,2.227668e-04,0.000000e+00,3.115707e+01
6.500000e+00,9.997772e-01,0.000000e+00,2.227668e-04,0.000000e+00,3.912198e+01
6.666667e+00,9.997772e-01,0.000000e+00,2.227668e-04,0.000000e+00,4.902765e+01
6.833333e+00,9.997772e-01,0.000000e+00,2.227668e-04,0.000000e+00,6.135038e+01
7.000000e+00,9.995545e-01,2.227668e-04,2.227668e-04,0.000000e+00,7.668135e+01
7.166667e+00,9.993317e-01,4.455335e-04,2.227668e-04,0.000000e+00,9.575387e+01
7.333333e+00,9.993317e-01,4.455335e-04,2.227668e-04,0.000000e+00,1.194769e+02
7.500000e+00,9.993317e-01,4.455335e-04,2.227668e-04,0.000000e+00,1.489762e+02
7.666667e+00,9.993317e-01,4.455335e-04,2.227668e-04,0.000000e+00,1.856447e+02
7.833333e+00,9.991089e-01,6.683003e-04,2.227668e-04,0.000000e+00,2.312042e+02
8.000000e+00,9.988862e-01,6.683003e-04,4.455335e-04,0.000000e+00,2.877804e+02
8.166667e+00,9.982179e-01,1.336601e-03,4.455335e-04,0.000000e+00,3.579945e+02
8.333333e+00,9.979951e-01,1.559367e-03,4.455335e-04,0.000000e+00,4.450771e+02
8.500000e+00,9.979951e-01,1.559367e-03,4.455335e-04,0.000000e+00,5.529922e+02
8.666667e+00,9.977723e-01,1.782134e-03,4.455335e-04,0.000000e+00,6.866071e+02
8.833333e+00,9.975496e-01,2.004901e-03,4.455335e-04,0.000000e+00,8.518819e+02
9.000000e+00,9.968813e-01,2.673201e-03,4.455335e-04,0.000000e+00,1.056097e+03
9.166667e+00,9.959902e-01,3.341501e-03,6.683003e-04,0.000000e+00,1.308125e+03
9.333333e+00,9.959902e-01,3.341501e-03,6.683003e-04,0.000000e+00,1.618741e+03
9.500000e+00,9.957674e-01,3.564268e-03,6.683003e-04,0.000000e+00,2.000999e+03
9.666667e+00,9.953219e-01,4.009802e-03,6.683003e-04,0.000000e+00,2.470633e+03
9.833333e+00,9.946536e-01,4.678102e-03,6.683003e-04,0.000000e+00,3.046544e+03
1.000000e+01,9.944308e-01,4.678102e-03,8.910671e-04,0.000000e+00,3.751316e+03
1.016667e+01,9.933170e-01,5.791936e-03,8.910671e-04,0.000000e+00,4.611785e+03
1.033333e+01,9.926487e-01,6.460236e-03,8.910671e-04,0.000000e+00,5.659629e+03
1.050000e+01,9.924259e-01,6.683003e-03,8.910671e-04,0.000000e+00,6.931944e+03
1.066667e+01,9.919804e-01,6.460236e-03,1.559367e-03,0.000000e+00,8.471804e+03
1.083333e+01,9.913121e-01,6.905770e-03,1.782134e-03,0.000000e+00,1.032871e+04
1.100000e+01,9.908666e-01,7.351303e-03,1.782134e-03,0.000000e+00,1.255898e+04
1.116667e+01,9.901983e-01,7.796837e-03,2.004901e-03,0.000000e+00,1.522578e+04
1.133333e+01,9.899755e-01,8.019603e-03,2.004901e-03,0.000000e+00,1.839809e+04
1.150000e+01,9.893072e-01,8.687904e-03,2.004901e-03,0.000000e+00,2.215068e+04
1.166667e+01,9.886389e-01,9.133437e-03,2.227668e-03,0.000000e+00,2.656222e+04
1.183333e+01,9.886389e-01,9.133437e-03,2.227668e-03,0.000000e+00,3.171310e+04
1.200000e+01,9.879706e-01,9.801738e-03,2.227668e-03,0.000000e+00,3.768237e+04
1.216667e+01,9.875251e-01,1.002450e-02,2.450434e-03,0.000000e+00,4.454374e+04
1.233333e+01,9.866340e-01,1.024727e-02,3.118735e-03,0.000000e+00,5.236099e+04
1.250000e+01,9.855202e-01,1.047004e-02,4.009802e-03,0.000000e+00,6.118301e+04
1.266667e+01,9.848519e-01,1.069280e-02,4.455335e-03,0.000000e+00,7.103844e+04
1.283333e+01,9.841836e-01,1.136110e-02,4.455335e-03,0.000000e+00,8.193057e+04
1.300000e+01,9.830697e-01,1.225217e-02,4.678102e-03,0.000000e+00,9.383349e+04
1.316667e+01,9.826242e-01,1.247494e-02,4.900869e-03,0.000000e+00,1.066893e+05
1.333333e+01,9.808421e-01,1.358877e-02,5.569169e-03,0.000000e+00,1.204077e+05
1.350000e+01,9.801738e-01,1.403431e-02,5.791936e-03,0.000000e+00,1.348667e+05
1.366667e+01,9.799510e-01,1.336601e-02,6.683003e-03,0.000000e+00,1.499177e+05
1.383333e+01,9.799510e-01,1.314324e-02,6.905770e-03,0.000000e+00,1.653877e+05
1.400000e+01,9.783916e-01,1.425707e-02,7.351303e-03,0.000000e+00,1.810940e+05
1.416667e+01,9.779461e-01,1.447984e-02,7.574070e-03,0.000000e+00,1.968360e+05
1.433333e+01,9.770550e-01,1.514814e-02,7.796837e-03,0.000000e+00,2.124186e+05
1.450000e+01,9.759412e-01,1.581644e-02,8.019603e-03,2.227668e-04,2.276541e+05
1.466667e+01,9.752729e-01,1.626197e-02,8.242370e-03,2.227668e-04,2.423689e+05
1.483333e+01,9.746046e-01,1.559367e-02,9.578971e-03,2.227668e-04,2.213044e+05
1.500000e+01,9.734908e-01,1.626197e-02,1.002450e-02,2.227668e-04,2.020792e+05
1.516667e+01,9.730452e-01,1.648474e-02,1.024727e-02,2.227668e-04,1.845340e+05
1.533333e+01,9.725997e-01,1.648474e-02,1.069280e-02,2.227668e-04,1.685230e+05
1.550000e+01,9.714859e-01,1.715304e-02,1.113834e-02,2.227668e-04,1.539129e+05
1.566667e+01,9.699265e-01,1.826687e-02,1.158387e-02,2.227668e-04,1.405822e+05
1.583333e+01,9.694810e-01,1.826687e-02,1.202941e-02,2.227668e-04,1.284201e+05
1.600000e+01,9.674761e-01,1.871241e-02,1.358877e-02,2.227668e-04,1.173300e+05
1.616667e+01,9.663622e-01,1.915794e-02,1.425707e-02,2.227668e-04,1.072157e+05
1.633333e+01,9.659167e-01,1.960348e-02,1.425707e-02,2.227668e-04,9.799248e+04
1.650000e+01,9.652484e-01,1.938071e-02,1.514814e-02,2.227668e-04,8.958499e+04
1.666667e+01,9.634663e-01,2.071731e-02,1.559367e-02,2.227668e-04,8.192081e+04
1.683333e+01,9.627980e-01,2.116284e-02,1.581644e-02,2.227668e-04,7.493646e+04
1.700000e+01,9.616841e-01,2.138561e-02,1.670751e-02,2.227668e-04,6.857340e+04
1.716667e+01,9.603475e-01,2.183114e-02,1.759857e-02,2.227668e-04,6.277730e+04
1.733333e+01,9.596792e-01,2.205391e-02,1.804411e-02,2.227668e-04,5.749930e+04
1.750000e+01,9.592337e-01,2.183114e-02,1.871241e-02,2.227668e-04,5.269474e+04
1.766667e+01,9.578971e-01,2.272221e-02,1.915794e-02,2.227668e-04,4.832280e+04
1.783333e+01,9.576743e-01,2.272221e-02,1.938071e-02,2.227668e-04,4.434626e+04
1.800000e+01,9.563377e-01,2.361328e-02,1.982624e-02,2.227668e-04,4.073098e+04
1.816667e+01,9.556694e-01,2.383604e-02,2.027178e-02,2.227668e-04,3.744612e+04
1.833333e+01,9.554466e-01,2.383604e-02,2.049454e-02,2.227668e-04,3.446290e+04
1.850000e+01,9.547783e-01,2.339051e-02,2.160838e-02,2.227668e-04,3.175532e+04
1.866667e+01,9.543328e-01,2.361328e-02,2.183114e-02,2.227668e-04,2.929955e+04
1.883333e+01,9.536645e-01,2.294498e-02,2.316774e-02,2.227668e-04,2.707432e+04
1.900000e+01,9.523279e-01,2.361328e-02,2.383604e-02,2.227668e-04,2.505922e+04
1.916667e+01,9.516596e-01,2.383604e-02,2.428158e-02,2.227668e-04,2.323877e+04
1.933333e+01,9.514368e-01,2.316774e-02,2.517264e-02,2.227668e-04,2.159350e+04
1.950000e+01,9.507685e-01,2.339051e-02,2.561818e-02,2.227668e-04,2.010823e+04
1.966667e+01,9.498775e-01,2.361328e-02,2.628648e-02,2.227668e-04,1.876896e+04
1.983333e+01,9.494319e-01,2.339051e-02,2.695478e-02,2.227668e-04,1.756289e+04
2.000000e+01,9.485409e-01,2.405881e-02,2.717755e-02,2.227668e-04,1.647848e+04
2.016667e+01,9.483181e-01,2.405881e-02,2.740031e-02,2.227668e-04,1.550487e+04
2.033333e+01,9.480953e-01,2.383604e-02,2.784585e-02,2.227668e-04,1.463225e+04
2.050000e+01,9.476498e-01,2.383604e-02,2.829138e-02,2.227668e-04,1.385164e+04
2.066667e+01,9.474270e-01,2.316774e-02,2.918245e-02,2.227668e-04,1.315481e+04
2.083333e+01,9.472043e-01,2.272221e-02,2.985075e-02,2.227668e-04,1.254391e+04
2.100000e+01,9.469815e-01,2.183114e-02,3.096458e-02,2.227668e-04,1.200179e+04
2.116667e+01,9.456449e-01,2.249944e-02,3.163288e-02,2.227668e-04,1.152226e+04
2.133333e+01,9.454221e-01,2.183114e-02,3.252395e-02,2.227668e-04,1.109946e+04
2.150000e+01,9.449766e-01,2.094008e-02,3.386055e-02,2.227668e-04,1.072807e+04
2.166667e+01,9.445311e-01,2.094008e-02,3.430608e-02,2.227668e-04,1.040325e+04
2.183333e+01,9.440855e-01,2.094008e-02,3.475162e-02,2.227668e-04,1.012074e+04
2.200000e+01,9.436400e-01,2.071731e-02,3.541992e-02,2.227668e-04,9.876297e+03
2.216667e+01,9.434172e-01,1.982624e-02,3.653375e-02,2.227668e-04,9.667656e+03
2.233333e+01,9.431945e-01,1.982624e-02,3.675652e-02,2.227668e-04,9.501637e+03
2.250000e+01,9.429717e-01,1.938071e-02,3.742482e-02,2.227668e-04,9.362565e+03
2.266667e+01,9.425262e-01,1.893517e-02,3.831588e-02,2.227668e-04,9.247545e+03
2.283333e+01,9.423034e-01,1.848964e-02,3.898418e-02,2.227668e-04,9.154058e+03
2.300000e+01,9.418579e-01,1.826687e-02,3.965248e-02,2.227668e-04,9.080024e+03
2.316667e+01,9.416351e-01,1.826687e-02,3.987525e-02,2.227668e-04,9.023085e+03
2.333333e+01,9.411896e-01,1.871241e-02,3.987525e-02,2.227668e-04,8.981176e+03
2.350000e+01,9.409668e-01,1.848964e-02,4.032078e-02,2.227668e-04,8.952488e+03
2.366667e+01,9.407440e-01,1.848964e-02,4.054355e-02,2.227668e-04,8.935382e+03
2.383333e+01,9.402985e-01,1.848964e-02,4.098908e-02,2.227668e-04,8.928417e+03
2.400000e+01,9.398530e-01,1.826687e-02,4.165738e-02,2.227668e-04,8.930173e+03
2.416667e+01,9.396302e-01,1.804411e-02,4.210292e-02,2.227668e-04,8.939461e+03
2.433333e+01,9.396302e-01,1.759857e-02,4.254845e-02,2.227668e-04,8.955634e+03
2.450000e+01,9.394074e-01,1.737581e-02,4.299399e-02,2.227668e-04,8.977068e+03
2.466667e+01,9.391847e-01,1.737581e-02,4.321675e-02,2.227668e-04,9.002857e+03
2.483333e+01,9.391847e-01,1.715304e-02,4.343952e-02,2.227668e-04,9.032132e+03
2.500000e+01,9.391847e-01,1.670751e-02,4.388505e-02,2.227668e-04,9.064109e+03
2.516667e+01,9.387391e-01,1.648474e-02,4.455335e-02,2.227668e-04,9.098088e+03
2.533333e+01,9.385164e-01,1.648474e-02,4.477612e-02,2.227668e-04,9.133442e+03
2.550000e+01,9.385164e-01,1.626197e-02,4.499889e-02,2.227668e-04,9.169610e+03
2.566667e+01,9.385164e-01,1.581644e-02,4.544442e-02,2.227668e-04,9.206072e+03
2.583333e+01,9.380708e-01,1.537091e-02,4.633549e-02,2.227668e-04,9.242364e+03
2.600000e+01,9.380708e-01,1.514814e-02,4.655825e-02,2.227668e-04,9.278118e+03
2.616667e+01,9.378481e-01,1.492537e-02,4.700379e-02,2.227668e-04,9.313242e+03
2.633333e+01,9.378481e-01,1.470261e-02,4.722655e-02,2.227668e-04,9.347073e+03
2.650000e+01,9.378481e-01,1.336601e-02,4.856315e-02,2.227668e-04,9.379324e+03
2.666667e+01,9.378481e-01,1.292047e-02,4.900869e-02,2.227668e-04,9.409750e+03
2.683333e+01,9.376253e-01,1.269771e-02,4.945422e-02,2.227668e-04,9.438139e+03
2.700000e+01,9.376253e-01,1.225217e-02,4.989975e-02,2.227668e-04,9.464349e+03
2.716667e+01,9.376253e-01,1.202941e-02,5.012252e-02,2.227668e-04,9.488136e+03
2.733333e+01,9.376253e-01,1.202941e-02,5.012252e-02,2.227668e-04,9.509365e+03
2.750000e+01,9.376253e-01,1.180664e-02,5.034529e-02,2.227668e-04,9.527909e+03
2.766667e+01,9.374025e-01,1.180664e-02,5.056806e-02,2.227668e-04,9.543669e+03
2.783333e+01,9.374025e-01,1.180664e-02,5.056806e-02,2.227668e-04,9.556569e+03
2.800000e+01,9.374025e-01,1.180664e-02,5.056806e-02,2.227668e-04,9.566548e+03
2.816667e+01,9.374025e-01,1.158387e-02,5.079082e-02,2.227668e-04,9.573557e+03
2.833333e+01,9.371798e-01,1.158387e-02,5.101359e-02,2.227668e-04,9.577565e+03
2.850000e+01,9.369570e-01,1.180664e-02,5.101359e-02,2.227668e-04,9.578557e+03
2.866667e+01,9.369570e-01,1.113834e-02,5.168189e-02,2.227668e-04,9.576526e+03
2.883333e+01,9.369570e-01,1.047004e-02,5.235019e-02,2.227668e-04,9.571471e+03
2.900000e+01,9.369570e-01,1.047004e-02,5.235019e-02,2.227668e-04,9.563417e+03
2.916667e+01,9.369570e-01,1.047004e-02,5.235019e-02,2.227668e-04,9.605229e+03
2.933333e+01,9.369570e-01,1.002450e-02,5.279572e-02,2.227668e-04,9.639166e+03
2.950000e+01,9.367342e-01,9.801738e-03,5.324126e-02,2.227668e-04,9.665679e+03
2.966667e+01,9.367342e-01,9.578971e-03,5.346402e-02,2.227668e-04,9.685195e+03
2.983333e+01,9.367342e-01,8.687904e-03,5.435509e-02,2.227668e-04,9.698203e+03
3.000000e+01,9.367342e-01,8.687904e-03,5.435509e-02,2.227668e-04,9.704967e+03
3.016667e+01,9.365115e-01,8.465137e-03,5.480062e-02,2.227668e-04,9.706422e+03
3.033333e+01,9.365115e-01,7.574070e-03,5.569169e-02,2.227668e-04,9.702249e+03
3.050000e+01,9.365115e-01,7.574070e-03,5.569169e-02,2.227668e-04,9.692764e+03
3.066667e+01,9.365115e-01,7.351303e-03,5.591446e-02,2.227668e-04,9.678516e+03
3.083333e+01,9.365115e-01,7.128536e-03,5.613722e-02,2.227668e-04,9.659499e+03
3.100000e+01,9.365115e-01,6.905770e-03,5.635999e-02,2.227668e-04,9.636023e+03
3.116667e+01,9.365115e-01,6.905770e-03,5.635999e-02,2.227668e-04,9.608293e+03
3.133333e+01,9.365115e-01,6.460236e-03,5.680552e-02,2.227668e-04,9.576542e+03
3.150000e+01,9.365115e-01,6.237469e-03,5.702829e-02,2.227668e-04,9.540990e+03
3.166667e+01,9.365115e-01,5.791936e-03,5.747382e-02,2.227668e-04,9.501856e+03
3.183333e+01,9.365115e-01,5.346402e-03,5.791936e-02,2.227668e-04,9.459354e+03
3.200000e+01,9.365115e-01,5.346402e-03,5.791936e-02,2.227668e-04,9.413663e+03
3.216667e+01,9.365115e-01,5.346402e-03,5.769659e-02,4.455335e-04,9.364961e+03
3.233333e+01,9.362887e-01,5.569169e-03,5.769659e-02,4.455335e-04,9.313418e+03
3.250000e+01,9.362887e-01,5.569169e-03,5.769659e-02,4.455335e-04,9.245229e+03
3.266667e+01,9.362887e-01,5.569169e-03,5.747382e-02,6.683003e-04,9.175894e+03
3.283333e+01,9.360659e-01,5.569169e-03,5.747382e-02,8.910671e-04,9.105455e+03
3.300000e+01,9.358432e-01,5.569169e-03,5.725106e-02,1.336601e-03,9.031375e+03
3.316667e+01,9.358432e-01,5.569169e-03,5.725106e-02,1.336601e-03,8.956170e+03
3.333333e+01,9.358432e-01,5.346402e-03,5.725106e-02,1.559367e-03,8.819767e+03
3.350000e+01,9.358432e-01,5.123636e-03,5.747382e-02,1.559367e-03,8.688749e+03
3.366667e+01,9.356204e-01,5.346402e-03,5.747382e-02,1.559367e-03,8.532447e+03
3.383333e+01,9.356204e-01,5.346402e-03,5.725106e-02,1.782134e-03,8.383958e+03
3.400000e+01,9.353976e-01,5.346402e-03,5.747382e-02,1.782134e-03,8.242650e+03
3.416667e+01,9.353976e-01,5.123636e-03,5.769659e-02,1.782134e-03,8.099807e+03
3.433333e+01,9.353976e-01,4.900869e-03,5.791936e-02,1.782134e-03,7.966097e+03
3.450000e+01,9.353976e-01,4.678102e-03,5.791936e-02,2.004901e-03,7.838375e+03
3.466667e+01,9.353976e-01,4.678102e-03,5.791936e-02,2.004901e-03,7.716123e+03
3.483333e+01,9.351749e-01,4.900869e-03,5.747382e-02,2.450434e-03,7.583768e+03
3.500000e+01,9.349521e-01,5.123636e-03,5.747382e-02,2.450434e-03,7.457454e+03
3.516667e+01,9.349521e-01,5.123636e-03,5.747382e-02,2.450434e-03,7.335774e+03
3.533333e+01,9.349521e-01,5.123636e-03,5.725106e-02,2.673201e-03,7.219258e+03
3.550000e+01,9.349521e-01,5.123636e-03,5.658276e-02,3.341501e-03,7.107463e+03
3.566667e+01,9.347293e-01,5.123636e-03,5.635999e-02,3.787035e-03,6.999229e+03
3.583333e+01,9.347293e-01,4.900869e-03,5.635999e-02,4.009802e-03,6.887205e+03
3.600000e+01,9.347293e-01,4.678102e-03,5.613722e-02,4.455335e-03,6.779145e+03
3.616667e+01,9.347293e-01,4.455335e-03,5.635999e-02,4.455335e-03,6.671757e+03
3.633333e+01,9.345066e-01,4.455335e-03,5.658276e-02,4.455335e-03,6.391080e+03
3.650000e+01,9.345066e-01,4.455335e-03,5.635999e-02,4.678102e-03,6.131288e+03
3.666667e+01,9.345066e-01,4.455335e-03,5.613722e-02,4.900869e-03,5.890657e+03
3.683333e+01,9.342838e-01,4.678102e-03,5.569169e-02,5.346402e-03,5.667514e+03
3.700000e+01,9.340610e-01,4.678102e-03,5.569169e-02,5.569169e-03,5.460117e+03
3.716667e+01,9.340610e-01,4.455335e-03,5.591446e-02,5.569169e-03,5.260072e+03
3.733333e+01,9.340610e-01,4.232569e-03,5.569169e-02,6.014703e-03,5.071503e+03
3.750000e+01,9.340610e-01,4.009802e-03,5.569169e-02,6.237469e-03,4.896330e+03
3.766667e+01,9.340610e-01,4.009802e-03,5.524616e-02,6.683003e-03,4.732815e+03
3.783333e+01,9.340610e-01,4.009802e-03,5.457786e-02,7.351303e-03,4.579250e+03
3.800000e+01,9.340610e-01,3.787035e-03,5.457786e-02,7.574070e-03,4.435306e+03
3.816667e+01,9.340610e-01,3.564268e-03,5.435509e-02,8.019603e-03,4.181030e+03
3.833333e+01,9.340610e-01,3.118735e-03,5.435509e-02,8.465137e-03,3.947206e+03
3.850000e+01,9.340610e-01,3.118735e-03,5.368679e-02,9.133437e-03,3.730256e+03
3.866667e+01,9.340610e-01,2.673201e-03,5.390956e-02,9.356204e-03,3.530326e+03
3.883333e+01,9.340610e-01,2.673201e-03,5.368679e-02,9.578971e-03,3.325620e+03
3.900000e+01,9.340610e-01,2.673201e-03,5.346402e-02,9.801738e-03,3.137478e+03
3.916667e+01,9.340610e-01,2.450434e-03,5.279572e-02,1.069280e-02,2.964532e+03
3.933333e+01,9.340610e-01,2.450434e-03,5.212742e-02,1.136110e-02,2.805369e+03
3.950000e+01,9.340610e-01,2.450434e-03,5.190466e-02,1.158387e-02,2.627444e+03
3.966667e+01,9.338383e-01,2.673201e-03,5.101359e-02,1.247494e-02,2.458815e+03
3.983333e+01,9.333927e-01,2.895968e-03,5.079082e-02,1.292047e-02,2.303805e+03
4.000000e+01,9.333927e-01,2.895968e-03,4.989975e-02,1.381154e-02,2.158663e+03
4.016667e+01,9.333927e-01,2.673201e-03,4.967699e-02,1.425707e-02,2.025315e+03
4.033333e+01,9.333927e-01,2.673201e-03,4.923145e-02,1.470261e-02,1.902145e+03
4.050000e+01,9.333927e-01,2.673201e-03,4.900869e-02,1.492537e-02,1.785796e+03
4.066667e+01,9.333927e-01,2.673201e-03,4.878592e-02,1.514814e-02,1.678911e+03
4.083333e+01,9.331700e-01,2.895968e-03,4.811762e-02,1.581644e-02,1.580597e+03
4.100000e+01,9.331700e-01,2.673201e-03,4.789485e-02,1.626197e-02,1.490216e+03
4.116667e+01,9.331700e-01,2.450434e-03,4.767209e-02,1.670751e-02,1.404712e+03
4.133333e+01,9.331700e-01,2.450434e-03,4.722655e-02,1.715304e-02,1.328415e+03
4.150000e+01,9.331700e-01,2.227668e-03,4.722655e-02,1.737581e-02,1.258160e+03
4.166667e+01,9.331700e-01,2.004901e-03,4.611272e-02,1.871241e-02,1.193345e+03
4.183333e+01,9.331700e-01,1.559367e-03,4.588995e-02,1.938071e-02,1.133623e+03
4.200000e+01,9.331700e-01,1.559367e-03,4.566719e-02,1.960348e-02,1.078439e+03
4.216667e+01,9.331700e-01,1.336601e-03,4.588995e-02,1.960348e-02,1.027400e+03
4.233333e+01,9.329472e-01,1.559367e-03,4.455335e-02,2.094008e-02,9.802802e+02
4.250000e+01,9.327244e-01,1.782134e-03,4.388505e-02,2.160838e-02,9.367458e+02
4.266667e+01,9.325017e-01,2.004901e-03,4.299399e-02,2.249944e-02,8.964326e+02
4.283333e+01,9.325017e-01,2.004901e-03,4.254845e-02,2.294498e-02,8.574627e+02
4.300000e+01,9.325017e-01,1.782134e-03,4.232569e-02,2.339051e-02,8.213786e+02
4.316667e+01,9.325017e-01,1.782134e-03,4.188015e-02,2.383604e-02,7.876063e+02
4.333333e+01,9.325017e-01,1.782134e-03,4.143462e-02,2.428158e-02,7.562958e+02
4.350000e+01,9.325017e-01,1.782134e-03,4.143462e-02,2.428158e-02,7.272464e+02
4.366667e+01,9.325017e-01,1.782134e-03,4.076632e-02,2.494988e-02,6.999296e+02
4.383333e+01,9.325017e-01,1.782134e-03,3.942972e-02,2.628648e-02,6.745477e+02
4.400000e+01,9.325017e-01,1.782134e-03,3.876142e-02,2.695478e-02,6.508534e+02
4.416667e+01,9.325017e-01,1.782134e-03,3.809312e-02,2.762308e-02,6.287504e+02
4.433333e+01,9.325017e-01,1.782134e-03,3.742482e-02,2.829138e-02,6.081377e+02
4.450000e+01,9.325017e-01,1.559367e-03,3.720205e-02,2.873691e-02,5.848001e+02
4.466667e+01,9.325017e-01,1.559367e-03,3.675652e-02,2.918245e-02,5.631195e+02
4.483333e+01,9.325017e-01,1.559367e-03,3.631098e-02,2.962798e-02,5.429639e+02
4.500000e+01,9.325017e-01,1.559367e-03,3.541992e-02,3.051905e-02,5.242012e+02
4.516667e+01,9.325017e-01,1.559367e-03,3.475162e-02,3.118735e-02,5.067060e+02
4.533333e+01,9.325017e-01,1.559367e-03,3.386055e-02,3.207841e-02,4.891664e+02
4.550000e+01,9.325017e-01,1.559367e-03,3.386055e-02,3.207841e-02,4.727788e+02
4.566667e+01,9.325017e-01,1.559367e-03,3.319225e-02,3.274671e-02,4.574827e+02
4.583333e+01,9.325017e-01,1.559367e-03,3.319225e-02,3.274671e-02,4.431933e+02
4.600000e+01,9.325017e-01,1.559367e-03,3.185565e-02,3.408331e-02,4.298184e+02
4.616667e+01,9.325017e-01,1.559367e-03,3.141011e-02,3.452885e-02,4.172876e+02
4.633333e+01,9.325017e-01,1.559367e-03,3.074181e-02,3.519715e-02,4.050716e+02
4.650000e+01,9.322789e-01,1.782134e-03,2.985075e-02,3.608822e-02,3.936090e+02
4.666667e+01,9.322789e-01,1.559367e-03,2.895968e-02,3.720205e-02,3.828364e+02
4.683333e+01,9.322789e-01,1.559367e-03,2.895968e-02,3.720205e-02,3.726914e+02
4.700000e+01,9.322789e-01,1.559367e-03,2.851415e-02,3.764758e-02,3.631094e+02
4.716667e+01,9.322789e-01,1.559367e-03,2.784585e-02,3.831588e-02,3.540631e+02
4.733333e+01,9.322789e-01,1.559367e-03,2.717755e-02,3.898418e-02,3.455026e+02
4.750000e+01,9.322789e-01,1.559367e-03,2.695478e-02,3.920695e-02,3.373910e+02
4.766667e+01,9.322789e-01,1.559367e-03,2.628648e-02,3.987525e-02,3.296839e+02
4.783333e+01,9.322789e-01,1.559367e-03,2.584094e-02,4.032078e-02,3.223585e+02
4.800000e+01,9.322789e-01,1.559367e-03,2.494988e-02,4.121185e-02,3.153810e+02
4.816667e+01,9.322789e-01,1.559367e-03,2.383604e-02,4.232569e-02,3.086450e+02
4.833333e+01,9.322789e-01,1.559367e-03,2.316774e-02,4.299399e-02,3.022106e+02
4.850000e+01,9.322789e-01,1.559367e-03,2.294498e-02,4.321675e-02,2.929654e+02
4.866667e+01,9.322789e-01,1.559367e-03,2.272221e-02,4.343952e-02,2.842650e+02
4.883333e+01,9.322789e-01,1.559367e-03,2.183114e-02,4.433059e-02,2.760970e+02
4.900000e+01,9.322789e-01,1.336601e-03,2.138561e-02,4.499889e-02,2.684199e+02
4.916667e+01,9.322789e-01,1.336601e-03,2.116284e-02,4.522165e-02,2.611923e+02
4.933333e+01,9.322789e-01,1.336601e-03,2.071731e-02,4.566719e-02,2.542764e+02
4.950000e+01,9.322789e-01,1.336601e-03,2.027178e-02,4.611272e-02,2.477542e+02
4.966667e+01,9.322789e-01,1.336601e-03,1.982624e-02,4.655825e-02,2.415756e+02
4.983333e+01,9.322789e-01,1.336601e-03,1.960348e-02,4.678102e-02,2.357315e+02
5.000000e+01,9.322789e-01,1.336601e-03,1.871241e-02,4.767209e-02,2.301929e+02
5.016667e+01,9.322789e-01,1.113834e-03,1.871241e-02,4.789485e-02,2.249349e+02
5.033333e+01,9.322789e-01,1.113834e-03,1.715304e-02,4.945422e-02,2.199073e+02
5.050000e+01,9.322789e-01,8.910671e-04,1.715304e-02,4.967699e-02,2.151234e+02
5.066667e+01,9.322789e-01,8.910671e-04,1.693027e-02,4.989975e-02,1.988027e+02
5.083333e+01,9.322789e-01,8.910671e-04,1.670751e-02,5.012252e-02,1.838632e+02
5.100000e+01,9.322789e-01,6.683003e-04,1.670751e-02,5.034529e-02,1.701832e+02
5.116667e+01,9.322789e-01,6.683003e-04,1.648474e-02,5.056806e-02,1.576550e+02
5.133333e+01,9.322789e-01,4.455335e-04,1.670751e-02,5.056806e-02,1.461803e+02
5.150000e+01,9.322789e-01,4.455335e-04,1.670751e-02,5.056806e-02,1.351171e+02
5.166667e+01,9.322789e-01,4.455335e-04,1.670751e-02,5.056806e-02,1.367120e+02
5.183333e+01,9.322789e-01,4.455335e-04,1.648474e-02,5.079082e-02,1.379798e+02
5.200000e+01,9.322789e-01,4.455335e-04,1.648474e-02,5.079082e-02,1.389539e+02
5.216667e+01,9.322789e-01,4.455335e-04,1.626197e-02,5.101359e-02,1.396575e+02
5.233333e+01,9.322789e-01,4.455335e-04,1.603921e-02,5.123636e-02,1.401229e+02
5.250000e+01,9.322789e-01,4.455335e-04,1.581644e-02,5.145912e-02,1.403718e+02
5.266667e+01,9.322789e-01,4.455335e-04,1.559367e-02,5.168189e-02,1.404198e+02
5.283333e+01,9.322789e-01,4.455335e-04,1.559367e-02,5.168189e-02,1.402877e+02
5.300000e+01,9.322789e-01,4.455335e-04,1.559367e-02,5.168189e-02,1.399917e+02
5.316667e+01,9.322789e-01,4.455335e-04,1.514814e-02,5.212742e-02,1.395545e+02
5.333333e+01,9.322789e-01,4.455335e-04,1.514814e-02,5.212742e-02,1.389902e+02
5.350000e+01,9.322789e-01,4.455335e-04,1.447984e-02,5.279572e-02,1.383110e+02
5.366667e+01,9.322789e-01,4.455335e-04,1.358877e-02,5.368679e-02,1.375293e+02
5.383333e+01,9.322789e-01,4.455335e-04,1.336601e-02,5.390956e-02,1.366334e+02
5.400000e+01,9.322789e-01,4.455335e-04,1.292047e-02,5.435509e-02,1.355811e+02
5.416667e+01,9.322789e-01,4.455335e-04,1.269771e-02,5.457786e-02,1.344652e+02
5.433333e+01,9.322789e-01,4.455335e-04,1.247494e-02,5.480062e-02,1.332934e+02
5.450000e+01,9.322789e-01,4.455335e-04,1.247494e-02,5.480062e-02,1.320725e+02
5.466667e+01,9.322789e-01,4.455335e-04,1.180664e-02,5.546892e-02,1.308083e+02
5.483333e+01,9.322789e-01,4.455335e-04,1.158387e-02,5.569169e-02,1.295066e+02
5.500000e+01,9.322789e-01,4.455335e-04,1.136110e-02,5.591446e-02,1.281719e+02
5.516667e+01,9.322789e-01,4.455335e-04,1.113834e-02,5.613722e-02,1.268090e+02
5.533333e+01,9.322789e-01,4.455335e-04,1.113834e-02,5.613722e-02,1.254220e+02
5.550000e+01,9.322789e-01,4.455335e-04,1.091557e-02,5.635999e-02,1.240147e+02
5.566667e+01,9.322789e-01,4.455335e-04,1.069280e-02,5.658276e-02,1.225907e+02
5.583333e+01,9.322789e-01,4.455335e-04,1.047004e-02,5.680552e-02,1.211530e+02
5.600000e+01,9.322789e-01,4.455335e-04,1.024727e-02,5.702829e-02,1.194583e+02
5.616667e+01,9.322789e-01,4.455335e-04,1.024727e-02,5.702829e-02,1.177771e+02
5.633333e+01,9.322789e-01,4.455335e-04,1.002450e-02,5.725106e-02,1.161125e+02
5.650000e+01,9.322789e-01,4.455335e-04,1.002450e-02,5.725106e-02,1.144668e+02
5.666667e+01,9.322789e-01,4.455335e-04,9.801738e-03,5.747382e-02,1.128399e+02
5.683333e+01,9.322789e-01,4.455335e-04,9.801738e-03,5.747382e-02,1.112322e+02
5.700000e+01,9.322789e-01,4.455335e-04,9.356204e-03,5.791936e-02,1.096434e+02
5.716667e+01,9.322789e-01,4.455335e-04,9.133437e-03,5.814213e-02,1.080737e+02
5.733333e+01,9.322789e-01,4.455335e-04,8.687904e-03,5.858766e-02,1.065227e+02
5.750000e+01,9.322789e-01,4.455335e-04,8.687904e-03,5.858766e-02,1.049903e+02
5.766667e+01,9.322789e-01,4.455335e-04,8.687904e-03,5.858766e-02,1.034760e+02
5.783333e+01,9.322789e-01,4.455335e-04,8.687904e-03,5.858766e-02,1.019801e+02
5.800000e+01,9.322789e-01,4.455335e-04,8.687904e-03,5.858766e-02,1.005025e+02
5.816667e+01,9.322789e-01,4.455335e-04,8.687904e-03,5.858766e-02,9.904283e+01
5.833333e+01,9.322789e-01,4.455335e-04,8.242370e-03,5.903319e-02,9.760102e+01
5.850000e+01,9.322789e-01,4.455335e-04,7.796837e-03,5.947873e-02,9.617686e+01
5.866667e+01,9.322789e-01,4.455335e-04,7.574070e-03,5.970149e-02,9.476993e+01
5.883333e+01,9.322789e-01,4.455335e-04,7.574070e-03,5.970149e-02,9.331081e+01
5.900000e+01,9.322789e-01,4.455335e-04,7.574070e-03,5.970149e-02,9.187599e+01
5.916667e+01,9.322789e-01,2.227668e-04,7.351303e-03,6.014703e-02,9.046504e+01
5.933333e+01,9.322789e-01,2.227668e-04,7.351303e-03,6.014703e-02,8.907731e+01
5.950000e+01,9.322789e-01,2.227668e-04,7.351303e-03,6.014703e-02,8.771072e+01
5.966667e+01,9.322789e-01,2.227668e-04,7.128536e-03,6.036979e-02,8.636616e+01
5.983333e+01,9.322789e-01,2.227668e-04,7.128536e-03,6.036979e-02,8.504302e+01
6.000000e+01,9.322789e-01,2.227668e-04,7.128536e-03,6.036979e-02,8.371912e+01
6.016667e+01,9.322789e-01,2.227668e-04,6.905770e-03,6.059256e-02,8.241771e+01
6.033333e+01,9.322789e-01,2.227668e-04,6.905770e-03,6.059256e-02,8.113805e+01
6.050000e+01,9.322789e-01,2.227668e-04,6.683003e-03,6.081533e-02,7.987934e+01
6.066667e+01,9.322789e-01,2.227668e-04,6.683003e-03,6.081533e-02,7.864108e+01
6.083333e+01,9.322789e-01,2.227668e-04,6.460236e-03,6.103809e-02,7.742258e+01
6.100000e+01,9.322789e-01,2.227668e-04,6.237469e-03,6.126086e-02,7.622342e+01
6.116667e+01,9.322789e-01,2.227668e-04,5.791936e-03,6.170639e-02,7.504301e+01
6.133333e+01,9.322789e-01,2.227668e-04,5.791936e-03,6.170639e-02,7.388088e+01
6.150000e+01,9.322789e-01,2.227668e-04,5.569169e-03,6.192916e-02,7.273641e+01
6.166667e+01,9.322789e-01,2.227668e-04,5.123636e-03,6.237469e-02,7.160945e+01
6.183333e+01,9.322789e-01,2.227668e-04,5.123636e-03,6.237469e-02,7.049950e+01
6.200000e+01,9.322789e-01,2.227668e-04,4.900869e-03,6.259746e-02,6.940026e+01
6.216667e+01,9.322789e-01,2.227668e-04,4.900869e-03,6.259746e-02,6.831799e+01
6.233333e+01,9.322789e-01,2.227668e-04,4.678102e-03,6.282023e-02,6.725221e+01
6.250000e+01,9.322789e-01,2.227668e-04,4.455335e-03,6.304299e-02,6.620262e+01
6.266667e+01,9.320561e-01,4.455335e-04,4.232569e-03,6.326576e-02,6.516880e+01
6.283333e+01,9.320561e-01,4.455335e-04,4.232569e-03,6.326576e-02,6.415036e+01
6.300000e+01,9.320561e-01,4.455335e-04,4.232569e-03,6.326576e-02,6.289989e+01
6.316667e+01,9.320561e-01,2.227668e-04,4.232569e-03,6.348853e-02,6.169037e+01
6.333333e+01,9.320561e-01,2.227668e-04,4.232569e-03,6.348853e-02,6.051920e+01
6.350000e+01,9.320561e-01,2.227668e-04,3.787035e-03,6.393406e-02,5.938403e+01
6.366667e+01,9.320561e-01,2.227668e-04,3.787035e-03,6.393406e-02,5.828256e+01
6.383333e+01,9.320561e-01,2.227668e-04,3.564268e-03,6.415683e-02,5.721262e+01
6.400000e+01,9.320561e-01,2.227668e-04,3.341501e-03,6.437959e-02,5.617251e+01
6.416667e+01,9.320561e-01,2.227668e-04,3.341501e-03,6.437959e-02,5.516045e+01
6.433333e+01,9.320561e-01,2.227668e-04,3.341501e-03,6.437959e-02,5.417488e+01
6.450000e+01,9.320561e-01,2.227668e-04,3.341501e-03,6.437959e-02,5.321443e+01
6.466667e+01,9.320561e-01,2.227668e-04,3.341501e-03,6.437959e-02,5.227778e+01
6.483333e+01,9.320561e-01,2.227668e-04,3.118735e-03,6.460236e-02,5.136370e+01
6.500000e+01,9.320561e-01,2.227668e-04,2.895968e-03,6.482513e-02,5.047108e+01
6.516667e+01,9.320561e-01,2.227668e-04,2.895968e-03,6.482513e-02,4.959873e+01
6.533333e+01,9.320561e-01,2.227668e-04,2.450434e-03,6.527066e-02,4.874580e+01
6.550000e+01,9.320561e-01,2.227668e-04,2.227668e-03,6.549343e-02,4.791145e+01
6.566667e+01,9.320561e-01,2.227668e-04,2.227668e-03,6.549343e-02,4.709475e+01
6.583333e+01,9.320561e-01,2.227668e-04,2.227668e-03,6.549343e-02,4.629496e+01
6.600000e+01,9.320561e-01,2.227668e-04,2.227668e-03,6.549343e-02,4.551152e+01
6.616667e+01,9.320561e-01,2.227668e-04,2.227668e-03,6.549343e-02,4.474377e+01
6.633333e+01,9.320561e-01,2.227668e-04,2.227668e-03,6.549343e-02,4.399113e+01
6.650000e+01,9.320561e-01,2.227668e-04,2.227668e-03,6.549343e-02,4.325303e+01
6.666667e+01,9.320561e-01,2.227668e-04,2.227668e-03,6.549343e-02,4.252895e+01
6.683333e+01,9.320561e-01,2.227668e-04,2.227668e-03,6.549343e-02,4.181842e+01
6.700000e+01,9.320561e-01,2.227668e-04,2.227668e-03,6.549343e-02,4.112097e+01
6.716667e+01,9.320561e-01,2.227668e-04,2.227668e-03,6.549343e-02,4.043620e+01
6.733333e+01,9.320561e-01,2.227668e-04,2.227668e-03,6.549343e-02,3.976370e+01
6.750000e+01,9.320561e-01,2.227668e-04,2.227668e-03,6.549343e-02,3.910312e+01
6.766667e+01,9.320561e-01,2.227668e-04,2.227668e-03,6.549343e-02,3.845411e+01
6.783333e+01,9.320561e-01,2.227668e-04,1.782134e-03,6.593896e-02,3.781635e+01
6.800000e+01,9.320561e-01,2.227668e-04,1.782134e-03,6.593896e-02,3.718954e+01
6.816667e+01,9.320561e-01,2.227668e-04,1.559367e-03,6.616173e-02,3.657326e+01
6.833333e+01,9.320561e-01,2.227668e-04,1.559367e-03,6.616173e-02,3.596738e+01
6.850000e+01,9.320561e-01,2.227668e-04,1.559367e-03,6.616173e-02,3.537160e+01
6.866667e+01,9.320561e-01,2.227668e-04,1.559367e-03,6.616173e-02,3.478575e+01
6.883333e+01,9.320561e-01,2.227668e-04,1.559367e-03,6.616173e-02,3.420958e+01
6.900000e+01,9.320561e-01,2.227668e-04,1.559367e-03,6.616173e-02,3.364289e+01
6.916667e+01,9.320561e-01,2.227668e-04,1.559367e-03,6.616173e-02,3.308547e+01
6.933333e+01,9.320561e-01,2.227668e-04,1.559367e-03,6.616173e-02,3.253712e+01
6.950000e+01,9.320561e-01,0.000000e+00,1.782134e-03,6.616173e-02,3.199766e+01
6.966667e+01,9.320561e-01,0.000000e+00,1.782134e-03,6.616173e-02,3.146691e+01
6.983333e+01,9.320561e-01,0.000000e+00,1.782134e-03,6.616173e-02,3.094559e+01
7.000000e+01,9.320561e-01,0.000000e+00,1.782134e-03,6.616173e-02,3.043254e+01
7.016667e+01,9.320561e-01,0.000000e+00,1.782134e-03,6.616173e-02,2.992763e+01
7.033333e+01,9.320561e-01,0.000000e+00,1.782134e-03,6.616173e-02,2.943070e+01
7.050000e+01,9.320561e-01,0.000000e+00,1.782134e-03,6.616173e-02,2.894161e+01
7.066667e+01,9.320561e-01,0.000000e+00,1.782134e-03,6.616173e-02,2.846024e+01
7.083333e+01,9.320561e-01,0.000000e+00,1.782134e-03,6.616173e-02,2.798645e+01
7.100000e+01,9.320561e-01,0.000000e+00,1.782134e-03,6.616173e-02,2.752013e+01
7.116667e+01,9.320561e-01,0.000000e+00,1.782134e-03,6.616173e-02,2.706114e+01
7.133333e+01,9.320561e-01,0.000000e+00,1.782134e-03,6.616173e-02,2.660937e+01
7.150000e+01,9.320561e-01,0.000000e+00,1.782134e-03,6.616173e-02,2.616470e+01
7.166667e+01,9.320561e-01,0.000000e+00,1.782134e-03,6.616173e-02,2.572703e+01
7.183333e+01,9.320561e-01,0.000000e+00,1.782134e-03,6.616173e-02,2.529623e+01
7.200000e+01,9.320561e-01,0.000000e+00,1.782134e-03,6.616173e-02,2.487222e+01
7.216667e+01,9.320561e-01,0.000000e+00,1.782134e-03,6.616173e-02,2.445487e+01
7.233333e+01,9.320561e-01,0.000000e+00,1.782134e-03,6.616173e-02,2.404409e+01
7.250000e+01,9.320561e-01,0.000000e+00,1.782134e-03,6.616173e-02,2.363978e+01
7.266667e+01,9.320561e-01,0.000000e+00,1.559367e-03,6.638450e-02,2.324184e+01
7.283333e+01,9.320561e-01,0.000000e+00,1.336601e-03,6.660726e-02,2.285018e+01
7.300000e+01,9.320561e-01,0.000000e+00,1.336601e-03,6.660726e-02,2.246464e+01
7.316667e+01,9.320561e-01,0.000000e+00,1.336601e-03,6.660726e-02,2.208516e+01
7.333333e+01,9.320561e-01,0.000000e+00,1.336601e-03,6.660726e-02,2.171168e+01
7.350000e+01,9.320561e-01,0.000000e+00,1.113834e-03,6.683003e-02,2.134412e+01
7.366667e+01,9.320561e-01,0.000000e+00,8.910671e-04,6.705280e-02,2.098239e+01
7.383333e+01,9.320561e-01,0.000000e+00,8.910671e-04,6.705280e-02,1.915605e+01
7.400000e+01,9.320561e-01,0.000000e+00,8.910671e-04,6.705280e-02,1.748867e+01
7.416667e+01,9.320561e-01,0.000000e+00,8.910671e-04,6.705280e-02,1.596647e+01
7.433333e+01,9.320561e-01,0.000000e+00,8.910671e-04,6.705280e-02,1.457680e+01
7.450000e+01,9.320561e-01,0.000000e+00,8.910671e-04,6.705280e-02,1.330812e+01
7.466667e+01,9.320561e-01,0.000000e+00,8.910671e-04,6.705280e-02,1.214991e+01
7.483333e+01,9.320561e-01,0.000000e+00,8.910671e-04,6.705280e-02,1.109253e+01
7.500000e+01,9.320561e-01,0.000000e+00,8.910671e-04,6.705280e-02,1.012721e+01
7.516667e+01,9.320561e-01,0.000000e+00,8.910671e-04,6.705280e-02,9.245929e+00
7.533333e+01,9.320561e-01,0.000000e+00,8.910671e-04,6.705280e-02,8.441377e+00
7.550000e+01,9.320561e-01,0.000000e+00,8.910671e-04,6.705280e-02,7.706870e+00
7.566667e+01,9.318334e-01,2.227668e-04,8.910671e-04,6.705280e-02,7.036309e+00
7.583333e+01,9.318334e-01,2.227668e-04,8.910671e-04,6.705280e-02,6.424126e+00
7.600000e+01,9.318334e-01,2.227668e-04,8.910671e-04,6.705280e-02,5.865238e+00
7.616667e+01,9.318334e-01,2.227668e-04,8.910671e-04,6.705280e-02,5.355004e+00
7.633333e+01,9.318334e-01,2.227668e-04,8.910671e-04,6.705280e-02,4.889188e+00
7.650000e+01,9.318334e-01,2.227668e-04,8.910671e-04,6.705280e-02,4.463923e+00
7.666667e+01,9.318334e-01,2.227668e-04,8.910671e-04,6.705280e-02,4.075678e+00
7.683333e+01,9.318334e-01,2.227668e-04,8.910671e-04,6.705280e-02,3.721229e+00
7.700000e+01,9.318334e-01,2.227668e-04,8.910671e-04,6.705280e-02,3.397634e+00
7.716667e+01,9.318334e-01,2.227668e-04,8.910671e-04,6.705280e-02,3.102206e+00
7.733333e+01,9.318334e-01,2.227668e-04,8.910671e-04,6.705280e-02,2.832493e+00
7.750000e+01,9.318334e-01,2.227668e-04,8.910671e-04,6.705280e-02,2.586257e+00
7.766667e+01,9.318334e-01,2.227668e-04,8.910671e-04,6.705280e-02,2.361452e+00
7.783333e+01,9.318334e-01,2.227668e-04,8.910671e-04,6.705280e-02,2.156213e+00
7.800000e+01,9.318334e-01,2.227668e-04,8.910671e-04,6.705280e-02,1.968837e+00
7.816667e+01,9.318334e-01,2.227668e-04,8.910671e-04,6.705280e-02,1.797768e+00
7.833333e+01,9.318334e-01,2.227668e-04,8.910671e-04,6.705280e-02,1.641587e+00
7.850000e+01,9.318334e-01,2.227668e-04,8.910671e-04,6.705280e-02,1.498997e+00
7.866667e+01,9.318334e-01,0.000000e+00,1.113834e-03,6.705280e-02,1.368815e+00
7.883333e+01,9.318334e-01,0.000000e+00,1.113834e-03,6.705280e-02,1.249961e+00
7.900000e+01,9.318334e-01,0.000000e+00,1.113834e-03,6.705280e-02,1.142877e+00
7.916667e+01,9.318334e-01,0.000000e+00,1.113834e-03,6.705280e-02,1.045075e+00
7.933333e+01,9.318334e-01,0.000000e+00,1.113834e-03,6.705280e-02,9.557484e-01
7.950000e+01,9.318334e-01,0.000000e+00,1.113834e-03,6.705280e-02,8.741599e-01
7.966667e+01,9.318334e-01,0.000000e+00,1.113834e-03,6.705280e-02,7.996368e-01
7.983333e+01,9.318334e-01,0.000000e+00,1.113834e-03,6.705280e-02,7.315646e-01
