Time,U,I1,I2,D,Ve
0.000000e+00,9.997772e-01,2.227668e-04,0.000000e+00,0.000000e+00,0.000000e+00
1.666667e-01,9.997772e-01,2.227668e-04,0.000000e+00,0.000000e+00,0.000000e+00
3.333333e-01,9.997772e-01,2.227668e-04,0.000000e+00,0.000000e+00,0.000000e+00
5.000000e-01,9.997772e-01,2.227668e-04,0.000000e+00,0.000000e+00,0.000000e+00
6.666667e-01,9.997772e-01,2.227668e-04,0.000000e+00,0.000000e+00,0.000000e+00
8.333333e-01,9.997772e-01,2.227668e-04,0.000000e+00,0.000000e+00,0.000000e+00
1.000000e+00,9.997772e-01,2.227668e-04,0.000000e+00,0.000000e+00,0.000000e+00
1.166667e+00,9.997772e-01,2.227668e-04,0.000000e+00,0.000000e+00,0.000000e+00
1.333333e+00,9.997772e-01,2.227668e-04,0.000000e+00,0.000000e+00,0.000000e+00
1.500000e+00,9.997772e-01,2.227668e-04,0.000000e+00,0.000000e+00,0.000000e+00
1.666667e+00,9.997772e-01,2.227668e-04,0.000000e+00,0.000000e+00,0.000000e+00
1.833333e+00,9.997772e-01,2.227668e-04,0.000000e+00,0.000000e+00,0.000000e+00
2.000000e+00,9.997772e-01,2.227668e-04,0.000000e+00,0.000000e+00,0.000000e+00
2.166667e+00,9.997772e-01,2.227668e-04,0.000000e+00,0.000000e+00,0.000000e+00
2.333333e+00,9.997772e-01,2.227668e-04,0.000000e+00,0.000000e+00,0.000000e+00
2.500000e+00,9.997772e-01,2.227668e-04,0.000000e+00,0.000000e+00,0.000000e+00
2.666667e+00,9.997772e-01,2.227668e-04,0.000000e+00,0.000000e+00,0.000000e+00
2.833333e+00,9.997772e-01,2.227668e-04,0.000000e+00,0.000000e+00,0.000000e+00
3.000000e+00,9.997772e-01,2.227668e-04,0.000000e+00,0.000000e+00,0.000000e+00
3.166667e+00,9.997772e-01,2.227668e-04,0.000000e+00,0.000000e+00,0.000000e+00
3.333333e+00,9.997772e-01,2.227668e-04,0.000000e+00,0.000000e+00,0.000000e+00
3.500000e+00,9.997772e-01,2.227668e-04,0.000000e+00,0.000000e+00,0.000000e+00
3.666667e+00,9.997772e-01,2.227668e-04,0.000000e+00,0.000000e+00,0.000000e+00
3.833333e+00,9.997772e-01,2.227668e-04,0.000000e+00,0.000000e+00,0.000000e+00
4.000000e+00,9.997772e-01,2.227668e-04,0.000000e+00,0.000000e+00,0.000000e+00
4.166667e+00,9.997772e-01,2.227668e-04,0.000000e+00,0.000000e+00,0.000000e+00
4.333333e+00,9.997772e-01,2.227668e-04,0.000000e+00,0.000000e+00,0.000000e+00
4.500000e+00,9.997772e-01,2.227668e-04,0.000000e+00,0.000000e+00,0.000000e+00
4.666667e+00,9.997772e-01,0.000000e+00,2.227668e-04,0.000000e+00,0.000000e+00
4.833333e+00,9.997772e-01,0.000000e+00,2.227668e-04,0.000000e+00,0.000000e+00
5.000000e+00,9.997772e-01,0.000000e+00,2.227668e-04,0.000000e+00,1.454403e+00
5.166667e+00,9.997772e-01,0.000000e+00,2.227668e-04,0.000000e+00,3.143893e+00
5.333333e+00,9.997772e-01,0.000000e+00,2.227668e-04,0.000000e+00,5.137698e+00
5.500000e+00,9.997772e-01,0.000000e+00,2.227668e-04,0.000000e+00,7.521156e+00
5.666667e+00,9.997772e-01,0.000000e+00,2.227668e-04,0.000000e+00,1.039974e+01
5.833333e+00,9.997772e-01,0.000000e+00,2.227668e-04,0.000000e+00,1.390407e+01
6.000000e+00,9.997772e-01,0.000000e+00,2.227668e-04,0.000000e+00,1.819606e+01
6.166667e+00,9.997772e-01,0.000000e+00,2.227668e-04,0.000000e+00,2.347661e+01
6.333333e+00,9.997772e-01,0.000000e+00,2.227668e-04,0.000000e+00,2.999513e+01
6.500000e+00,9.997772e-01,0.000000e+00,2.227668e-04,0.000000e+00,3.806122e+01
6.666667e+00,9.997772e-01,0.000000e+00,2.227668e-04,0.000000e+00,4.805926e+01
6.833333e+00,9.997772e-01,0.000000e+00,2.227668e-04,0.000000e+00,6.046631e+01
7.000000e+00,9.997772e-01,0.000000e+00,2.227668e-04,0.000000e+00,7.587426e+01
7.166667e+00,9.997772e-01,0.000000e+00,2.227668e-04,0.000000e+00,9.501705e+01
7.333333e+00,9.995545e-01,2.227668e-04,2.227668e-04,0.000000e+00,1.188042e+02
7.500000e+00,9.995545e-01,2.227668e-04,2.227668e-04,0.000000e+00,1.483621e+02
7.666667e+00,9.995545e-01,2.227668e-04,2.227668e-04,0.000000e+00,1.850841e+02
7.833333e+00,9.993317e-01,4.455335e-04,2.227668e-04,0.000000e+00,2.306924e+02
8.000000e+00,9.993317e-01,4.455335e-04,2.227668e-04,0.000000e+00,2.873132e+02
8.166667e+00,9.993317e-01,4.455335e-04,2.227668e-04,0.000000e+00,3.575680e+02
8.333333e+00,9.991089e-01,6.683003e-04,2.227668e-04,0.000000e+00,4.446842e+02
8.500000e+00,9.986634e-01,1.113834e-03,2.227668e-04,0.000000e+00,5.526291e+02
8.666667e+00,9.984406e-01,1.336601e-03,2.227668e-04,0.000000e+00,6.862704e+02
8.833333e+00,9.977723e-01,2.004901e-03,2.227668e-04,0.000000e+00,8.515678e+02
9.000000e+00,9.975496e-01,2.227668e-03,2.227668e-04,0.000000e+00,1.055802e+03
9.166667e+00,9.971040e-01,2.673201e-03,2.227668e-04,0.000000e+00,1.307845e+03
9.333333e+00,9.968813e-01,2.895968e-03,2.227668e-04,0.000000e+00,1.618473e+03
9.500000e+00,9.959902e-01,3.564268e-03,4.455335e-04,0.000000e+00,2.000733e+03
9.666667e+00,9.953219e-01,4.232569e-03,4.455335e-04,0.000000e+00,2.470365e+03
9.833333e+00,9.948764e-01,4.678102e-03,4.455335e-04,0.000000e+00,3.046271e+03
1.000000e+01,9.946536e-01,4.900869e-03,4.455335e-04,0.000000e+00,3.751034e+03
1.016667e+01,9.942081e-01,5.346402e-03,4.455335e-04,0.000000e+00,4.611486e+03
1.033333e+01,9.933170e-01,6.237469e-03,4.455335e-04,0.000000e+00,5.659298e+03
1.050000e+01,9.924259e-01,7.128536e-03,4.455335e-04,0.000000e+00,6.931569e+03
1.066667e+01,9.917576e-01,7.574070e-03,6.683003e-04,0.000000e+00,8.471373e+03
1.083333e+01,9.910893e-01,8.019603e-03,8.910671e-04,0.000000e+00,1.032821e+04
1.100000e+01,9.904210e-01,8.242370e-03,1.336601e-03,0.000000e+00,1.255830e+04
1.116667e+01,9.899755e-01,8.465137e-03,1.559367e-03,0.000000e+00,1.522455e+04
1.133333e+01,9.893072e-01,8.687904e-03,2.004901e-03,0.000000e+00,1.839623e+04
1.150000e+01,9.888617e-01,8.242370e-03,2.895968e-03,0.000000e+00,2.214807e+04
1.166667e+01,9.886389e-01,7.796837e-03,3.564268e-03,0.000000e+00,2.655880e+04
1.183333e+01,9.875251e-01,8.910671e-03,3.564268e-03,0.000000e+00,3.170877e+04
1.200000e+01,9.870795e-01,9.133437e-03,3.787035e-03,0.000000e+00,3.767716e+04
1.216667e+01,9.864112e-01,9.578971e-03,4.009802e-03,0.000000e+00,4.453748e+04
1.233333e+01,9.855202e-01,1.024727e-02,4.232569e-03,0.000000e+00,5.235348e+04
1.250000e+01,9.841836e-01,1.136110e-02,4.455335e-03,0.000000e+00,6.117395e+04
1.266667e+01,9.835153e-01,1.136110e-02,5.123636e-03,0.000000e+00,7.102749e+04
1.283333e+01,9.826242e-01,1.202941e-02,5.346402e-03,0.000000e+00,8.191727e+04
1.300000e+01,9.826242e-01,1.091557e-02,6.460236e-03,0.000000e+00,9.381753e+04
1.316667e+01,9.819559e-01,1.158387e-02,6.460236e-03,0.000000e+00,1.066703e+05
1.333333e+01,9.810648e-01,1.247494e-02,6.460236e-03,0.000000e+00,1.203854e+05
1.350000e+01,9.803965e-01,1.314324e-02,6.460236e-03,0.000000e+00,1.348406e+05
1.366667e+01,9.797282e-01,1.314324e-02,7.128536e-03,0.000000e+00,1.498861e+05
1.383333e+01,9.790599e-01,1.381154e-02,7.128536e-03,0.000000e+00,1.653496e+05
1.400000e+01,9.783916e-01,1.403431e-02,7.574070e-03,0.000000e+00,1.810435e+05
1.416667e+01,9.779461e-01,1.381154e-02,8.242370e-03,0.000000e+00,1.967721e+05
1.433333e+01,9.772778e-01,1.403431e-02,8.687904e-03,0.000000e+00,2.123404e+05
1.450000e+01,9.761640e-01,1.470261e-02,9.133437e-03,0.000000e+00,2.275602e+05
1.466667e+01,9.750501e-01,1.537091e-02,9.578971e-03,0.000000e+00,2.422575e+05
1.483333e+01,9.741591e-01,1.603921e-02,9.801738e-03,0.000000e+00,2.562778e+05
1.500000e+01,9.732680e-01,1.670751e-02,1.002450e-02,0.000000e+00,2.694894e+05
1.516667e+01,9.723769e-01,1.715304e-02,1.047004e-02,0.000000e+00,2.817842e+05
1.533333e+01,9.712631e-01,1.782134e-02,1.091557e-02,0.000000e+00,2.930789e+05
1.550000e+01,9.705948e-01,1.826687e-02,1.113834e-02,0.000000e+00,3.033147e+05
1.566667e+01,9.692582e-01,1.915794e-02,1.158387e-02,0.000000e+00,3.124554e+05
1.583333e+01,9.681444e-01,1.982624e-02,1.180664e-02,2.227668e-04,3.204847e+05
1.600000e+01,9.676988e-01,2.004901e-02,1.202941e-02,2.227668e-04,3.274044e+05
1.616667e+01,9.668078e-01,2.004901e-02,1.292047e-02,2.227668e-04,2.989420e+05
1.633333e+01,9.668078e-01,1.938071e-02,1.358877e-02,2.227668e-04,2.729626e+05
1.650000e+01,9.661395e-01,1.982624e-02,1.381154e-02,2.227668e-04,2.492502e+05
1.666667e+01,9.652484e-01,1.960348e-02,1.492537e-02,2.227668e-04,2.276076e+05
1.683333e+01,9.641346e-01,2.004901e-02,1.559367e-02,2.227668e-04,2.078549e+05
1.700000e+01,9.630207e-01,2.094008e-02,1.581644e-02,2.227668e-04,1.898276e+05
1.716667e+01,9.625752e-01,2.027178e-02,1.693027e-02,2.227668e-04,1.733845e+05
1.733333e+01,9.614613e-01,2.027178e-02,1.804411e-02,2.227668e-04,1.583807e+05
1.750000e+01,9.599020e-01,2.183114e-02,1.804411e-02,2.227668e-04,1.446904e+05
1.766667e+01,9.583426e-01,2.294498e-02,1.848964e-02,2.227668e-04,1.322015e+05
1.783333e+01,9.576743e-01,2.294498e-02,1.915794e-02,2.227668e-04,1.208075e+05
1.800000e+01,9.570060e-01,2.249944e-02,2.027178e-02,2.227668e-04,1.104133e+05
1.816667e+01,9.563377e-01,2.249944e-02,2.094008e-02,2.227668e-04,1.009324e+05
1.833333e+01,9.556694e-01,2.294498e-02,2.116284e-02,2.227668e-04,9.228501e+04
1.850000e+01,9.547783e-01,2.294498e-02,2.205391e-02,2.227668e-04,8.439895e+04
1.866667e+01,9.543328e-01,2.272221e-02,2.272221e-02,2.227668e-04,7.720851e+04
1.883333e+01,9.534417e-01,2.272221e-02,2.361328e-02,2.227668e-04,7.065250e+04
1.900000e+01,9.521051e-01,2.405881e-02,2.361328e-02,2.227668e-04,6.467612e+04
1.916667e+01,9.503230e-01,2.561818e-02,2.383604e-02,2.227668e-04,5.922863e+04
1.933333e+01,9.501002e-01,2.584094e-02,2.383604e-02,2.227668e-04,5.426393e+04
1.950000e+01,9.501002e-01,2.517264e-02,2.450434e-02,2.227668e-04,4.974000e+04
1.966667e+01,9.498775e-01,2.472711e-02,2.517264e-02,2.227668e-04,4.561843e+04
1.983333e+01,9.494319e-01,2.494988e-02,2.539541e-02,2.227668e-04,4.186416e+04
2.000000e+01,9.487636e-01,2.494988e-02,2.606371e-02,2.227668e-04,3.844518e+04
2.016667e+01,9.485409e-01,2.450434e-02,2.673201e-02,2.227668e-04,3.533221e+04
2.033333e+01,9.478726e-01,2.472711e-02,2.717755e-02,2.227668e-04,3.249896e+04
2.050000e+01,9.472043e-01,2.450434e-02,2.806861e-02,2.227668e-04,2.992056e+04
2.066667e+01,9.467587e-01,2.383604e-02,2.918245e-02,2.227668e-04,2.757471e+04
2.083333e+01,9.465360e-01,2.383604e-02,2.940521e-02,2.227668e-04,2.544111e+04
2.100000e+01,9.465360e-01,2.361328e-02,2.962798e-02,2.227668e-04,2.350128e+04
2.116667e+01,9.454221e-01,2.383604e-02,3.051905e-02,2.227668e-04,2.173795e+04
2.133333e+01,9.447538e-01,2.405881e-02,3.096458e-02,2.227668e-04,2.013724e+04
2.150000e+01,9.445311e-01,2.383604e-02,3.141011e-02,2.227668e-04,1.869481e+04
2.166667e+01,9.436400e-01,2.361328e-02,3.252395e-02,2.227668e-04,1.738651e+04
2.183333e+01,9.431945e-01,2.339051e-02,3.319225e-02,2.227668e-04,1.619936e+04
2.200000e+01,9.425262e-01,2.339051e-02,3.386055e-02,2.227668e-04,1.512262e+04
2.216667e+01,9.420806e-01,2.294498e-02,3.475162e-02,2.227668e-04,1.414647e+04
2.233333e+01,9.418579e-01,2.294498e-02,3.497438e-02,2.227668e-04,1.326257e+04
2.250000e+01,9.418579e-01,2.205391e-02,3.586545e-02,2.227668e-04,1.254693e+04
2.266667e+01,9.414123e-01,2.249944e-02,3.586545e-02,2.227668e-04,1.190164e+04
2.283333e+01,9.411896e-01,2.205391e-02,3.653375e-02,2.227668e-04,1.131992e+04
2.300000e+01,9.405213e-01,2.227668e-02,3.697928e-02,2.227668e-04,1.079589e+04
2.316667e+01,9.400757e-01,2.183114e-02,3.787035e-02,2.227668e-04,1.032422e+04
2.333333e+01,9.400757e-01,2.160838e-02,3.809312e-02,2.227668e-04,9.900059e+03
2.350000e+01,9.400757e-01,2.116284e-02,3.853865e-02,2.227668e-04,9.519031e+03
2.366667e+01,9.398530e-01,2.094008e-02,3.898418e-02,2.227668e-04,9.176983e+03
2.383333e+01,9.396302e-01,2.049454e-02,3.965248e-02,2.227668e-04,8.870207e+03
2.400000e+01,9.394074e-01,1.960348e-02,4.076632e-02,2.227668e-04,8.595345e+03
2.416667e+01,9.391847e-01,1.938071e-02,4.121185e-02,2.227668e-04,8.349294e+03
2.433333e+01,9.387391e-01,1.915794e-02,4.188015e-02,2.227668e-04,8.129354e+03
2.450000e+01,9.382936e-01,1.826687e-02,4.321675e-02,2.227668e-04,7.932804e+03
2.466667e+01,9.376253e-01,1.759857e-02,4.455335e-02,2.227668e-04,7.757305e+03
2.483333e+01,9.374025e-01,1.759857e-02,4.477612e-02,2.227668e-04,7.601053e+03
2.500000e+01,9.367342e-01,1.804411e-02,4.499889e-02,2.227668e-04,7.461792e+03
2.516667e+01,9.362887e-01,1.804411e-02,4.544442e-02,2.227668e-04,7.337679e+03
2.533333e+01,9.362887e-01,1.759857e-02,4.588995e-02,2.227668e-04,7.227106e+03
2.550000e+01,9.358432e-01,1.759857e-02,4.633549e-02,2.227668e-04,7.128601e+03
2.566667e+01,9.356204e-01,1.737581e-02,4.678102e-02,2.227668e-04,7.040829e+03
2.583333e+01,9.356204e-01,1.737581e-02,4.678102e-02,2.227668e-04,6.962575e+03
2.600000e+01,9.356204e-01,1.715304e-02,4.700379e-02,2.227668e-04,6.892768e+03
2.616667e+01,9.356204e-01,1.670751e-02,4.744932e-02,2.227668e-04,6.830363e+03
2.633333e+01,9.353976e-01,1.693027e-02,4.744932e-02,2.227668e-04,6.774454e+03
2.650000e+01,9.349521e-01,1.715304e-02,4.767209e-02,2.227668e-04,6.724501e+03
2.666667e+01,9.349521e-01,1.670751e-02,4.811762e-02,2.227668e-04,6.679446e+03
2.683333e+01,9.349521e-01,1.648474e-02,4.834039e-02,2.227668e-04,6.638619e+03
2.700000e+01,9.349521e-01,1.603921e-02,4.878592e-02,2.227668e-04,6.601610e+03
2.716667e+01,9.347293e-01,1.603921e-02,4.900869e-02,2.227668e-04,6.567656e+03
2.733333e+01,9.347293e-01,1.559367e-02,4.945422e-02,2.227668e-04,6.536267e+03
2.750000e+01,9.347293e-01,1.492537e-02,5.012252e-02,2.227668e-04,6.507002e+03
2.766667e+01,9.347293e-01,1.492537e-02,5.012252e-02,2.227668e-04,6.479623e+03
2.783333e+01,9.347293e-01,1.381154e-02,5.123636e-02,2.227668e-04,6.483150e+03
2.800000e+01,9.347293e-01,1.314324e-02,5.190466e-02,2.227668e-04,6.485041e+03
2.816667e+01,9.347293e-01,1.269771e-02,5.235019e-02,2.227668e-04,6.491250e+03
2.833333e+01,9.347293e-01,1.269771e-02,5.235019e-02,2.227668e-04,6.496358e+03
2.850000e+01,9.347293e-01,1.225217e-02,5.279572e-02,2.227668e-04,6.499267e+03
2.866667e+01,9.347293e-01,1.158387e-02,5.346402e-02,2.227668e-04,6.499777e+03
2.883333e+01,9.347293e-01,1.113834e-02,5.390956e-02,2.227668e-04,6.497921e+03
2.900000e+01,9.347293e-01,1.069280e-02,5.435509e-02,2.227668e-04,6.494190e+03
2.916667e+01,9.340610e-01,1.113834e-02,5.457786e-02,2.227668e-04,6.488168e+03
2.933333e+01,9.340610e-01,1.002450e-02,5.569169e-02,2.227668e-04,6.479846e+03
2.950000e+01,9.340610e-01,9.801738e-03,5.591446e-02,2.227668e-04,6.469271e+03
2.966667e+01,9.340610e-01,9.801738e-03,5.591446e-02,2.227668e-04,6.456660e+03
2.983333e+01,9.340610e-01,9.356204e-03,5.635999e-02,2.227668e-04,6.441879e+03
3.000000e+01,9.340610e-01,8.687904e-03,5.702829e-02,2.227668e-04,6.424980e+03
3.016667e+01,9.340610e-01,8.687904e-03,5.702829e-02,2.227668e-04,6.406040e+03
3.033333e+01,9.338383e-01,8.687904e-03,5.725106e-02,2.227668e-04,6.385104e+03
3.050000e+01,9.338383e-01,8.242370e-03,5.769659e-02,2.227668e-04,6.362222e+03
3.066667e+01,9.338383e-01,8.242370e-03,5.769659e-02,2.227668e-04,6.337473e+03
3.083333e+01,9.338383e-01,8.242370e-03,5.769659e-02,2.227668e-04,6.311007e+03
3.100000e+01,9.338383e-01,8.242370e-03,5.769659e-02,2.227668e-04,6.282762e+03
3.116667e+01,9.333927e-01,8.242370e-03,5.814213e-02,2.227668e-04,6.252802e+03
3.133333e+01,9.331700e-01,8.465137e-03,5.814213e-02,2.227668e-04,6.221189e+03
3.150000e+01,9.329472e-01,8.465137e-03,5.836489e-02,2.227668e-04,6.187989e+03
3.166667e+01,9.329472e-01,8.465137e-03,5.836489e-02,2.227668e-04,6.153259e+03
3.183333e+01,9.327244e-01,8.687904e-03,5.836489e-02,2.227668e-04,6.117062e+03
3.200000e+01,9.327244e-01,8.242370e-03,5.881043e-02,2.227668e-04,6.079458e+03
3.216667e+01,9.327244e-01,7.796837e-03,5.903319e-02,4.455335e-04,6.040507e+03
3.233333e+01,9.327244e-01,7.574070e-03,5.925596e-02,4.455335e-04,6.005195e+03
3.250000e+01,9.327244e-01,7.128536e-03,5.970149e-02,4.455335e-04,5.959084e+03
3.266667e+01,9.325017e-01,7.351303e-03,5.970149e-02,4.455335e-04,5.918346e+03
3.283333e+01,9.325017e-01,7.128536e-03,5.970149e-02,6.683003e-04,5.876322e+03
3.300000e+01,9.325017e-01,7.128536e-03,5.925596e-02,1.113834e-03,5.833078e+03
3.316667e+01,9.325017e-01,6.683003e-03,5.947873e-02,1.336601e-03,5.787029e+03
3.333333e+01,9.325017e-01,6.237469e-03,5.992426e-02,1.336601e-03,5.736203e+03
3.350000e+01,9.325017e-01,6.014703e-03,5.992426e-02,1.559367e-03,5.681242e+03
3.366667e+01,9.325017e-01,5.791936e-03,5.992426e-02,1.782134e-03,5.626240e+03
3.383333e+01,9.325017e-01,5.569169e-03,5.992426e-02,2.004901e-03,5.569886e+03
3.400000e+01,9.325017e-01,5.569169e-03,5.992426e-02,2.004901e-03,5.511778e+03
3.416667e+01,9.325017e-01,5.569169e-03,5.970149e-02,2.227668e-03,5.452942e+03
3.433333e+01,9.325017e-01,5.346402e-03,5.992426e-02,2.227668e-03,5.394512e+03
3.450000e+01,9.322789e-01,5.346402e-03,5.992426e-02,2.450434e-03,5.333589e+03
3.466667e+01,9.322789e-01,5.346402e-03,5.992426e-02,2.450434e-03,5.273300e+03
3.483333e+01,9.322789e-01,5.346402e-03,5.970149e-02,2.673201e-03,5.213508e+03
3.500000e+01,9.322789e-01,5.123636e-03,5.970149e-02,2.895968e-03,5.154288e+03
3.516667e+01,9.322789e-01,5.123636e-03,5.970149e-02,2.895968e-03,5.095295e+03
3.533333e+01,9.322789e-01,4.455335e-03,5.992426e-02,3.341501e-03,5.025308e+03
3.550000e+01,9.322789e-01,4.232569e-03,5.992426e-02,3.564268e-03,4.956960e+03
3.566667e+01,9.322789e-01,4.232569e-03,5.947873e-02,4.009802e-03,4.882591e+03
3.583333e+01,9.322789e-01,4.232569e-03,5.903319e-02,4.455335e-03,4.809076e+03
3.600000e+01,9.322789e-01,3.787035e-03,5.925596e-02,4.678102e-03,4.724878e+03
3.616667e+01,9.322789e-01,3.564268e-03,5.925596e-02,4.900869e-03,4.642300e+03
3.633333e+01,9.322789e-01,3.341501e-03,5.947873e-02,4.900869e-03,4.562898e+03
3.650000e+01,9.322789e-01,3.341501e-03,5.903319e-02,5.346402e-03,4.480789e+03
3.666667e+01,9.320561e-01,3.564268e-03,5.836489e-02,6.014703e-03,4.402293e+03
3.683333e+01,9.318334e-01,3.564268e-03,5.836489e-02,6.237469e-03,4.325113e+03
3.700000e+01,9.318334e-01,3.564268e-03,5.814213e-02,6.460236e-03,4.228605e+03
3.716667e+01,9.318334e-01,3.564268e-03,5.747382e-02,7.128536e-03,4.135653e+03
3.733333e+01,9.318334e-01,3.564268e-03,5.725106e-02,7.351303e-03,4.047594e+03
3.750000e+01,9.318334e-01,3.564268e-03,5.702829e-02,7.574070e-03,3.956167e+03
3.766667e+01,9.318334e-01,3.564268e-03,5.702829e-02,7.574070e-03,3.869574e+03
3.783333e+01,9.318334e-01,3.564268e-03,5.658276e-02,8.019603e-03,3.787610e+03
3.800000e+01,9.318334e-01,3.341501e-03,5.635999e-02,8.465137e-03,3.709917e+03
3.816667e+01,9.318334e-01,3.341501e-03,5.591446e-02,8.910671e-03,3.635819e+03
3.833333e+01,9.318334e-01,3.341501e-03,5.502339e-02,9.801738e-03,3.565238e+03
3.850000e+01,9.318334e-01,3.341501e-03,5.457786e-02,1.024727e-02,3.497639e+03
3.866667e+01,9.318334e-01,3.341501e-03,5.413232e-02,1.069280e-02,3.429305e+03
3.883333e+01,9.318334e-01,2.895968e-03,5.435509e-02,1.091557e-02,3.364126e+03
3.900000e+01,9.318334e-01,2.895968e-03,5.435509e-02,1.091557e-02,3.301815e+03
3.916667e+01,9.318334e-01,2.895968e-03,5.413232e-02,1.113834e-02,3.242247e+03
3.933333e+01,9.318334e-01,2.895968e-03,5.346402e-02,1.180664e-02,3.185233e+03
3.950000e+01,9.318334e-01,2.895968e-03,5.324126e-02,1.202941e-02,3.041791e+03
3.966667e+01,9.318334e-01,2.895968e-03,5.235019e-02,1.292047e-02,2.907798e+03
3.983333e+01,9.318334e-01,2.895968e-03,5.168189e-02,1.358877e-02,2.782596e+03
4.000000e+01,9.318334e-01,2.895968e-03,5.079082e-02,1.447984e-02,2.649348e+03
4.016667e+01,9.318334e-01,2.673201e-03,5.079082e-02,1.470261e-02,2.525783e+03
4.033333e+01,9.318334e-01,2.673201e-03,5.034529e-02,1.514814e-02,2.409438e+03
4.050000e+01,9.318334e-01,2.673201e-03,4.923145e-02,1.626197e-02,2.301933e+03
4.066667e+01,9.318334e-01,2.673201e-03,4.878592e-02,1.670751e-02,2.202516e+03
4.083333e+01,9.318334e-01,2.227668e-03,4.834039e-02,1.759857e-02,2.110115e+03
4.100000e+01,9.318334e-01,1.782134e-03,4.834039e-02,1.804411e-02,2.024499e+03
4.116667e+01,9.318334e-01,1.782134e-03,4.811762e-02,1.826687e-02,1.945063e+03
4.133333e+01,9.318334e-01,1.559367e-03,4.789485e-02,1.871241e-02,1.871266e+03
4.150000e+01,9.318334e-01,1.559367e-03,4.633549e-02,2.027178e-02,1.802696e+03
4.166667e+01,9.318334e-01,1.559367e-03,4.611272e-02,2.049454e-02,1.738890e+03
4.183333e+01,9.318334e-01,1.559367e-03,4.499889e-02,2.160838e-02,1.661268e+03
4.200000e+01,9.318334e-01,1.559367e-03,4.477612e-02,2.183114e-02,1.589487e+03
4.216667e+01,9.318334e-01,1.559367e-03,4.433059e-02,2.227668e-02,1.523007e+03
4.233333e+01,9.318334e-01,1.559367e-03,4.321675e-02,2.339051e-02,1.461451e+03
4.250000e+01,9.318334e-01,1.336601e-03,4.321675e-02,2.361328e-02,1.404412e+03
4.266667e+01,9.318334e-01,1.336601e-03,4.299399e-02,2.383604e-02,1.351130e+03
4.283333e+01,9.318334e-01,1.336601e-03,4.232569e-02,2.450434e-02,1.301671e+03
4.300000e+01,9.318334e-01,1.336601e-03,4.188015e-02,2.494988e-02,1.255701e+03
4.316667e+01,9.318334e-01,1.336601e-03,4.076632e-02,2.606371e-02,1.210227e+03
4.333333e+01,9.318334e-01,1.336601e-03,4.054355e-02,2.628648e-02,1.167928e+03
4.350000e+01,9.318334e-01,1.336601e-03,3.987525e-02,2.695478e-02,1.128526e+03
4.366667e+01,9.318334e-01,1.336601e-03,3.965248e-02,2.717755e-02,1.091797e+03
4.383333e+01,9.318334e-01,1.336601e-03,3.898418e-02,2.784585e-02,1.057431e+03
4.400000e+01,9.318334e-01,1.336601e-03,3.809312e-02,2.873691e-02,1.025243e+03
4.416667e+01,9.318334e-01,1.336601e-03,3.787035e-02,2.895968e-02,9.950863e+02
4.433333e+01,9.318334e-01,1.336601e-03,3.742482e-02,2.940521e-02,9.668026e+02
4.450000e+01,9.318334e-01,1.113834e-03,3.742482e-02,2.962798e-02,9.402535e+02
4.466667e+01,9.318334e-01,1.113834e-03,3.720205e-02,2.985075e-02,9.152612e+02
4.483333e+01,9.318334e-01,8.910671e-04,3.720205e-02,3.007351e-02,8.917246e+02
4.500000e+01,9.318334e-01,8.910671e-04,3.675652e-02,3.051905e-02,8.695262e+02
4.516667e+01,9.318334e-01,8.910671e-04,3.586545e-02,3.141011e-02,8.485570e+02
4.533333e+01,9.318334e-01,8.910671e-04,3.541992e-02,3.185565e-02,8.287092e+02
4.550000e+01,9.318334e-01,6.683003e-04,3.564268e-02,3.185565e-02,8.098909e+02
4.566667e+01,9.318334e-01,6.683003e-04,3.541992e-02,3.207841e-02,7.920207e+02
4.583333e+01,9.318334e-01,6.683003e-04,3.519715e-02,3.230118e-02,7.750233e+02
4.600000e+01,9.318334e-01,6.683003e-04,3.408331e-02,3.341501e-02,7.588197e+02
4.616667e+01,9.318334e-01,6.683003e-04,3.386055e-02,3.363778e-02,7.433490e+02
4.633333e+01,9.318334e-01,6.683003e-04,3.341501e-02,3.408331e-02,7.280615e+02
4.650000e+01,9.318334e-01,6.683003e-04,3.274671e-02,3.475162e-02,7.134502e+02
4.666667e+01,9.318334e-01,6.683003e-04,3.230118e-02,3.519715e-02,6.994606e+02
4.683333e+01,9.318334e-01,6.683003e-04,3.207841e-02,3.541992e-02,6.598531e+02
4.700000e+01,9.318334e-01,6.683003e-04,3.118735e-02,3.631098e-02,6.233459e+02
4.716667e+01,9.318334e-01,6.683003e-04,3.096458e-02,3.653375e-02,5.897150e+02
4.733333e+01,9.318334e-01,6.683003e-04,3.029628e-02,3.720205e-02,5.585158e+02
4.750000e+01,9.318334e-01,6.683003e-04,3.029628e-02,3.720205e-02,5.297453e+02
4.766667e+01,9.318334e-01,6.683003e-04,2.962798e-02,3.787035e-02,5.030972e+02
4.783333e+01,9.318334e-01,6.683003e-04,2.806861e-02,3.942972e-02,4.784927e+02
4.800000e+01,9.318334e-01,6.683003e-04,2.762308e-02,3.987525e-02,4.557553e+02
4.816667e+01,9.318334e-01,6.683003e-04,2.606371e-02,4.143462e-02,4.347210e+02
4.833333e+01,9.318334e-01,6.683003e-04,2.561818e-02,4.188015e-02,4.152499e+02
4.850000e+01,9.318334e-01,4.455335e-04,2.539541e-02,4.232569e-02,3.909786e+02
4.866667e+01,9.318334e-01,2.227668e-04,2.539541e-02,4.254845e-02,3.686443e+02
4.883333e+01,9.318334e-01,2.227668e-04,2.428158e-02,4.366229e-02,3.480812e+02
4.900000e+01,9.318334e-01,2.227668e-04,2.361328e-02,4.433059e-02,3.291233e+02
4.916667e+01,9.318334e-01,2.227668e-04,2.294498e-02,4.499889e-02,3.113951e+02
4.933333e+01,9.318334e-01,2.227668e-04,2.294498e-02,4.499889e-02,2.950437e+02
4.950000e+01,9.318334e-01,2.227668e-04,2.294498e-02,4.499889e-02,2.799437e+02
4.966667e+01,9.318334e-01,2.227668e-04,2.249944e-02,4.544442e-02,2.660018e+02
4.983333e+01,9.318334e-01,2.227668e-04,2.205391e-02,4.588995e-02,2.531190e+02
5.000000e+01,9.318334e-01,2.227668e-04,2.183114e-02,4.611272e-02,2.412037e+02
5.016667e+01,9.318334e-01,2.227668e-04,2.183114e-02,4.611272e-02,2.301737e+02
5.033333e+01,9.318334e-01,2.227668e-04,2.071731e-02,4.722655e-02,2.199540e+02
5.050000e+01,9.318334e-01,2.227668e-04,2.049454e-02,4.744932e-02,2.104759e+02
5.066667e+01,9.318334e-01,2.227668e-04,2.004901e-02,4.789485e-02,2.016688e+02
5.083333e+01,9.318334e-01,2.227668e-04,1.982624e-02,4.811762e-02,1.934829e+02
5.100000e+01,9.318334e-01,2.227668e-04,1.960348e-02,4.834039e-02,1.858388e+02
5.116667e+01,9.318334e-01,2.227668e-04,1.938071e-02,4.856315e-02,1.787189e+02
5.133333e+01,9.318334e-01,2.227668e-04,1.782134e-02,5.012252e-02,1.720792e+02
5.150000e+01,9.318334e-01,2.227668e-04,1.648474e-02,5.145912e-02,1.658796e+02
5.166667e+01,9.318334e-01,2.227668e-04,1.581644e-02,5.212742e-02,1.592333e+02
5.183333e+01,9.318334e-01,2.227668e-04,1.537091e-02,5.257296e-02,1.530412e+02
5.200000e+01,9.318334e-01,2.227668e-04,1.492537e-02,5.301849e-02,1.423060e+02
5.216667e+01,9.318334e-01,2.227668e-04,1.447984e-02,5.346402e-02,1.323011e+02
5.233333e+01,9.318334e-01,2.227668e-04,1.425707e-02,5.368679e-02,1.231279e+02
5.250000e+01,9.318334e-01,2.227668e-04,1.425707e-02,5.368679e-02,1.146543e+02
5.266667e+01,9.318334e-01,2.227668e-04,1.425707e-02,5.368679e-02,1.068574e+02
5.283333e+01,9.318334e-01,2.227668e-04,1.381154e-02,5.413232e-02,9.970416e+01
5.300000e+01,9.318334e-01,2.227668e-04,1.381154e-02,5.413232e-02,9.313903e+01
5.316667e+01,9.318334e-01,2.227668e-04,1.314324e-02,5.480062e-02,8.710991e+01
5.333333e+01,9.318334e-01,2.227668e-04,1.269771e-02,5.524616e-02,8.157196e+01
5.350000e+01,9.318334e-01,2.227668e-04,1.247494e-02,5.546892e-02,7.648170e+01
5.366667e+01,9.318334e-01,2.227668e-04,1.247494e-02,5.546892e-02,7.176278e+01
5.383333e+01,9.318334e-01,2.227668e-04,1.247494e-02,5.546892e-02,6.742268e+01
5.400000e+01,9.318334e-01,2.227668e-04,1.247494e-02,5.546892e-02,6.342907e+01
5.416667e+01,9.318334e-01,2.227668e-04,1.247494e-02,5.546892e-02,5.975221e+01
5.433333e+01,9.318334e-01,2.227668e-04,1.225217e-02,5.569169e-02,5.636493e+01
5.450000e+01,9.318334e-01,2.227668e-04,1.202941e-02,5.591446e-02,5.324243e+01
5.466667e+01,9.318334e-01,2.227668e-04,1.158387e-02,5.635999e-02,5.035612e+01
5.483333e+01,9.318334e-01,2.227668e-04,1.158387e-02,5.635999e-02,4.767470e+01
5.500000e+01,9.318334e-01,2.227668e-04,1.158387e-02,5.635999e-02,4.519647e+01
5.516667e+01,9.318334e-01,2.227668e-04,1.136110e-02,5.658276e-02,4.290589e+01
5.533333e+01,9.318334e-01,2.227668e-04,1.091557e-02,5.702829e-02,4.078701e+01
5.550000e+01,9.318334e-01,2.227668e-04,1.069280e-02,5.725106e-02,3.882510e+01
5.566667e+01,9.318334e-01,2.227668e-04,1.069280e-02,5.725106e-02,3.700593e+01
5.583333e+01,9.318334e-01,2.227668e-04,1.047004e-02,5.747382e-02,3.531825e+01
5.600000e+01,9.318334e-01,2.227668e-04,1.024727e-02,5.769659e-02,3.375134e+01
5.616667e+01,9.318334e-01,2.227668e-04,9.801738e-03,5.814213e-02,3.229484e+01
5.633333e+01,9.318334e-01,2.227668e-04,9.578971e-03,5.836489e-02,3.093960e+01
5.650000e+01,9.318334e-01,2.227668e-04,9.578971e-03,5.836489e-02,2.966224e+01
5.666667e+01,9.318334e-01,2.227668e-04,9.133437e-03,5.881043e-02,2.847115e+01
5.683333e+01,9.318334e-01,2.227668e-04,8.687904e-03,5.925596e-02,2.736010e+01
5.700000e+01,9.318334e-01,0.000000e+00,8.910671e-03,5.925596e-02,2.632231e+01
5.716667e+01,9.318334e-01,0.000000e+00,8.465137e-03,5.970149e-02,2.535190e+01
5.733333e+01,9.318334e-01,0.000000e+00,8.465137e-03,5.970149e-02,2.444413e+01
5.750000e+01,9.318334e-01,0.000000e+00,8.242370e-03,5.992426e-02,2.289374e+01
5.766667e+01,9.318334e-01,0.000000e+00,8.019603e-03,6.014703e-02,2.146848e+01
5.783333e+01,9.318334e-01,0.000000e+00,7.351303e-03,6.081533e-02,2.015662e+01
5.800000e+01,9.318334e-01,0.000000e+00,7.128536e-03,6.103809e-02,1.894918e+01
5.816667e+01,9.318334e-01,0.000000e+00,6.905770e-03,6.126086e-02,1.783693e+01
5.833333e+01,9.318334e-01,0.000000e+00,6.683003e-03,6.148363e-02,1.632733e+01
5.850000e+01,9.318334e-01,0.000000e+00,6.237469e-03,6.192916e-02,1.494831e+01
5.866667e+01,9.318334e-01,0.000000e+00,6.237469e-03,6.192916e-02,1.368851e+01
5.883333e+01,9.318334e-01,0.000000e+00,6.014703e-03,6.215193e-02,1.253430e+01
5.900000e+01,9.318334e-01,0.000000e+00,6.014703e-03,6.215193e-02,1.147991e+01
5.916667e+01,9.318334e-01,0.000000e+00,6.014703e-03,6.215193e-02,1.051645e+01
5.933333e+01,9.318334e-01,0.000000e+00,5.346402e-03,6.282023e-02,9.636230e+00
5.950000e+01,9.318334e-01,0.000000e+00,5.346402e-03,6.282023e-02,8.832020e+00
5.966667e+01,9.318334e-01,0.000000e+00,5.346402e-03,6.282023e-02,8.096519e+00
5.983333e+01,9.318334e-01,0.000000e+00,5.346402e-03,6.282023e-02,7.424457e+00
6.000000e+01,9.318334e-01,0.000000e+00,4.900869e-03,6.326576e-02,6.810320e+00
6.016667e+01,9.318334e-01,0.000000e+00,4.900869e-03,6.326576e-02,6.249073e+00
6.033333e+01,9.318334e-01,0.000000e+00,4.678102e-03,6.348853e-02,5.708079e+00
6.050000e+01,9.318334e-01,0.000000e+00,4.678102e-03,6.348853e-02,5.214131e+00
6.066667e+01,9.318334e-01,0.000000e+00,4.678102e-03,6.348853e-02,4.763051e+00
6.083333e+01,9.318334e-01,0.000000e+00,4.455335e-03,6.371129e-02,4.351190e+00
6.100000e+01,9.318334e-01,0.000000e+00,4.232569e-03,6.393406e-02,3.975136e+00
6.116667e+01,9.318334e-01,0.000000e+00,4.009802e-03,6.415683e-02,3.631705e+00
6.133333e+01,9.318334e-01,0.000000e+00,3.787035e-03,6.437959e-02,3.317926e+00
6.150000e+01,9.318334e-01,0.000000e+00,3.787035e-03,6.437959e-02,3.031355e+00
6.166667e+01,9.318334e-01,0.000000e+00,3.787035e-03,6.437959e-02,2.769596e+00
6.183333e+01,9.318334e-01,0.000000e+00,3.564268e-03,6.460236e-02,2.530587e+00
6.200000e+01,9.318334e-01,0.000000e+00,3.564268e-03,6.460236e-02,2.312346e+00
6.216667e+01,9.318334e-01,0.000000e+00,3.564268e-03,6.460236e-02,2.112987e+00
6.233333e+01,9.318334e-01,0.000000e+00,3.341501e-03,6.482513e-02,1.930947e+00
6.250000e+01,9.318334e-01,0.000000e+00,3.118735e-03,6.504789e-02,1.764720e+00
6.266667e+01,9.318334e-01,0.000000e+00,2.895968e-03,6.527066e-02,1.612846e+00
6.283333e+01,9.318334e-01,0.000000e+00,2.895968e-03,6.527066e-02,1.474092e+00
6.300000e+01,9.318334e-01,0.000000e+00,2.895968e-03,6.527066e-02,1.347175e+00
6.316667e+01,9.318334e-01,0.000000e+00,2.673201e-03,6.549343e-02,1.231281e+00
6.333333e+01,9.318334e-01,0.000000e+00,2.450434e-03,6.571620e-02,1.125451e+00
6.350000e+01,9.318334e-01,0.000000e+00,2.450434e-03,6.571620e-02,1.028677e+00
6.366667e+01,9.318334e-01,0.000000e+00,2.450434e-03,6.571620e-02,9.402394e-01
6.383333e+01,9.318334e-01,0.000000e+00,2.227668e-03,6.593896e-02,8.594793e-01
6.400000e+01,9.318334e-01,0.000000e+00,2.227668e-03,6.593896e-02,7.857287e-01
6.416667e+01,9.318334e-01,0.000000e+00,2.227668e-03,6.593896e-02,7.183225e-01
6.433333e+01,9.318334e-01,0.000000e+00,2.227668e-03,6.593896e-02,6.567651e-01
6.450000e+01,9.318334e-01,0.000000e+00,2.227668e-03,6.593896e-02,6.005477e-01
6.466667e+01,9.318334e-01,0.000000e+00,2.227668e-03,6.593896e-02,5.492058e-01
6.483333e+01,9.318334e-01,0.000000e+00,2.227668e-03,6.593896e-02,5.023150e-01
6.500000e+01,9.318334e-01,0.000000e+00,2.227668e-03,6.593896e-02,4.594883e-01
6.516667e+01,9.318334e-01,0.000000e+00,2.004901e-03,6.616173e-02,4.203721e-01
6.533333e+01,9.318334e-01,0.000000e+00,1.559367e-03,6.660726e-02,3.846436e-01
6.550000e+01,9.318334e-01,0.000000e+00,1.559367e-03,6.660726e-02,3.518245e-01
6.566667e+01,9.318334e-01,0.000000e+00,1.559367e-03,6.660726e-02,3.217494e-01
6.583333e+01,9.318334e-01,0.000000e+00,1.559367e-03,6.660726e-02,2.942816e-01
6.600000e+01,9.318334e-01,0.000000e+00,1.559367e-03,6.660726e-02,2.691943e-01
6.616667e+01,9.318334e-01,0.000000e+00,1.559367e-03,6.660726e-02,2.462805e-01
6.633333e+01,9.318334e-01,0.000000e+00,1.559367e-03,6.660726e-02,2.253512e-01
6.650000e+01,9.318334e-01,0.000000e+00,1.559367e-03,6.660726e-02,2.062336e-01
6.666667e+01,9.318334e-01,0.000000e+00,1.559367e-03,6.660726e-02,1.887703e-01
6.683333e+01,9.318334e-01,0.000000e+00,1.559367e-03,6.660726e-02,1.728175e-01
6.700000e+01,9.318334e-01,0.000000e+00,1.559367e-03,6.660726e-02,1.582438e-01
6.716667e+01,9.318334e-01,0.000000e+00,1.559367e-03,6.660726e-02,1.449293e-01
6.733333e+01,9.318334e-01,0.000000e+00,1.336601e-03,6.683003e-02,1.327645e-01
6.750000e+01,9.318334e-01,0.000000e+00,1.113834e-03,6.705280e-02,1.216496e-01
6.766667e+01,9.318334e-01,0.000000e+00,8.910671e-04,6.727556e-02,1.113905e-01
6.783333e+01,9.318334e-01,0.000000e+00,8.910671e-04,6.727556e-02,1.019679e-01
6.800000e+01,9.318334e-01,0.000000e+00,8.910671e-04,6.727556e-02,9.333641e-02
6.816667e+01,9.318334e-01,0.000000e+00,8.910671e-04,6.727556e-02,8.545139e-02
6.833333e+01,9.318334e-01,0.000000e+00,8.910671e-04,6.727556e-02,7.824798e-02
6.850000e+01,9.318334e-01,0.000000e+00,8.910671e-04,6.727556e-02,7.166692e-02
6.866667e+01,9.318334e-01,0.000000e+00,8.910671e-04,6.727556e-02,6.565411e-02
6.883333e+01,9.318334e-01,0.000000e+00,8.910671e-04,6.727556e-02,6.016018e-02
6.900000e+01,9.318334e-01,0.000000e+00,8.910671e-04,6.727556e-02,5.514002e-02
6.916667e+01,9.318334e-01,0.000000e+00,8.910671e-04,6.727556e-02,5.055249e-02
6.933333e+01,9.318334e-01,0.000000e+00,8.910671e-04,6.727556e-02,4.635998e-02
6.950000e+01,9.318334e-01,0.000000e+00,8.910671e-04,6.727556e-02,4.252820e-02
6.966667e+01,9.318334e-01,0.000000e+00,8.910671e-04,6.727556e-02,3.902582e-02
6.983333e+01,9.318334e-01,0.000000e+00,6.683003e-04,6.749833e-02,3.582423e-02
7.000000e+01,9.318334e-01,0.000000e+00,4.455335e-04,6.772110e-02,3.289734e-02
7.016667e+01,9.318334e-01,0.000000e+00,4.455335e-04,6.772110e-02,3.019022e-02
7.033333e+01,9.318334e-01,0.000000e+00,4.455335e-04,6.772110e-02,2.769575e-02
7.050000e+01,9.318334e-01,0.000000e+00,4.455335e-04,6.772110e-02,2.541576e-02
7.066667e+01,9.318334e-01,0.000000e+00,4.455335e-04,6.772110e-02,2.333164e-02
7.083333e+01,9.318334e-01,0.000000e+00,4.455335e-04,6.772110e-02,2.142637e-02
7.100000e+01,9.318334e-01,0.000000e+00,4.455335e-04,6.772110e-02,1.968444e-02
7.116667e+01,9.318334e-01,0.000000e+00,4.455335e-04,6.772110e-02,1.809167e-02
7.133333e+01,9.318334e-01,0.000000e+00,4.455335e-04,6.772110e-02,1.663513e-02
7.150000e+01,9.318334e-01,0.000000e+00,4.455335e-04,6.772110e-02,1.530299e-02
7.166667e+01,9.318334e-01,0.000000e+00,4.455335e-04,6.772110e-02,1.408447e-02
7.183333e+01,9.318334e-01,0.000000e+00,4.455335e-04,6.772110e-02,1.296973e-02
7.200000e+01,9.318334e-01,0.000000e+00,4.455335e-04,6.772110e-02,1.194977e-02
7.216667e+01,9.318334e-01,0.000000e+00,4.455335e-04,6.772110e-02,1.101638e-02
7.233333e+01,9.318334e-01,0.000000e+00,4.455335e-04,6.772110e-02,1.016207e-02
7.250000e+01,9.318334e-01,0.000000e+00,4.455335e-04,6.772110e-02,9.380002e-03
7.266667e+01,9.318334e-01,0.000000e+00,2.227668e-04,6.794386e-02,8.663917e-03
7.283333e+01,9.318334e-01,0.000000e+00,2.227668e-04,6.794386e-02,8.008116e-03
7.300000e+01,9.318334e-01,0.000000e+00,2.227668e-04,6.794386e-02,7.391642e-03
7.316667e+01,9.318334e-01,0.000000e+00,2.227668e-04,6.794386e-02,6.827199e-03
7.333333e+01,9.318334e-01,0.000000e+00,2.227668e-04,6.794386e-02,6.310288e-03
7.350000e+01,9.318334e-01,0.000000e+00,2.227668e-04,6.794386e-02,5.836801e-03
7.366667e+01,9.318334e-01,0.000000e+00,2.227668e-04,6.794386e-02,5.402989e-03
7.383333e+01,9.318334e-01,0.000000e+00,2.227668e-04,6.794386e-02,5.005426e-03
7.400000e+01,9.318334e-01,0.000000e+00,2.227668e-04,6.794386e-02,4.640986e-03
7.416667e+01,9.318334e-01,0.000000e+00,2.227668e-04,6.794386e-02,4.306813e-03
7.433333e+01,9.318334e-01,0.000000e+00,2.227668e-04,6.794386e-02,4.000301e-03
7.450000e+01,9.318334e-01,0.000000e+00,2.227668e-04,6.794386e-02,3.719069e-03
7.466667e+01,9.318334e-01,0.000000e+00,2.227668e-04,6.794386e-02,3.460944e-03
7.483333e+01,9.318334e-01,0.000000e+00,2.227668e-04,6.794386e-02,3.223940e-03
7.500000e+01,9.318334e-01,0.000000e+00,2.227668e-04,6.794386e-02,3.006245e-03
7.516667e+01,9.318334e-01,0.000000e+00,2.227668e-04,6.794386e-02,2.806203e-03
7.533333e+01,9.318334e-01,0.000000e+00,2.227668e-04,6.794386e-02,2.622304e-03
7.550000e+01,9.318334e-01,0.000000e+00,2.227668e-04,6.794386e-02,2.453166e-03
7.566667e+01,9.318334e-01,0.000000e+00,2.227668e-04,6.794386e-02,2.297529e-03
7.583333e+01,9.318334e-01,0.000000e+00,2.227668e-04,6.794386e-02,2.154241e-03
7.600000e+01,9.318334e-01,0.000000e+00,2.227668e-04,6.794386e-02,2.022252e-03
7.616667e+01,9.318334e-01,0.000000e+00,2.227668e-04,6.794386e-02,1.900600e-03
7.633333e+01,9.318334e-01,0.000000e+00,2.227668e-04,6.794386e-02,1.788408e-03
7.650000e+01,9.318334e-01,0.000000e+00,2.227668e-04,6.794386e-02,1.684876e-03
7.666667e+01,9.318334e-01,0.000000e+00,2.227668e-04,6.794386e-02,1.589270e-03
7.683333e+01,9.318334e-01,0.000000e+00,2.227668e-04,6.794386e-02,1.500923e-03
7.700000e+01,9.318334e-01,0.000000e+00,2.227668e-04,6.794386e-02,1.419224e-03
7.716667e+01,9.318334e-01,0.000000e+00,2.227668e-04,6.794386e-02,1.343614e-03
7.733333e+01,9.318334e-01,0.000000e+00,2.227668e-04,6.794386e-02,1.273585e-03
7.750000e+01,9.318334e-01,0.000000e+00,2.227668e-04,6.794386e-02,1.208670e-03
7.766667e+01,9.318334e-01,0.000000e+00,2.227668e-04,6.794386e-02,1.148443e-03
7.783333e+01,9.318334e-01,0.000000e+00,2.227668e-04,6.794386e-02,1.092516e-03
7.800000e+01,9.318334e-01,0.000000e+00,2.227668e-04,6.794386e-02,1.040533e-03
7.816667e+01,9.318334e-01,0.000000e+00,2.227668e-04,6.794386e-02,9.921693e-04
7.833333e+01,9.318334e-01,0.000000e+00,2.227668e-04,6.794386e-02,9.471284e-04
7.850000e+01,9.318334e-01,0.000000e+00,2.227668e-04,6.794386e-02,9.051386e-04
7.866667e+01,9.318334e-01,0.000000e+00,2.227668e-04,6.794386e-02,8.659519e-04
7.883333e+01,9.318334e-01,0.000000e+00,2.227668e-04,6.794386e-02,8.293413e-04
7.900000e+01,9.318334e-01,0.000000e+00,2.227668e-04,6.794386e-02,7.950996e-04
7.916667e+01,9.318334e-01,0.000000e+00,2.227668e-04,6.794386e-02,7.630370e-04
7.933333e+01,9.318334e-01,0.000000e+00,2.227668e-04,6.794386e-02,7.329806e-04
7.950000e+01,9.318334e-01,0.000000e+00,2.227668e-04,6.794386e-02,7.047717e-04
7.966667e+01,9.318334e-01,0.000000e+00,2.227668e-04,6.794386e-02,6.782649e-04
7.983333e+01,9.318334e-01,0.000000e+00,2.227668e-04,6.794386e-02,6.533272e-04
