Time,U,I1,I2,D,Ve
0.000000e+00,9.997772e-01,2.227668e-04,0.000000e+00,0.000000e+00,0.000000e+00
1.666667e-01,9.997772e-01,2.227668e-04,0.000000e+00,0.000000e+00,0.000000e+00
3.333333e-01,9.997772e-01,2.227668e-04,0.000000e+00,0.000000e+00,0.000000e+00
5.000000e-01,9.997772e-01,2.227668e-04,0.000000e+00,0.000000e+00,0.000000e+00
6.666667e-01,9.997772e-01,2.227668e-04,0.000000e+00,0.000000e+00,0.000000e+00
8.333333e-01,9.997772e-01,2.227668e-04,0.000000e+00,0.000000e+00,0.000000e+00
1.000000e+00,9.997772e-01,2.227668e-04,0.000000e+00,0.000000e+00,0.000000e+00
1.166667e+00,9.997772e-01,2.227668e-04,0.000000e+00,0.000000e+00,0.000000e+00
1.333333e+00,9.997772e-01,2.227668e-04,0.000000e+00,0.000000e+00,0.000000e+00
1.500000e+00,9.997772e-01,2.227668e-04,0.000000e+00,0.000000e+00,0.000000e+00
1.666667e+00,9.997772e-01,2.227668e-04,0.000000e+00,0.000000e+00,0.000000e+00
1.833333e+00,9.997772e-01,2.227668e-04,0.000000e+00,0.000000e+00,0.000000e+00
2.000000e+00,9.997772e-01,2.227668e-04,0.000000e+00,0.000000e+00,0.000000e+00
2.166667e+00,9.997772e-01,2.227668e-04,0.000000e+00,0.000000e+00,0.000000e+00
2.333333e+00,9.997772e-01,2.227668e-04,0.000000e+00,0.000000e+00,0.000000e+00
2.500000e+00,9.997772e-01,2.227668e-04,0.000000e+00,0.000000e+00,0.000000e+00
2.666667e+00,9.997772e-01,2.227668e-04,0.000000e+00,0.000000e+00,0.000000e+00
2.833333e+00,9.997772e-01,2.227668e-04,0.000000e+00,0.000000e+00,0.000000e+00
3.000000e+00,9.997772e-01,2.227668e-04,0.000000e+00,0.000000e+00,0.000000e+00
3.166667e+00,9.997772e-01,2.227668e-04,0.000000e+00,0.000000e+00,0.000000e+00
3.333333e+00,9.997772e-01,2.227668e-04,0.000000e+00,0.000000e+00,0.000000e+00
3.500000e+00,9.997772e-01,2.227668e-04,0.000000e+00,0.000000e+00,0.000000e+00
3.666667e+00,9.997772e-01,2.227668e-04,0.000000e+00,0.000000e+00,0.000000e+00
3.833333e+00,9.997772e-01,0.000000e+00,2.227668e-04,0.000000e+00,0.000000e+00
4.000000e+00,9.997772e-01,0.000000e+00,2.227668e-04,0.000000e+00,0.000000e+00
4.166667e+00,9.997772e-01,0.000000e+00,2.227668e-04,0.000000e+00,4.817471e-01
4.333333e+00,9.997772e-01,0.000000e+00,2.227668e-04,0.000000e+00,1.042099e+00
4.500000e+00,9.997772e-01,0.000000e+00,2.227668e-04,0.000000e+00,1.704378e+00
4.666667e+00,9.995545e-01,2.227668e-04,2.227668e-04,0.000000e+00,2.497424e+00
4.833333e+00,9.995545e-01,2.227668e-04,2.227668e-04,0.000000e+00,3.457004e+00
5.000000e+00,9.995545e-01,2.227668e-04,2.227668e-04,0.000000e+00,4.627569e+00
5.166667e+00,9.995545e-01,2.227668e-04,2.227668e-04,0.000000e+00,6.064450e+00
5.333333e+00,9.995545e-01,2.227668e-04,2.227668e-04,0.000000e+00,7.836602e+00
5.500000e+00,9.993317e-01,4.455335e-04,2.227668e-04,0.000000e+00,1.003003e+01
5.666667e+00,9.993317e-01,4.455335e-04,2.227668e-04,0.000000e+00,1.275207e+01
5.833333e+00,9.993317e-01,4.455335e-04,2.227668e-04,0.000000e+00,1.613676e+01
6.000000e+00,9.993317e-01,4.455335e-04,2.227668e-04,0.000000e+00,2.035148e+01
6.166667e+00,9.993317e-01,4.455335e-04,2.227668e-04,0.000000e+00,2.560537e+01
6.333333e+00,9.993317e-01,4.455335e-04,2.227668e-04,0.000000e+00,3.215973e+01
6.500000e+00,9.993317e-01,4.455335e-04,2.227668e-04,0.000000e+00,4.034110e+01
6.666667e+00,9.993317e-01,4.455335e-04,2.227668e-04,0.000000e+00,5.055755e+01
6.833333e+00,9.993317e-01,4.455335e-04,2.227668e-04,0.000000e+00,6.331906e+01
7.000000e+00,9.993317e-01,4.455335e-04,2.227668e-04,0.000000e+00,7.926296e+01
7.166667e+00,9.993317e-01,4.455335e-04,2.227668e-04,0.000000e+00,9.918575e+01
7.333333e+00,9.993317e-01,4.455335e-04,2.227668e-04,0.000000e+00,1.240827e+02
7.500000e+00,9.986634e-01,1.113834e-03,2.227668e-04,0.000000e+00,1.551975e+02
7.666667e+00,9.986634e-01,1.113834e-03,2.227668e-04,0.000000e+00,1.940840e+02
7.833333e+00,9.984406e-01,1.336601e-03,2.227668e-04,0.000000e+00,2.426830e+02
8.000000e+00,9.984406e-01,1.336601e-03,2.227668e-04,0.000000e+00,3.034186e+02
8.166667e+00,9.982179e-01,1.559367e-03,2.227668e-04,0.000000e+00,3.793178e+02
8.333333e+00,9.979951e-01,1.782134e-03,2.227668e-04,0.000000e+00,4.741585e+02
8.500000e+00,9.977723e-01,1.782134e-03,4.455335e-04,0.000000e+00,5.926550e+02
8.666667e+00,9.977723e-01,1.782134e-03,4.455335e-04,0.000000e+00,7.406860e+02
8.833333e+00,9.973268e-01,2.227668e-03,4.455335e-04,0.000000e+00,9.255853e+02
9.000000e+00,9.968813e-01,2.673201e-03,4.455335e-04,0.000000e+00,1.156472e+03
9.166667e+00,9.962130e-01,3.341501e-03,4.455335e-04,0.000000e+00,1.444698e+03
9.333333e+00,9.957674e-01,3.564268e-03,6.683003e-04,0.000000e+00,1.804369e+03
9.500000e+00,9.955447e-01,3.787035e-03,6.683003e-04,0.000000e+00,2.252988e+03
9.666667e+00,9.955447e-01,3.564268e-03,8.910671e-04,0.000000e+00,2.812237e+03
9.833333e+00,9.950991e-01,4.009802e-03,8.910671e-04,0.000000e+00,3.508879e+03
1.000000e+01,9.944308e-01,4.678102e-03,8.910671e-04,0.000000e+00,4.375939e+03
1.016667e+01,9.930942e-01,6.014703e-03,8.910671e-04,0.000000e+00,5.453834e+03
1.033333e+01,9.924259e-01,6.460236e-03,1.113834e-03,0.000000e+00,6.791974e+03
1.050000e+01,9.919804e-01,6.905770e-03,1.113834e-03,0.000000e+00,8.450350e+03
1.066667e+01,9.910893e-01,7.574070e-03,1.336601e-03,0.000000e+00,1.050126e+04
1.083333e+01,9.908666e-01,7.574070e-03,1.559367e-03,0.000000e+00,1.303103e+04
1.100000e+01,9.901983e-01,8.019603e-03,1.782134e-03,0.000000e+00,1.614155e+04
1.116667e+01,9.895300e-01,8.465137e-03,2.004901e-03,0.000000e+00,1.995129e+04
1.133333e+01,9.893072e-01,8.465137e-03,2.227668e-03,0.000000e+00,2.459549e+04
1.150000e+01,9.888617e-01,8.465137e-03,2.673201e-03,0.000000e+00,3.022503e+04
1.166667e+01,9.875251e-01,9.578971e-03,2.895968e-03,0.000000e+00,3.700986e+04
1.183333e+01,9.873023e-01,9.133437e-03,3.564268e-03,0.000000e+00,4.511349e+04
1.200000e+01,9.873023e-01,8.910671e-03,3.787035e-03,0.000000e+00,5.470232e+04
1.216667e+01,9.868568e-01,8.910671e-03,4.232569e-03,0.000000e+00,6.592819e+04
1.233333e+01,9.861885e-01,8.687904e-03,5.123636e-03,0.000000e+00,7.890996e+04
1.250000e+01,9.857429e-01,9.133437e-03,5.123636e-03,0.000000e+00,9.371909e+04
1.266667e+01,9.850746e-01,9.801738e-03,5.123636e-03,0.000000e+00,1.103627e+05
1.283333e+01,9.848519e-01,9.578971e-03,5.569169e-03,0.000000e+00,1.287694e+05
1.300000e+01,9.839608e-01,9.356204e-03,6.683003e-03,0.000000e+00,1.487839e+05
1.316667e+01,9.830697e-01,9.801738e-03,7.128536e-03,0.000000e+00,1.701695e+05
1.333333e+01,9.817331e-01,1.047004e-02,7.796837e-03,0.000000e+00,1.926195e+05
1.350000e+01,9.806193e-01,1.136110e-02,8.019603e-03,0.000000e+00,2.157745e+05
1.366667e+01,9.797282e-01,1.225217e-02,8.019603e-03,0.000000e+00,2.392486e+05
1.383333e+01,9.788372e-01,1.314324e-02,8.019603e-03,0.000000e+00,2.626523e+05
1.400000e+01,9.779461e-01,1.336601e-02,8.687904e-03,0.000000e+00,2.856165e+05
1.416667e+01,9.757184e-01,1.537091e-02,8.910671e-03,0.000000e+00,3.078108e+05
1.433333e+01,9.750501e-01,1.559367e-02,9.356204e-03,0.000000e+00,3.289624e+05
1.450000e+01,9.737135e-01,1.648474e-02,9.801738e-03,0.000000e+00,3.488425e+05
1.466667e+01,9.728225e-01,1.626197e-02,1.091557e-02,0.000000e+00,3.672879e+05
1.483333e+01,9.710403e-01,1.759857e-02,1.113834e-02,2.227668e-04,3.841933e+05
1.500000e+01,9.699265e-01,1.782134e-02,1.202941e-02,2.227668e-04,3.995077e+05
1.516667e+01,9.681444e-01,1.893517e-02,1.269771e-02,2.227668e-04,3.657330e+05
1.533333e+01,9.676988e-01,1.848964e-02,1.358877e-02,2.227668e-04,3.351498e+05
1.550000e+01,9.674761e-01,1.826687e-02,1.403431e-02,2.227668e-04,3.075431e+05
1.566667e+01,9.665850e-01,1.826687e-02,1.492537e-02,2.227668e-04,2.827295e+05
1.583333e+01,9.661395e-01,1.804411e-02,1.559367e-02,2.227668e-04,2.605632e+05
1.600000e+01,9.648029e-01,1.893517e-02,1.603921e-02,2.227668e-04,2.409236e+05
1.616667e+01,9.641346e-01,1.915794e-02,1.648474e-02,2.227668e-04,2.237307e+05
1.633333e+01,9.630207e-01,1.938071e-02,1.737581e-02,2.227668e-04,2.089419e+05
1.650000e+01,9.623524e-01,1.960348e-02,1.782134e-02,2.227668e-04,1.965536e+05
1.666667e+01,9.614613e-01,1.938071e-02,1.893517e-02,2.227668e-04,1.866034e+05
1.683333e+01,9.603475e-01,2.004901e-02,1.938071e-02,2.227668e-04,1.791716e+05
1.700000e+01,9.592337e-01,2.071731e-02,1.982624e-02,2.227668e-04,1.744115e+05
1.716667e+01,9.587881e-01,2.116284e-02,1.982624e-02,2.227668e-04,1.724677e+05
1.733333e+01,9.576743e-01,2.138561e-02,2.071731e-02,2.227668e-04,1.735785e+05
1.750000e+01,9.570060e-01,2.160838e-02,2.116284e-02,2.227668e-04,1.779719e+05
1.766667e+01,9.556694e-01,2.272221e-02,2.138561e-02,2.227668e-04,1.859327e+05
1.783333e+01,9.543328e-01,2.361328e-02,2.183114e-02,2.227668e-04,1.977708e+05
1.800000e+01,9.538873e-01,2.361328e-02,2.227668e-02,2.227668e-04,2.138152e+05
1.816667e+01,9.536645e-01,2.272221e-02,2.316774e-02,4.455335e-04,2.344097e+05
1.833333e+01,9.525507e-01,2.383604e-02,2.316774e-02,4.455335e-04,2.599148e+05
1.850000e+01,9.518824e-01,2.405881e-02,2.361328e-02,4.455335e-04,2.596020e+05
1.866667e+01,9.514368e-01,2.405881e-02,2.405881e-02,4.455335e-04,2.646286e+05
1.883333e+01,9.507685e-01,2.316774e-02,2.561818e-02,4.455335e-04,3.225223e+05
1.900000e+01,9.496547e-01,2.316774e-02,2.673201e-02,4.455335e-04,3.841120e+05
1.916667e+01,9.483181e-01,2.450434e-02,2.673201e-02,4.455335e-04,4.508107e+05
1.933333e+01,9.480953e-01,2.405881e-02,2.740031e-02,4.455335e-04,5.235426e+05
1.950000e+01,9.463132e-01,2.539541e-02,2.784585e-02,4.455335e-04,6.038061e+05
1.966667e+01,9.454221e-01,2.539541e-02,2.873691e-02,4.455335e-04,6.933360e+05
1.983333e+01,9.449766e-01,2.561818e-02,2.895968e-02,4.455335e-04,7.968434e+05
2.000000e+01,9.445311e-01,2.517264e-02,2.962798e-02,6.683003e-04,9.140414e+05
2.016667e+01,9.438628e-01,2.539541e-02,2.985075e-02,8.910671e-04,1.047253e+06
2.033333e+01,9.427489e-01,2.584094e-02,3.051905e-02,8.910671e-04,1.153598e+06
2.050000e+01,9.418579e-01,2.650924e-02,3.074181e-02,8.910671e-04,1.276308e+06
2.066667e+01,9.414123e-01,2.561818e-02,3.207841e-02,8.910671e-04,1.425835e+06
2.083333e+01,9.402985e-01,2.628648e-02,3.207841e-02,1.336601e-03,1.604121e+06
2.100000e+01,9.396302e-01,2.561818e-02,3.319225e-02,1.559367e-03,1.813187e+06
2.116667e+01,9.385164e-01,2.584094e-02,3.408331e-02,1.559367e-03,2.001722e+06
2.133333e+01,9.376253e-01,2.539541e-02,3.519715e-02,1.782134e-03,2.180002e+06
2.150000e+01,9.369570e-01,2.494988e-02,3.608822e-02,2.004901e-03,2.396372e+06
2.166667e+01,9.356204e-01,2.517264e-02,3.720205e-02,2.004901e-03,2.615666e+06
2.183333e+01,9.349521e-01,2.494988e-02,3.764758e-02,2.450434e-03,2.843210e+06
2.200000e+01,9.333927e-01,2.584094e-02,3.831588e-02,2.450434e-03,3.122319e+06
2.216667e+01,9.329472e-01,2.584094e-02,3.876142e-02,2.450434e-03,3.428300e+06
2.233333e+01,9.320561e-01,2.561818e-02,3.965248e-02,2.673201e-03,3.788088e+06
2.250000e+01,9.304968e-01,2.695478e-02,3.965248e-02,2.895968e-03,4.203491e+06
2.266667e+01,9.289374e-01,2.784585e-02,4.009802e-02,3.118735e-03,4.633183e+06
2.283333e+01,9.278236e-01,2.895968e-02,3.987525e-02,3.341501e-03,5.098591e+06
2.300000e+01,9.269325e-01,2.851415e-02,4.098908e-02,3.564268e-03,5.576352e+06
2.316667e+01,9.255959e-01,2.895968e-02,4.188015e-02,3.564268e-03,6.072014e+06
2.333333e+01,9.240365e-01,2.985075e-02,4.232569e-02,3.787035e-03,6.588345e+06
2.350000e+01,9.218089e-01,3.118735e-02,4.210292e-02,4.900869e-03,7.172077e+06
2.366667e+01,9.206950e-01,3.207841e-02,4.210292e-02,5.123636e-03,7.780270e+06
2.383333e+01,9.195812e-01,3.207841e-02,4.321675e-02,5.123636e-03,8.238802e+06
2.400000e+01,9.184674e-01,3.274671e-02,4.321675e-02,5.569169e-03,8.724084e+06
2.416667e+01,9.171308e-01,3.274671e-02,4.388505e-02,6.237469e-03,9.275870e+06
2.433333e+01,9.157942e-01,3.296948e-02,4.455335e-02,6.683003e-03,9.797388e+06
2.450000e+01,9.133437e-01,3.475162e-02,4.522165e-02,6.683003e-03,1.026219e+07
2.466667e+01,9.115616e-01,3.586545e-02,4.544442e-02,7.128536e-03,1.070955e+07
2.483333e+01,9.086656e-01,3.853865e-02,4.499889e-02,7.796837e-03,1.123351e+07
2.500000e+01,9.068835e-01,3.876142e-02,4.588995e-02,8.465137e-03,1.173808e+07
2.516667e+01,9.057697e-01,3.920695e-02,4.611272e-02,8.910671e-03,1.219535e+07
2.533333e+01,9.026509e-01,4.098908e-02,4.700379e-02,9.356204e-03,1.260036e+07
2.550000e+01,9.008688e-01,4.210292e-02,4.678102e-02,1.024727e-02,1.303712e+07
2.566667e+01,8.999777e-01,4.210292e-02,4.744932e-02,1.047004e-02,1.348072e+07
2.583333e+01,8.977501e-01,4.321675e-02,4.722655e-02,1.180664e-02,1.384415e+07
2.600000e+01,8.959679e-01,4.410782e-02,4.744932e-02,1.247494e-02,1.430787e+07
2.616667e+01,8.937403e-01,4.522165e-02,4.767209e-02,1.336601e-02,1.466256e+07
2.633333e+01,8.915126e-01,4.678102e-02,4.811762e-02,1.358877e-02,1.500587e+07
2.650000e+01,8.886166e-01,4.856315e-02,4.856315e-02,1.425707e-02,1.535413e+07
2.666667e+01,8.852751e-01,5.101359e-02,4.945422e-02,1.425707e-02,1.580830e+07
2.683333e+01,8.828247e-01,5.101359e-02,5.168189e-02,1.447984e-02,1.627291e+07
2.700000e+01,8.814881e-01,5.101359e-02,5.301849e-02,1.447984e-02,1.686869e+07
2.716667e+01,8.792604e-01,5.123636e-02,5.413232e-02,1.537091e-02,1.758068e+07
2.733333e+01,8.765872e-01,5.324126e-02,5.346402e-02,1.670751e-02,1.841269e+07
2.750000e+01,8.728002e-01,5.591446e-02,5.413232e-02,1.715304e-02,1.918218e+07
2.766667e+01,8.701270e-01,5.725106e-02,5.524616e-02,1.737581e-02,1.984264e+07
2.783333e+01,8.678993e-01,5.747382e-02,5.658276e-02,1.804411e-02,2.052093e+07
2.800000e+01,8.656716e-01,5.747382e-02,5.747382e-02,1.938071e-02,2.126298e+07
2.816667e+01,8.632212e-01,5.747382e-02,5.836489e-02,2.094008e-02,2.212904e+07
2.833333e+01,8.609935e-01,5.836489e-02,5.881043e-02,2.183114e-02,2.286808e+07
2.850000e+01,8.592114e-01,5.903319e-02,5.903319e-02,2.272221e-02,2.341385e+07
2.866667e+01,8.569837e-01,5.970149e-02,5.947873e-02,2.383604e-02,2.389188e+07
2.883333e+01,8.554244e-01,5.970149e-02,5.992426e-02,2.494988e-02,2.428551e+07
2.900000e+01,8.527512e-01,6.014703e-02,6.059256e-02,2.650924e-02,2.455405e+07
2.916667e+01,8.500780e-01,6.036979e-02,6.192916e-02,2.762308e-02,2.479891e+07
2.933333e+01,8.469592e-01,6.282023e-02,6.170639e-02,2.851415e-02,2.484001e+07
2.950000e+01,8.442860e-01,6.282023e-02,6.348853e-02,2.940521e-02,2.483676e+07
2.966667e+01,8.413901e-01,6.393406e-02,6.326576e-02,3.141011e-02,2.477848e+07
2.983333e+01,8.398307e-01,6.371129e-02,6.393406e-02,3.252395e-02,2.476293e+07
3.000000e+01,8.369347e-01,6.482513e-02,6.482513e-02,3.341501e-02,2.448918e+07
3.016667e+01,8.349298e-01,6.504789e-02,6.571620e-02,3.430608e-02,2.417189e+07
3.033333e+01,8.318111e-01,6.683003e-02,6.660726e-02,3.475162e-02,2.382929e+07
3.050000e+01,8.302517e-01,6.660726e-02,6.794386e-02,3.519715e-02,2.349922e+07
3.066667e+01,8.282468e-01,6.683003e-02,6.883493e-02,3.608822e-02,2.325877e+07
3.083333e+01,8.257964e-01,6.705280e-02,6.972600e-02,3.742482e-02,2.307463e+07
3.100000e+01,8.231232e-01,6.816663e-02,7.061706e-02,3.809312e-02,2.292473e+07
3.116667e+01,8.202272e-01,6.883493e-02,7.195366e-02,3.898418e-02,2.273270e+07
3.133333e+01,8.191134e-01,6.749833e-02,7.418133e-02,3.920695e-02,2.255288e+07
3.150000e+01,8.153264e-01,6.861216e-02,7.640900e-02,3.965248e-02,2.232137e+07
3.166667e+01,8.124304e-01,7.039430e-02,7.663177e-02,4.054355e-02,2.219082e+07
3.183333e+01,8.093117e-01,7.239920e-02,7.707730e-02,4.121185e-02,2.213253e+07
3.200000e+01,8.064157e-01,7.217643e-02,7.975050e-02,4.165738e-02,2.207204e+07
3.216667e+01,8.028514e-01,7.395857e-02,8.064157e-02,4.254845e-02,2.208180e+07
3.233333e+01,8.010693e-01,7.329027e-02,8.264647e-02,4.299399e-02,2.212702e+07
3.250000e+01,7.983961e-01,7.284473e-02,8.487414e-02,4.388505e-02,2.211972e+07
3.266667e+01,7.950546e-01,7.351303e-02,8.621074e-02,4.522165e-02,2.220032e+07
3.283333e+01,7.930497e-01,7.351303e-02,8.710180e-02,4.633549e-02,2.224756e+07
3.300000e+01,7.917131e-01,7.351303e-02,8.732457e-02,4.744932e-02,2.224405e+07
3.316667e+01,7.885943e-01,7.395857e-02,8.888394e-02,4.856315e-02,2.218141e+07
3.333333e+01,7.856984e-01,7.507240e-02,8.977501e-02,4.945422e-02,2.210967e+07
3.350000e+01,7.816886e-01,7.663177e-02,9.222544e-02,4.945422e-02,2.197581e+07
3.366667e+01,7.790154e-01,7.819113e-02,9.311651e-02,4.967699e-02,2.185207e+07
3.383333e+01,7.754511e-01,7.997327e-02,9.356204e-02,5.101359e-02,2.190478e+07
3.400000e+01,7.738917e-01,7.885943e-02,9.556694e-02,5.168189e-02,2.205684e+07
3.416667e+01,7.709958e-01,8.041880e-02,9.601247e-02,5.257296e-02,2.217943e+07
3.433333e+01,7.674315e-01,8.264647e-02,9.578971e-02,5.413232e-02,2.234133e+07
3.450000e+01,7.645355e-01,8.220094e-02,9.846291e-02,5.480062e-02,2.248269e+07
3.466667e+01,7.616396e-01,8.353754e-02,9.935398e-02,5.546892e-02,2.250612e+07
3.483333e+01,7.587436e-01,8.286924e-02,1.020272e-01,5.635999e-02,2.262461e+07
3.500000e+01,7.569615e-01,8.309200e-02,1.035865e-01,5.635999e-02,2.282078e+07
3.516667e+01,7.554021e-01,8.153264e-02,1.060370e-01,5.702829e-02,2.305872e+07
3.533333e+01,7.518378e-01,8.175540e-02,1.089329e-01,5.747382e-02,2.349869e+07
3.550000e+01,7.500557e-01,8.108710e-02,1.109378e-01,5.791936e-02,2.398840e+07
3.566667e+01,7.473825e-01,7.975050e-02,1.149476e-01,5.791936e-02,2.462535e+07
3.583333e+01,7.444865e-01,8.086434e-02,1.158387e-01,5.881043e-02,2.535615e+07
3.600000e+01,7.422589e-01,8.041880e-02,1.176209e-01,5.970149e-02,2.626860e+07
3.616667e+01,7.406995e-01,7.997327e-02,1.185119e-01,6.081533e-02,2.716430e+07
3.633333e+01,7.380263e-01,8.019603e-02,1.202941e-01,6.148363e-02,2.810887e+07
3.650000e+01,7.360214e-01,7.841390e-02,1.234128e-01,6.215193e-02,2.909631e+07
3.666667e+01,7.337937e-01,7.841390e-02,1.240811e-01,6.371129e-02,3.017259e+07
3.683333e+01,7.306750e-01,7.975050e-02,1.247494e-01,6.482513e-02,3.136320e+07
3.700000e+01,7.282245e-01,7.908220e-02,1.267543e-01,6.593896e-02,3.247391e+07
3.716667e+01,7.257741e-01,7.863667e-02,1.280909e-01,6.749833e-02,3.361244e+07
3.733333e+01,7.231009e-01,7.841390e-02,1.294275e-01,6.905770e-02,3.475253e+07
3.750000e+01,7.202049e-01,7.930497e-02,1.298730e-01,7.061706e-02,3.584935e+07
3.766667e+01,7.182000e-01,7.819113e-02,1.314324e-01,7.217643e-02,3.693400e+07
3.783333e+01,7.166407e-01,7.707730e-02,1.318779e-01,7.440410e-02,3.799273e+07
3.800000e+01,7.137447e-01,7.752283e-02,1.318779e-01,7.685453e-02,3.903081e+07
3.816667e+01,7.121853e-01,7.774560e-02,1.314324e-01,7.863667e-02,4.005022e+07
3.833333e+01,7.086211e-01,7.752283e-02,1.332145e-01,8.064157e-02,4.092155e+07
3.850000e+01,7.072845e-01,7.663177e-02,1.336601e-01,8.242370e-02,4.174958e+07
3.866667e+01,7.057251e-01,7.596347e-02,1.341056e-01,8.420584e-02,4.255472e+07
3.883333e+01,7.039430e-01,7.707730e-02,1.334373e-01,8.554244e-02,4.333310e+07
3.900000e+01,6.994876e-01,7.930497e-02,1.343284e-01,8.687904e-02,4.412570e+07
3.916667e+01,6.965917e-01,7.975050e-02,1.338828e-01,8.977501e-02,4.497567e+07
3.933333e+01,6.945868e-01,8.019603e-02,1.332145e-01,9.200267e-02,4.591968e+07
3.950000e+01,6.919136e-01,8.086434e-02,1.323235e-01,9.489864e-02,4.662473e+07
3.966667e+01,6.892404e-01,8.041880e-02,1.332145e-01,9.712631e-02,4.737160e+07
3.983333e+01,6.881265e-01,7.819113e-02,1.347739e-01,9.890844e-02,4.799023e+07
4.000000e+01,6.850078e-01,7.819113e-02,1.365560e-01,1.002450e-01,4.864027e+07
4.016667e+01,6.807752e-01,8.041880e-02,1.345511e-01,1.042548e-01,4.939211e+07
4.033333e+01,6.778793e-01,8.086434e-02,1.354422e-01,1.058142e-01,5.027397e+07
4.050000e+01,6.745378e-01,8.242370e-02,1.349967e-01,1.080419e-01,5.079625e+07
4.066667e+01,6.723101e-01,8.286924e-02,1.349967e-01,1.098240e-01,5.143922e+07
4.083333e+01,6.687458e-01,8.420584e-02,1.343284e-01,1.127200e-01,5.204624e+07
4.100000e+01,6.660726e-01,8.420584e-02,1.352194e-01,1.145021e-01,5.280678e+07
4.116667e+01,6.636222e-01,8.398307e-02,1.361105e-01,1.162843e-01,5.348739e+07
4.133333e+01,6.607262e-01,8.353754e-02,1.365560e-01,1.191802e-01,5.422108e+07
4.150000e+01,6.573847e-01,8.465137e-02,1.365560e-01,1.214079e-01,5.501180e+07
4.166667e+01,6.515928e-01,8.821564e-02,1.363333e-01,1.238583e-01,5.555906e+07
4.183333e+01,6.484740e-01,8.843840e-02,1.378926e-01,1.251949e-01,5.606411e+07
4.200000e+01,6.442415e-01,8.999777e-02,1.385609e-01,1.271998e-01,5.646806e+07
4.216667e+01,6.406772e-01,8.977501e-02,1.405658e-01,1.289820e-01,5.699722e+07
4.233333e+01,6.357763e-01,9.200267e-02,1.410114e-01,1.312096e-01,5.759126e+07
4.250000e+01,6.326576e-01,9.244821e-02,1.419024e-01,1.329918e-01,5.828986e+07
4.266667e+01,6.304299e-01,9.200267e-02,1.416797e-01,1.358877e-01,5.890894e+07
4.283333e+01,6.266429e-01,9.356204e-02,1.410114e-01,1.387837e-01,5.959040e+07
4.300000e+01,6.230786e-01,9.400757e-02,1.419024e-01,1.410114e-01,6.004190e+07
4.316667e+01,6.210737e-01,9.445311e-02,1.423480e-01,1.421252e-01,6.028745e+07
4.333333e+01,6.172867e-01,9.489864e-02,1.430163e-01,1.447984e-01,6.056355e+07
4.350000e+01,6.141680e-01,9.512141e-02,1.439073e-01,1.468033e-01,6.100508e+07
4.366667e+01,6.110492e-01,9.400757e-02,1.465805e-01,1.483627e-01,6.136030e+07
4.383333e+01,6.059256e-01,9.601247e-02,1.481399e-01,1.499220e-01,6.177038e+07
4.400000e+01,6.010247e-01,9.824014e-02,1.481399e-01,1.525952e-01,6.236363e+07
4.416667e+01,5.972377e-01,1.002450e-01,1.463578e-01,1.561595e-01,6.311240e+07
4.433333e+01,5.936734e-01,1.009133e-01,1.465805e-01,1.588327e-01,6.371837e+07
4.450000e+01,5.896636e-01,1.031410e-01,1.459122e-01,1.612831e-01,6.407680e+07
4.466667e+01,5.856538e-01,1.035865e-01,1.485854e-01,1.621742e-01,6.442209e+07
4.483333e+01,5.811985e-01,1.058142e-01,1.490310e-01,1.639563e-01,6.473422e+07
4.500000e+01,5.776342e-01,1.060370e-01,1.490310e-01,1.672978e-01,6.534954e+07
4.516667e+01,5.731789e-01,1.069280e-01,1.501448e-01,1.697483e-01,6.606959e+07
4.533333e+01,5.700601e-01,1.087102e-01,1.485854e-01,1.726442e-01,6.661742e+07
4.550000e+01,5.671642e-01,1.087102e-01,1.485854e-01,1.755402e-01,6.711417e+07
4.566667e+01,5.631544e-01,1.098240e-01,1.490310e-01,1.779906e-01,6.749554e+07
4.583333e+01,5.593673e-01,1.082646e-01,1.519269e-01,1.804411e-01,6.787286e+07
4.600000e+01,5.540209e-01,1.109378e-01,1.521497e-01,1.828915e-01,6.825627e+07
4.616667e+01,5.482290e-01,1.133883e-01,1.525952e-01,1.857875e-01,6.863353e+07
4.633333e+01,5.415460e-01,1.167298e-01,1.546001e-01,1.871241e-01,6.897545e+07
4.650000e+01,5.368679e-01,1.185119e-01,1.541546e-01,1.904656e-01,6.915812e+07
4.666667e+01,5.339719e-01,1.185119e-01,1.546001e-01,1.929160e-01,6.954842e+07
4.683333e+01,5.306304e-01,1.173981e-01,1.563823e-01,1.955892e-01,6.982401e+07
4.700000e+01,5.277345e-01,1.158387e-01,1.572733e-01,1.991535e-01,7.013072e+07
4.716667e+01,5.228336e-01,1.178436e-01,1.577189e-01,2.016039e-01,7.044963e+07
4.733333e+01,5.186010e-01,1.189575e-01,1.577189e-01,2.047227e-01,7.051757e+07
4.750000e+01,5.154823e-01,1.194030e-01,1.583872e-01,2.067276e-01,7.055350e+07
4.766667e+01,5.114725e-01,1.196258e-01,1.586099e-01,2.102918e-01,7.049665e+07
4.783333e+01,5.090221e-01,1.178436e-01,1.592782e-01,2.138561e-01,7.060196e+07
4.800000e+01,5.050123e-01,1.198485e-01,1.588327e-01,2.163065e-01,7.051877e+07
4.816667e+01,5.012252e-01,1.189575e-01,1.612831e-01,2.185342e-01,7.029927e+07
4.833333e+01,4.969926e-01,1.189575e-01,1.639563e-01,2.200936e-01,7.002108e+07
4.850000e+01,4.940967e-01,1.178436e-01,1.650702e-01,2.229895e-01,6.971943e+07
4.866667e+01,4.903096e-01,1.191802e-01,1.635108e-01,2.269993e-01,6.963926e+07
4.883333e+01,4.865226e-01,1.196258e-01,1.652929e-01,2.285587e-01,6.946523e+07
4.900000e+01,4.818445e-01,1.207396e-01,1.670751e-01,2.303408e-01,6.900540e+07
4.916667e+01,4.769436e-01,1.218534e-01,1.679661e-01,2.332368e-01,6.875761e+07
4.933333e+01,4.747160e-01,1.202941e-01,1.704166e-01,2.345734e-01,6.859066e+07
4.950000e+01,4.711517e-01,1.216307e-01,1.708621e-01,2.363555e-01,6.830522e+07
4.966667e+01,4.671419e-01,1.214079e-01,1.728670e-01,2.385832e-01,6.826369e+07
4.983333e+01,4.629093e-01,1.231900e-01,1.721987e-01,2.417019e-01,6.830148e+07
5.000000e+01,4.586768e-01,1.247494e-01,1.721987e-01,2.443751e-01,6.836086e+07
5.016667e+01,4.546670e-01,1.256405e-01,1.728670e-01,2.468256e-01,6.829138e+07
5.033333e+01,4.513255e-01,1.267543e-01,1.721987e-01,2.497215e-01,6.819388e+07
5.050000e+01,4.455335e-01,1.305413e-01,1.708621e-01,2.530630e-01,6.811764e+07
5.066667e+01,4.437514e-01,1.292047e-01,1.730898e-01,2.539541e-01,6.794553e+07
5.083333e+01,4.415237e-01,1.254177e-01,1.773223e-01,2.557362e-01,6.757851e+07
5.100000e+01,4.392961e-01,1.247494e-01,1.782134e-01,2.577411e-01,6.751277e+07
5.116667e+01,4.348407e-01,1.265315e-01,1.786589e-01,2.599688e-01,6.760994e+07
5.133333e+01,4.292716e-01,1.283137e-01,1.799955e-01,2.624192e-01,6.781356e+07
5.150000e+01,4.263756e-01,1.285364e-01,1.811094e-01,2.639786e-01,6.806780e+07
5.166667e+01,4.237024e-01,1.289820e-01,1.808866e-01,2.664290e-01,6.836726e+07
5.183333e+01,4.201381e-01,1.292047e-01,1.808866e-01,2.697706e-01,6.881315e+07
5.200000e+01,4.154600e-01,1.303186e-01,1.831143e-01,2.711072e-01,6.921385e+07
5.216667e+01,4.101136e-01,1.325462e-01,1.828915e-01,2.744487e-01,6.941759e+07
5.233333e+01,4.049900e-01,1.345511e-01,1.835598e-01,2.768991e-01,6.983204e+07
5.250000e+01,4.009802e-01,1.352194e-01,1.831143e-01,2.806861e-01,7.007468e+07
5.266667e+01,3.967476e-01,1.345511e-01,1.864558e-01,2.822455e-01,7.043182e+07
5.283333e+01,3.938516e-01,1.345511e-01,1.877924e-01,2.838049e-01,7.060861e+07
5.300000e+01,3.905101e-01,1.329918e-01,1.913566e-01,2.851415e-01,7.103939e+07
5.316667e+01,3.871686e-01,1.316552e-01,1.931388e-01,2.880374e-01,7.158466e+07
5.333333e+01,3.829361e-01,1.332145e-01,1.935843e-01,2.902651e-01,7.252417e+07
5.350000e+01,3.775897e-01,1.363333e-01,1.913566e-01,2.947204e-01,7.341615e+07
5.366667e+01,3.735799e-01,1.367788e-01,1.909111e-01,2.987302e-01,7.436808e+07
5.383333e+01,3.693473e-01,1.383382e-01,1.915794e-01,3.007351e-01,7.493324e+07
5.400000e+01,3.651147e-01,1.390065e-01,1.922477e-01,3.036311e-01,7.526040e+07
5.416667e+01,3.597683e-01,1.403431e-01,1.933616e-01,3.065271e-01,7.577454e+07
5.433333e+01,3.557585e-01,1.414569e-01,1.931388e-01,3.096458e-01,7.625910e+07
5.450000e+01,3.526398e-01,1.390065e-01,1.962575e-01,3.120962e-01,7.685307e+07
5.466667e+01,3.508577e-01,1.376699e-01,1.958120e-01,3.156605e-01,7.743232e+07
5.483333e+01,3.470706e-01,1.385609e-01,1.955892e-01,3.187792e-01,7.806396e+07
5.500000e+01,3.426153e-01,1.392292e-01,1.962575e-01,3.218980e-01,7.874609e+07
5.516667e+01,3.366006e-01,1.403431e-01,1.987080e-01,3.243484e-01,7.953613e+07
5.533333e+01,3.323680e-01,1.419024e-01,1.982624e-01,3.274671e-01,8.035512e+07
5.550000e+01,3.276899e-01,1.427935e-01,1.995990e-01,3.299176e-01,8.136109e+07
5.566667e+01,3.232346e-01,1.441301e-01,1.991535e-01,3.334818e-01,8.230436e+07
5.583333e+01,3.169971e-01,1.461350e-01,1.991535e-01,3.377144e-01,8.342093e+07
5.600000e+01,3.134328e-01,1.463578e-01,1.989307e-01,3.412787e-01,8.434372e+07
5.616667e+01,3.089775e-01,1.470261e-01,1.998218e-01,3.441746e-01,8.502244e+07
5.633333e+01,3.031856e-01,1.468033e-01,2.024950e-01,3.475162e-01,8.562068e+07
5.650000e+01,2.985075e-01,1.476944e-01,2.013812e-01,3.524170e-01,8.624892e+07
5.666667e+01,2.942749e-01,1.479171e-01,2.016039e-01,3.562041e-01,8.707823e+07
5.683333e+01,2.891513e-01,1.488082e-01,2.031633e-01,3.588773e-01,8.753898e+07
5.700000e+01,2.842504e-01,1.488082e-01,2.062820e-01,3.606594e-01,8.789008e+07
5.716667e+01,2.789040e-01,1.505903e-01,2.042771e-01,3.662286e-01,8.838942e+07
5.733333e+01,2.755625e-01,1.494765e-01,2.049454e-01,3.700156e-01,8.924433e+07
5.750000e+01,2.708844e-01,1.492537e-01,2.069503e-01,3.729116e-01,8.968687e+07
5.766667e+01,2.657607e-01,1.505903e-01,2.080642e-01,3.755848e-01,9.022849e+07
5.783333e+01,2.621965e-01,1.474716e-01,2.125195e-01,3.778124e-01,9.099826e+07
5.800000e+01,2.581867e-01,1.474716e-01,2.136333e-01,3.807084e-01,9.192474e+07
5.816667e+01,2.548452e-01,1.445756e-01,2.143016e-01,3.862776e-01,9.318417e+07
5.833333e+01,2.497215e-01,1.452439e-01,2.151927e-01,3.898418e-01,9.456708e+07
5.850000e+01,2.450434e-01,1.454667e-01,2.147472e-01,3.947427e-01,9.557332e+07
5.866667e+01,2.405881e-01,1.447984e-01,2.176431e-01,3.969704e-01,9.652799e+07
5.883333e+01,2.365783e-01,1.430163e-01,2.209846e-01,3.994208e-01,9.716146e+07
5.900000e+01,2.332368e-01,1.423480e-01,2.212074e-01,4.032078e-01,9.801291e+07
5.916667e+01,2.305636e-01,1.421252e-01,2.205391e-01,4.067721e-01,9.909086e+07
5.933333e+01,2.243261e-01,1.434618e-01,2.220985e-01,4.101136e-01,1.001005e+08
5.950000e+01,2.212074e-01,1.427935e-01,2.220985e-01,4.139006e-01,1.010142e+08
5.966667e+01,2.171976e-01,1.432390e-01,2.220985e-01,4.174649e-01,1.019195e+08
5.983333e+01,2.136333e-01,1.416797e-01,2.243261e-01,4.203609e-01,1.027525e+08
6.000000e+01,2.096235e-01,1.412341e-01,2.245489e-01,4.245935e-01,1.034889e+08
6.016667e+01,2.062820e-01,1.403431e-01,2.243261e-01,4.290488e-01,1.043554e+08
6.033333e+01,2.002673e-01,1.423480e-01,2.245489e-01,4.328358e-01,1.049777e+08
6.050000e+01,1.962575e-01,1.430163e-01,2.229895e-01,4.377367e-01,1.054432e+08
6.066667e+01,1.929160e-01,1.427935e-01,2.236578e-01,4.406327e-01,1.058951e+08
6.083333e+01,1.900200e-01,1.419024e-01,2.227668e-01,4.453108e-01,1.060655e+08
6.100000e+01,1.875696e-01,1.403431e-01,2.220985e-01,4.499889e-01,1.063128e+08
6.116667e+01,1.831143e-01,1.407886e-01,2.216529e-01,4.544442e-01,1.062947e+08
6.133333e+01,1.791045e-01,1.398975e-01,2.223212e-01,4.586768e-01,1.060349e+08
6.150000e+01,1.748719e-01,1.403431e-01,2.229895e-01,4.617955e-01,1.055873e+08
6.166667e+01,1.730898e-01,1.381154e-01,2.218757e-01,4.669191e-01,1.051560e+08
6.183333e+01,1.693027e-01,1.390065e-01,2.200936e-01,4.715972e-01,1.048691e+08
6.200000e+01,1.670751e-01,1.354422e-01,2.236578e-01,4.738249e-01,1.042363e+08
6.216667e+01,1.615059e-01,1.370016e-01,2.227668e-01,4.787258e-01,1.034950e+08
6.233333e+01,1.583872e-01,1.363333e-01,2.214302e-01,4.838494e-01,1.030683e+08
6.250000e+01,1.552684e-01,1.341056e-01,2.229895e-01,4.876364e-01,1.025285e+08
6.266667e+01,1.525952e-01,1.314324e-01,2.252172e-01,4.907552e-01,1.018746e+08
6.283333e+01,1.508131e-01,1.307641e-01,2.241034e-01,4.943194e-01,1.015165e+08
6.300000e+01,1.488082e-01,1.289820e-01,2.254400e-01,4.967699e-01,1.012449e+08
6.316667e+01,1.459122e-01,1.283137e-01,2.263310e-01,4.994431e-01,1.010571e+08
6.333333e+01,1.439073e-01,1.271998e-01,2.272221e-01,5.016708e-01,1.009956e+08
6.350000e+01,1.394520e-01,1.274226e-01,2.276676e-01,5.054578e-01,1.011249e+08
6.366667e+01,1.349967e-01,1.289820e-01,2.267766e-01,5.092448e-01,1.014696e+08
6.383333e+01,1.327690e-01,1.289820e-01,2.241034e-01,5.141457e-01,1.017329e+08
6.400000e+01,1.314324e-01,1.265315e-01,2.254400e-01,5.165961e-01,1.018753e+08
6.416667e+01,1.292047e-01,1.247494e-01,2.249944e-01,5.210515e-01,1.017404e+08
6.433333e+01,1.280909e-01,1.229673e-01,2.245489e-01,5.243930e-01,1.017533e+08
6.450000e+01,1.249722e-01,1.220762e-01,2.258855e-01,5.270662e-01,1.016813e+08
6.466667e+01,1.229673e-01,1.220762e-01,2.252172e-01,5.297394e-01,1.016245e+08
6.483333e+01,1.200713e-01,1.214079e-01,2.254400e-01,5.330809e-01,1.018319e+08
6.500000e+01,1.176209e-01,1.202941e-01,2.252172e-01,5.368679e-01,1.022000e+08
6.516667e+01,1.147249e-01,1.196258e-01,2.243261e-01,5.413232e-01,1.025360e+08
6.533333e+01,1.138338e-01,1.158387e-01,2.261083e-01,5.442192e-01,1.027980e+08
6.550000e+01,1.127200e-01,1.138338e-01,2.249944e-01,5.484518e-01,1.029562e+08
6.566667e+01,1.091557e-01,1.156160e-01,2.236578e-01,5.515705e-01,1.033175e+08
6.583333e+01,1.064825e-01,1.145021e-01,2.247717e-01,5.542437e-01,1.037117e+08
6.600000e+01,1.051459e-01,1.118289e-01,2.236578e-01,5.593673e-01,1.041954e+08
6.616667e+01,1.031410e-01,1.107151e-01,2.238806e-01,5.622633e-01,1.047901e+08
6.633333e+01,9.979951e-02,1.107151e-01,2.209846e-01,5.685008e-01,1.052927e+08
6.650000e+01,9.668078e-02,1.109378e-01,2.203163e-01,5.720650e-01,1.059628e+08
6.666667e+01,9.467587e-02,1.102695e-01,2.180887e-01,5.769659e-01,1.062235e+08
6.683333e+01,9.333927e-02,1.100468e-01,2.149699e-01,5.816440e-01,1.065689e+08
6.700000e+01,9.155714e-02,1.062597e-01,2.183114e-01,5.838717e-01,1.067133e+08
6.716667e+01,8.999777e-02,1.053687e-01,2.156382e-01,5.889953e-01,1.067088e+08
6.733333e+01,8.843840e-02,1.031410e-01,2.156382e-01,5.927824e-01,1.070247e+08
6.750000e+01,8.777010e-02,1.009133e-01,2.156382e-01,5.956783e-01,1.071354e+08
6.766667e+01,8.509690e-02,1.015816e-01,2.140789e-01,5.992426e-01,1.073063e+08
6.783333e+01,8.376030e-02,1.000223e-01,2.131878e-01,6.030296e-01,1.077486e+08
6.800000e+01,8.197817e-02,9.868568e-02,2.125195e-01,6.068167e-01,1.082437e+08
6.816667e+01,8.130987e-02,9.712631e-02,2.102918e-01,6.112720e-01,1.089241e+08
6.833333e+01,7.930497e-02,9.712631e-02,2.082869e-01,6.152818e-01,1.097685e+08
6.850000e+01,7.663177e-02,9.801738e-02,2.060593e-01,6.192916e-01,1.105998e+08
6.866667e+01,7.418133e-02,9.734908e-02,2.040544e-01,6.244152e-01,1.116002e+08
6.883333e+01,7.217643e-02,9.578971e-02,2.018267e-01,6.302072e-01,1.125664e+08
6.900000e+01,7.039430e-02,9.512141e-02,2.000446e-01,6.344397e-01,1.135055e+08
6.916667e+01,6.905770e-02,9.289374e-02,1.991535e-01,6.388951e-01,1.142174e+08
6.933333e+01,6.705280e-02,9.267097e-02,1.969258e-01,6.433504e-01,1.150017e+08
6.950000e+01,6.504789e-02,9.111161e-02,1.960348e-01,6.478057e-01,1.158206e+08
6.966667e+01,6.259746e-02,9.066607e-02,1.949209e-01,6.518155e-01,1.165542e+08
6.983333e+01,6.170639e-02,8.799287e-02,1.935843e-01,6.567164e-01,1.172652e+08
7.000000e+01,5.947873e-02,8.777010e-02,1.893517e-01,6.633994e-01,1.179745e+08
7.016667e+01,5.791936e-02,8.732457e-02,1.853419e-01,6.694141e-01,1.185307e+08
7.033333e+01,5.658276e-02,8.598797e-02,1.817777e-01,6.756516e-01,1.186115e+08
7.050000e+01,5.502339e-02,8.487414e-02,1.799955e-01,6.801069e-01,1.183164e+08
7.066667e+01,5.368679e-02,8.309200e-02,1.788817e-01,6.843395e-01,1.177165e+08
7.083333e+01,5.257296e-02,8.108710e-02,1.773223e-01,6.890176e-01,1.171690e+08
7.100000e+01,5.079082e-02,7.975050e-02,1.757630e-01,6.936957e-01,1.167071e+08
7.116667e+01,4.856315e-02,7.952773e-02,1.739808e-01,6.979283e-01,1.162863e+08
7.133333e+01,4.789485e-02,7.952773e-02,1.690800e-01,7.034974e-01,1.157103e+08
7.150000e+01,4.700379e-02,7.863667e-02,1.668523e-01,7.075072e-01,1.150976e+08
7.166667e+01,4.588995e-02,7.774560e-02,1.644019e-01,7.119626e-01,1.142882e+08
7.183333e+01,4.522165e-02,7.529517e-02,1.646246e-01,7.148585e-01,1.134859e+08
7.200000e+01,4.343952e-02,7.462687e-02,1.630653e-01,7.188683e-01,1.127185e+08
7.216667e+01,4.188015e-02,7.329027e-02,1.610604e-01,7.237692e-01,1.122690e+08
7.233333e+01,4.009802e-02,7.284473e-02,1.610604e-01,7.259969e-01,1.118526e+08
7.250000e+01,3.920695e-02,7.239920e-02,1.579416e-01,7.304522e-01,1.112638e+08
7.266667e+01,3.831588e-02,7.150813e-02,1.568278e-01,7.333482e-01,1.109641e+08
7.283333e+01,3.720205e-02,6.972600e-02,1.554912e-01,7.375808e-01,1.104234e+08
7.300000e+01,3.564268e-02,6.861216e-02,1.539318e-01,7.418133e-01,1.099462e+08
7.316667e+01,3.452885e-02,6.794386e-02,1.508131e-01,7.467142e-01,1.094296e+08
7.333333e+01,3.363778e-02,6.660726e-02,1.483627e-01,7.513923e-01,1.088522e+08
7.350000e+01,3.252395e-02,6.527066e-02,1.463578e-01,7.558476e-01,1.080759e+08
7.366667e+01,3.207841e-02,6.460236e-02,1.443529e-01,7.589664e-01,1.071572e+08
7.383333e+01,3.051905e-02,6.415683e-02,1.423480e-01,7.629762e-01,1.062367e+08
7.400000e+01,2.962798e-02,6.282023e-02,1.410114e-01,7.665404e-01,1.053347e+08
7.416667e+01,2.873691e-02,6.170639e-02,1.392292e-01,7.703275e-01,1.043967e+08
7.433333e+01,2.740031e-02,6.148363e-02,1.370016e-01,7.741145e-01,1.033938e+08
7.450000e+01,2.628648e-02,6.192916e-02,1.338828e-01,7.779015e-01,1.023750e+08
7.466667e+01,2.539541e-02,6.192916e-02,1.332145e-01,7.794609e-01,1.013465e+08
7.483333e+01,2.339051e-02,6.148363e-02,1.309869e-01,7.841390e-01,1.002350e+08
7.500000e+01,2.227668e-02,6.059256e-02,1.314324e-01,7.856984e-01,9.935159e+07
7.516667e+01,2.138561e-02,5.947873e-02,1.296503e-01,7.894854e-01,9.825453e+07
7.533333e+01,2.094008e-02,5.836489e-02,1.280909e-01,7.926041e-01,9.744088e+07
7.550000e+01,1.960348e-02,5.791936e-02,1.269771e-01,7.955001e-01,9.641822e+07
7.566667e+01,1.915794e-02,5.591446e-02,1.276454e-01,7.972822e-01,9.538622e+07
7.583333e+01,1.871241e-02,5.502339e-02,1.256405e-01,8.006237e-01,9.447160e+07
7.600000e+01,1.759857e-02,5.435509e-02,1.227445e-01,8.053018e-01,9.380730e+07
7.616667e+01,1.670751e-02,5.390956e-02,1.200713e-01,8.093117e-01,9.297432e+07
7.633333e+01,1.626197e-02,5.324126e-02,1.202941e-01,8.102027e-01,9.190295e+07
7.650000e+01,1.603921e-02,5.212742e-02,1.194030e-01,8.124304e-01,9.066385e+07
7.666667e+01,1.514814e-02,5.123636e-02,1.185119e-01,8.151036e-01,8.987020e+07
7.683333e+01,1.403431e-02,5.145912e-02,1.151704e-01,8.193362e-01,8.921442e+07
7.700000e+01,1.336601e-02,4.945422e-02,1.140566e-01,8.231232e-01,8.863879e+07
7.716667e+01,1.269771e-02,4.856315e-02,1.111606e-01,8.275785e-01,8.771158e+07
7.733333e+01,1.225217e-02,4.856315e-02,1.096012e-01,8.295834e-01,8.668515e+07
7.750000e+01,1.113834e-02,4.767209e-02,1.084874e-01,8.327022e-01,8.531630e+07
7.766667e+01,1.024727e-02,4.767209e-02,1.058142e-01,8.362664e-01,8.408687e+07
7.783333e+01,9.801738e-03,4.655825e-02,1.051459e-01,8.384941e-01,8.282718e+07
7.800000e+01,9.133437e-03,4.544442e-02,1.042548e-01,8.411673e-01,8.146286e+07
7.816667e+01,8.910671e-03,4.321675e-02,1.040321e-01,8.438405e-01,8.019242e+07
7.833333e+01,8.687904e-03,4.188015e-02,1.038093e-01,8.456226e-01,7.891018e+07
7.850000e+01,8.687904e-03,4.054355e-02,1.024727e-01,8.482958e-01,7.777566e+07
7.866667e+01,8.242370e-03,3.987525e-02,1.013589e-01,8.505235e-01,7.685303e+07
7.883333e+01,7.574070e-03,3.965248e-02,9.957674e-02,8.531967e-01,7.595162e+07
7.900000e+01,6.905770e-03,3.942972e-02,9.734908e-02,8.563154e-01,7.502578e+07
7.916667e+01,6.460236e-03,3.809312e-02,9.623524e-02,8.592114e-01,7.406533e+07
7.933333e+01,6.237469e-03,3.787035e-02,9.445311e-02,8.614391e-01,7.303628e+07
7.950000e+01,5.791936e-03,3.742482e-02,9.200267e-02,8.647806e-01,7.210551e+07
7.966667e+01,4.678102e-03,3.720205e-02,9.133437e-02,8.667855e-01,7.114935e+07
7.983333e+01,4.678102e-03,3.653375e-02,8.866117e-02,8.701270e-01,6.995732e+07
