Time,U,I1,I2,D,Ve
0.000000e+00,9.997772e-01,2.227668e-04,0.000000e+00,0.000000e+00,0.000000e+00
1.666667e-01,9.997772e-01,2.227668e-04,0.000000e+00,0.000000e+00,0.000000e+00
3.333333e-01,9.997772e-01,2.227668e-04,0.000000e+00,0.000000e+00,0.000000e+00
5.000000e-01,9.997772e-01,2.227668e-04,0.000000e+00,0.000000e+00,0.000000e+00
6.666667e-01,9.997772e-01,2.227668e-04,0.000000e+00,0.000000e+00,0.000000e+00
8.333333e-01,9.997772e-01,2.227668e-04,0.000000e+00,0.000000e+00,0.000000e+00
1.000000e+00,9.997772e-01,2.227668e-04,0.000000e+00,0.000000e+00,0.000000e+00
1.166667e+00,9.997772e-01,2.227668e-04,0.000000e+00,0.000000e+00,0.000000e+00
1.333333e+00,9.997772e-01,2.227668e-04,0.000000e+00,0.000000e+00,0.000000e+00
1.500000e+00,9.997772e-01,2.227668e-04,0.000000e+00,0.000000e+00,0.000000e+00
1.666667e+00,9.997772e-01,2.227668e-04,0.000000e+00,0.000000e+00,0.000000e+00
1.833333e+00,9.997772e-01,2.227668e-04,0.000000e+00,0.000000e+00,0.000000e+00
2.000000e+00,9.997772e-01,2.227668e-04,0.000000e+00,0.000000e+00,0.000000e+00
2.166667e+00,9.997772e-01,2.227668e-04,0.000000e+00,0.000000e+00,0.000000e+00
2.333333e+00,9.997772e-01,2.227668e-04,0.000000e+00,0.000000e+00,0.000000e+00
2.500000e+00,9.997772e-01,2.227668e-04,0.000000e+00,0.000000e+00,0.000000e+00
2.666667e+00,9.997772e-01,2.227668e-04,0.000000e+00,0.000000e+00,0.000000e+00
2.833333e+00,9.997772e-01,2.227668e-04,0.000000e+00,0.000000e+00,0.000000e+00
3.000000e+00,9.997772e-01,2.227668e-04,0.000000e+00,0.000000e+00,0.000000e+00
3.166667e+00,9.997772e-01,2.227668e-04,0.000000e+00,0.000000e+00,0.000000e+00
3.333333e+00,9.997772e-01,2.227668e-04,0.000000e+00,0.000000e+00,0.000000e+00
3.500000e+00,9.997772e-01,2.227668e-04,0.000000e+00,0.000000e+00,0.000000e+00
3.666667e+00,9.997772e-01,2.227668e-04,0.000000e+00,0.000000e+00,0.000000e+00
3.833333e+00,9.997772e-01,2.227668e-04,0.000000e+00,0.000000e+00,0.000000e+00
4.000000e+00,9.997772e-01,2.227668e-04,0.000000e+00,0.000000e+00,0.000000e+00
4.166667e+00,9.997772e-01,2.227668e-04,0.000000e+00,0.000000e+00,0.000000e+00
4.333333e+00,9.997772e-01,2.227668e-04,0.000000e+00,0.000000e+00,0.000000e+00
4.500000e+00,9.997772e-01,2.227668e-04,0.000000e+00,0.000000e+00,0.000000e+00
4.666667e+00,9.997772e-01,2.227668e-04,0.000000e+00,0.000000e+00,0.000000e+00
4.833333e+00,9.997772e-01,2.227668e-04,0.000000e+00,0.000000e+00,0.000000e+00
5.000000e+00,9.997772e-01,2.227668e-04,0.000000e+00,0.000000e+00,0.000000e+00
5.166667e+00,9.997772e-01,2.227668e-04,0.000000e+00,0.000000e+00,0.000000e+00
5.333333e+00,9.997772e-01,2.227668e-04,0.000000e+00,0.000000e+00,0.000000e+00
5.500000e+00,9.997772e-01,2.227668e-04,0.000000e+00,0.000000e+00,0.000000e+00
5.666667e+00,9.997772e-01,0.000000e+00,2.227668e-04,0.000000e+00,0.000000e+00
5.833333e+00,9.997772e-01,0.000000e+00,2.227668e-04,0.000000e+00,0.000000e+00
6.000000e+00,9.997772e-01,0.000000e+00,2.227668e-04,0.000000e+00,5.619847e+00
6.166667e+00,9.997772e-01,0.000000e+00,2.227668e-04,0.000000e+00,1.215651e+01
6.333333e+00,9.997772e-01,0.000000e+00,2.227668e-04,0.000000e+00,1.988194e+01
6.500000e+00,9.997772e-01,0.000000e+00,2.227668e-04,0.000000e+00,2.913242e+01
6.666667e+00,9.997772e-01,0.000000e+00,2.227668e-04,0.000000e+00,4.032487e+01
6.833333e+00,9.997772e-01,0.000000e+00,2.227668e-04,0.000000e+00,5.397740e+01
7.000000e+00,9.997772e-01,0.000000e+00,2.227668e-04,0.000000e+00,7.073474e+01
7.166667e+00,9.997772e-01,0.000000e+00,2.227668e-04,0.000000e+00,9.140013e+01
7.333333e+00,9.997772e-01,0.000000e+00,2.227668e-04,0.000000e+00,1.169751e+02
7.500000e+00,9.997772e-01,0.000000e+00,2.227668e-04,0.000000e+00,1.487088e+02
7.666667e+00,9.993317e-01,4.455335e-04,2.227668e-04,0.000000e+00,1.881602e+02
7.833333e+00,9.991089e-01,6.683003e-04,2.227668e-04,0.000000e+00,2.372750e+02
8.000000e+00,9.988862e-01,6.683003e-04,4.455335e-04,0.000000e+00,2.984816e+02
8.166667e+00,9.986634e-01,8.910671e-04,4.455335e-04,0.000000e+00,3.748107e+02
8.333333e+00,9.986634e-01,8.910671e-04,4.455335e-04,0.000000e+00,4.700483e+02
8.500000e+00,9.982179e-01,1.113834e-03,6.683003e-04,0.000000e+00,5.889082e+02
8.666667e+00,9.979951e-01,1.336601e-03,6.683003e-04,0.000000e+00,7.372723e+02
8.833333e+00,9.977723e-01,1.336601e-03,8.910671e-04,0.000000e+00,9.224751e+02
9.000000e+00,9.971040e-01,2.004901e-03,8.910671e-04,0.000000e+00,1.153640e+03
9.166667e+00,9.971040e-01,2.004901e-03,8.910671e-04,0.000000e+00,1.442127e+03
9.333333e+00,9.964357e-01,2.450434e-03,1.113834e-03,0.000000e+00,1.802040e+03
9.500000e+00,9.957674e-01,2.895968e-03,1.336601e-03,0.000000e+00,2.250883e+03
9.666667e+00,9.953219e-01,3.118735e-03,1.559367e-03,0.000000e+00,2.810358e+03
9.833333e+00,9.948764e-01,3.118735e-03,2.004901e-03,0.000000e+00,3.507226e+03
1.000000e+01,9.946536e-01,2.673201e-03,2.673201e-03,0.000000e+00,4.374462e+03
1.016667e+01,9.946536e-01,2.673201e-03,2.673201e-03,0.000000e+00,5.452538e+03
1.033333e+01,9.944308e-01,2.673201e-03,2.895968e-03,0.000000e+00,6.790874e+03
1.050000e+01,9.935398e-01,3.341501e-03,3.118735e-03,0.000000e+00,8.449450e+03
1.066667e+01,9.930942e-01,3.787035e-03,3.118735e-03,0.000000e+00,1.050057e+04
1.083333e+01,9.926487e-01,4.009802e-03,3.341501e-03,0.000000e+00,1.303058e+04
1.100000e+01,9.924259e-01,4.232569e-03,3.341501e-03,0.000000e+00,1.614134e+04
1.116667e+01,9.913121e-01,5.346402e-03,3.341501e-03,0.000000e+00,1.995146e+04
1.133333e+01,9.901983e-01,6.460236e-03,3.341501e-03,0.000000e+00,2.459610e+04
1.150000e+01,9.897527e-01,6.905770e-03,3.341501e-03,0.000000e+00,3.022605e+04
1.166667e+01,9.886389e-01,7.574070e-03,3.787035e-03,0.000000e+00,3.700434e+04
1.183333e+01,9.879706e-01,8.242370e-03,3.787035e-03,0.000000e+00,4.510028e+04
1.200000e+01,9.873023e-01,8.910671e-03,3.787035e-03,0.000000e+00,5.468006e+04
1.216667e+01,9.864112e-01,9.356204e-03,4.232569e-03,0.000000e+00,6.589416e+04
1.233333e+01,9.857429e-01,9.578971e-03,4.678102e-03,0.000000e+00,7.886173e+04
1.250000e+01,9.844063e-01,1.069280e-02,4.900869e-03,0.000000e+00,9.365366e+04
1.266667e+01,9.830697e-01,1.180664e-02,5.123636e-03,0.000000e+00,1.102757e+05
1.283333e+01,9.815104e-01,1.292047e-02,5.569169e-03,0.000000e+00,1.286558e+05
1.300000e+01,9.810648e-01,1.336601e-02,5.569169e-03,0.000000e+00,1.486377e+05
1.316667e+01,9.808421e-01,1.358877e-02,5.569169e-03,0.000000e+00,1.699827e+05
1.333333e+01,9.801738e-01,1.425707e-02,5.569169e-03,0.000000e+00,1.923814e+05
1.350000e+01,9.786144e-01,1.581644e-02,5.569169e-03,0.000000e+00,2.154725e+05
1.366667e+01,9.779461e-01,1.648474e-02,5.569169e-03,0.000000e+00,2.388664e+05
1.383333e+01,9.775006e-01,1.648474e-02,6.014703e-03,0.000000e+00,2.621702e+05
1.400000e+01,9.772778e-01,1.648474e-02,6.237469e-03,0.000000e+00,2.850100e+05
1.416667e+01,9.759412e-01,1.715304e-02,6.905770e-03,0.000000e+00,3.070497e+05
1.433333e+01,9.748274e-01,1.826687e-02,6.905770e-03,0.000000e+00,3.280012e+05
1.450000e+01,9.737135e-01,1.915794e-02,7.128536e-03,0.000000e+00,3.476377e+05
1.466667e+01,9.725997e-01,2.004901e-02,7.351303e-03,0.000000e+00,3.657795e+05
1.483333e+01,9.719314e-01,2.071731e-02,7.351303e-03,0.000000e+00,3.823066e+05
1.500000e+01,9.705948e-01,2.160838e-02,7.796837e-03,0.000000e+00,3.971746e+05
1.516667e+01,9.688127e-01,2.272221e-02,8.465137e-03,0.000000e+00,4.103343e+05
1.533333e+01,9.674761e-01,2.316774e-02,9.133437e-03,2.227668e-04,4.217984e+05
1.550000e+01,9.663622e-01,2.428158e-02,9.133437e-03,2.227668e-04,4.316198e+05
1.566667e+01,9.654712e-01,2.450434e-02,9.801738e-03,2.227668e-04,3.945415e+05
1.583333e+01,9.645801e-01,2.428158e-02,1.091557e-02,2.227668e-04,3.608182e+05
1.600000e+01,9.630207e-01,2.517264e-02,1.158387e-02,2.227668e-04,3.301908e+05
1.616667e+01,9.621297e-01,2.584094e-02,1.180664e-02,2.227668e-04,3.024301e+05
1.633333e+01,9.607930e-01,2.717755e-02,1.180664e-02,2.227668e-04,2.773359e+05
1.650000e+01,9.601247e-01,2.695478e-02,1.269771e-02,2.227668e-04,2.547365e+05
1.666667e+01,9.594564e-01,2.673201e-02,1.358877e-02,2.227668e-04,2.344916e+05
1.683333e+01,9.583426e-01,2.740031e-02,1.403431e-02,2.227668e-04,2.164940e+05
1.700000e+01,9.570060e-01,2.784585e-02,1.492537e-02,2.227668e-04,2.006736e+05
1.716667e+01,9.565605e-01,2.784585e-02,1.537091e-02,2.227668e-04,1.870871e+05
1.733333e+01,9.554466e-01,2.740031e-02,1.693027e-02,2.227668e-04,1.756519e+05
1.750000e+01,9.538873e-01,2.762308e-02,1.826687e-02,2.227668e-04,1.665188e+05
1.766667e+01,9.536645e-01,2.717755e-02,1.893517e-02,2.227668e-04,1.597070e+05
1.783333e+01,9.536645e-01,2.628648e-02,1.982624e-02,2.227668e-04,1.554043e+05
1.800000e+01,9.532190e-01,2.650924e-02,2.004901e-02,2.227668e-04,1.538379e+05
1.816667e+01,9.525507e-01,2.628648e-02,2.094008e-02,2.227668e-04,1.553505e+05
1.833333e+01,9.514368e-01,2.695478e-02,2.138561e-02,2.227668e-04,1.603952e+05
1.850000e+01,9.507685e-01,2.740031e-02,2.160838e-02,2.227668e-04,1.695015e+05
1.866667e+01,9.505458e-01,2.695478e-02,2.227668e-02,2.227668e-04,1.835525e+05
1.883333e+01,9.503230e-01,2.650924e-02,2.294498e-02,2.227668e-04,2.032309e+05
1.900000e+01,9.487636e-01,2.784585e-02,2.316774e-02,2.227668e-04,2.295724e+05
1.916667e+01,9.483181e-01,2.784585e-02,2.361328e-02,2.227668e-04,2.638814e+05
1.933333e+01,9.478726e-01,2.740031e-02,2.450434e-02,2.227668e-04,3.075574e+05
1.950000e+01,9.472043e-01,2.762308e-02,2.494988e-02,2.227668e-04,3.622891e+05
1.966667e+01,9.456449e-01,2.873691e-02,2.539541e-02,2.227668e-04,4.299954e+05
1.983333e+01,9.456449e-01,2.806861e-02,2.606371e-02,2.227668e-04,5.128026e+05
2.000000e+01,9.447538e-01,2.806861e-02,2.695478e-02,2.227668e-04,6.129705e+05
2.016667e+01,9.436400e-01,2.873691e-02,2.740031e-02,2.227668e-04,7.335283e+05
2.033333e+01,9.427489e-01,2.895968e-02,2.806861e-02,2.227668e-04,8.764187e+05
2.050000e+01,9.423034e-01,2.873691e-02,2.851415e-02,4.455335e-04,1.044127e+06
2.066667e+01,9.411896e-01,2.985075e-02,2.851415e-02,4.455335e-04,1.239006e+06
2.083333e+01,9.402985e-01,3.007351e-02,2.918245e-02,4.455335e-04,1.444562e+06
2.100000e+01,9.396302e-01,2.895968e-02,3.074181e-02,6.683003e-04,1.680082e+06
2.116667e+01,9.389619e-01,2.918245e-02,3.096458e-02,8.910671e-04,1.948102e+06
2.133333e+01,9.382936e-01,2.962798e-02,3.096458e-02,1.113834e-03,2.231280e+06
2.150000e+01,9.374025e-01,2.940521e-02,3.207841e-02,1.113834e-03,2.507603e+06
2.166667e+01,9.360659e-01,2.962798e-02,3.319225e-02,1.113834e-03,2.800160e+06
2.183333e+01,9.360659e-01,2.873691e-02,3.408331e-02,1.113834e-03,3.127616e+06
2.200000e+01,9.353976e-01,2.873691e-02,3.452885e-02,1.336601e-03,3.490441e+06
2.216667e+01,9.338383e-01,2.940521e-02,3.519715e-02,1.559367e-03,3.889071e+06
2.233333e+01,9.333927e-01,2.873691e-02,3.631098e-02,1.559367e-03,4.277206e+06
2.250000e+01,9.316106e-01,3.051905e-02,3.631098e-02,1.559367e-03,4.657121e+06
2.266667e+01,9.307195e-01,3.029628e-02,3.675652e-02,2.227668e-03,5.087434e+06
2.283333e+01,9.282691e-01,3.163288e-02,3.764758e-02,2.450434e-03,5.563683e+06
2.300000e+01,9.269325e-01,3.185565e-02,3.853865e-02,2.673201e-03,5.963424e+06
2.316667e+01,9.258187e-01,3.096458e-02,4.032078e-02,2.895968e-03,6.402688e+06
2.333333e+01,9.240365e-01,3.207841e-02,4.098908e-02,2.895968e-03,6.860724e+06
2.350000e+01,9.229227e-01,3.296948e-02,4.098908e-02,3.118735e-03,7.341018e+06
2.366667e+01,9.222544e-01,3.319225e-02,4.054355e-02,4.009802e-03,7.888495e+06
2.383333e+01,9.204723e-01,3.408331e-02,4.098908e-02,4.455335e-03,8.457138e+06
2.400000e+01,9.191357e-01,3.497438e-02,4.098908e-02,4.900869e-03,8.956155e+06
2.416667e+01,9.173535e-01,3.564268e-02,4.188015e-02,5.123636e-03,9.436456e+06
2.433333e+01,9.160169e-01,3.586545e-02,4.299399e-02,5.123636e-03,9.913220e+06
2.450000e+01,9.140120e-01,3.564268e-02,4.455335e-02,5.791936e-03,1.043413e+07
2.466667e+01,9.113388e-01,3.697928e-02,4.544442e-02,6.237469e-03,1.104998e+07
2.483333e+01,9.104478e-01,3.675652e-02,4.588995e-02,6.905770e-03,1.164103e+07
2.500000e+01,9.075518e-01,3.898418e-02,4.588995e-02,7.574070e-03,1.224792e+07
2.516667e+01,9.068835e-01,3.942972e-02,4.588995e-02,7.796837e-03,1.283388e+07
2.533333e+01,9.037648e-01,4.076632e-02,4.722655e-02,8.242370e-03,1.345745e+07
2.550000e+01,9.013143e-01,4.254845e-02,4.678102e-02,9.356204e-03,1.412958e+07
2.566667e+01,8.993094e-01,4.366229e-02,4.722655e-02,9.801738e-03,1.482106e+07
2.583333e+01,8.970818e-01,4.433059e-02,4.811762e-02,1.047004e-02,1.542205e+07
2.600000e+01,8.950769e-01,4.522165e-02,4.856315e-02,1.113834e-02,1.603129e+07
2.616667e+01,8.941858e-01,4.522165e-02,4.878592e-02,1.180664e-02,1.663332e+07
2.633333e+01,8.928492e-01,4.566719e-02,4.900869e-02,1.247494e-02,1.724294e+07
2.650000e+01,8.903988e-01,4.633549e-02,4.989975e-02,1.336601e-02,1.784349e+07
2.666667e+01,8.879483e-01,4.744932e-02,5.079082e-02,1.381154e-02,1.840676e+07
2.683333e+01,8.850524e-01,4.789485e-02,5.324126e-02,1.381154e-02,1.895760e+07
2.700000e+01,8.826019e-01,4.923145e-02,5.368679e-02,1.447984e-02,1.952881e+07
2.716667e+01,8.808198e-01,5.012252e-02,5.390956e-02,1.514814e-02,2.028640e+07
2.733333e+01,8.783693e-01,5.034529e-02,5.457786e-02,1.670751e-02,2.103153e+07
2.750000e+01,8.759189e-01,5.145912e-02,5.546892e-02,1.715304e-02,2.175078e+07
2.766667e+01,8.732457e-01,5.279572e-02,5.635999e-02,1.759857e-02,2.239473e+07
2.783333e+01,8.714636e-01,5.301849e-02,5.635999e-02,1.915794e-02,2.308857e+07
2.800000e+01,8.712408e-01,5.123636e-02,5.725106e-02,2.027178e-02,2.381961e+07
2.816667e+01,8.683448e-01,5.190466e-02,5.836489e-02,2.138561e-02,2.436916e+07
2.833333e+01,8.663399e-01,5.257296e-02,5.881043e-02,2.227668e-02,2.487578e+07
2.850000e+01,8.643350e-01,5.257296e-02,5.992426e-02,2.316774e-02,2.535087e+07
2.866667e+01,8.614391e-01,5.524616e-02,5.992426e-02,2.339051e-02,2.579555e+07
2.883333e+01,8.589886e-01,5.635999e-02,5.925596e-02,2.539541e-02,2.622998e+07
2.900000e+01,8.556471e-01,5.769659e-02,6.014703e-02,2.650924e-02,2.673616e+07
2.916667e+01,8.538650e-01,5.791936e-02,6.081533e-02,2.740031e-02,2.697278e+07
2.933333e+01,8.516373e-01,5.747382e-02,6.215193e-02,2.873691e-02,2.713625e+07
2.950000e+01,8.487414e-01,5.925596e-02,6.215193e-02,2.985075e-02,2.730238e+07
2.966667e+01,8.465137e-01,5.970149e-02,6.215193e-02,3.163288e-02,2.735312e+07
2.983333e+01,8.429494e-01,6.170639e-02,6.237469e-02,3.296948e-02,2.732548e+07
3.000000e+01,8.409445e-01,6.259746e-02,6.259746e-02,3.386055e-02,2.707812e+07
3.016667e+01,8.391624e-01,6.259746e-02,6.326576e-02,3.497438e-02,2.670649e+07
3.033333e+01,8.378258e-01,6.282023e-02,6.348853e-02,3.586545e-02,2.634684e+07
3.050000e+01,8.358209e-01,6.282023e-02,6.460236e-02,3.675652e-02,2.598474e+07
3.066667e+01,8.329249e-01,6.348853e-02,6.638450e-02,3.720205e-02,2.561815e+07
3.083333e+01,8.306973e-01,6.460236e-02,6.705280e-02,3.764758e-02,2.522881e+07
3.100000e+01,8.280241e-01,6.571620e-02,6.816663e-02,3.809312e-02,2.488380e+07
3.116667e+01,8.251281e-01,6.549343e-02,7.061706e-02,3.876142e-02,2.461043e+07
3.133333e+01,8.233460e-01,6.549343e-02,7.150813e-02,3.965248e-02,2.437453e+07
3.150000e+01,8.200045e-01,6.705280e-02,7.195366e-02,4.098908e-02,2.415201e+07
3.166667e+01,8.164402e-01,6.883493e-02,7.284473e-02,4.188015e-02,2.395745e+07
3.183333e+01,8.139898e-01,6.794386e-02,7.507240e-02,4.299399e-02,2.367464e+07
3.200000e+01,8.113166e-01,6.816663e-02,7.707730e-02,4.343952e-02,2.341108e+07
3.216667e+01,8.093117e-01,6.883493e-02,7.841390e-02,4.343952e-02,2.308917e+07
3.233333e+01,8.081978e-01,6.838940e-02,7.952773e-02,4.388505e-02,2.287931e+07
3.250000e+01,8.066384e-01,6.749833e-02,8.108710e-02,4.477612e-02,2.280128e+07
3.266667e+01,8.048563e-01,6.727556e-02,8.264647e-02,4.522165e-02,2.276234e+07
3.283333e+01,8.030742e-01,6.861216e-02,8.264647e-02,4.566719e-02,2.267768e+07
3.300000e+01,7.997327e-01,7.083983e-02,8.264647e-02,4.678102e-02,2.263356e+07
3.316667e+01,7.977278e-01,7.017153e-02,8.442860e-02,4.767209e-02,2.266637e+07
3.333333e+01,7.948318e-01,7.039430e-02,8.665627e-02,4.811762e-02,2.264092e+07
3.350000e+01,7.930497e-01,7.039430e-02,8.754734e-02,4.900869e-02,2.263209e+07
3.366667e+01,7.905992e-01,7.106260e-02,8.799287e-02,5.034529e-02,2.270799e+07
3.383333e+01,7.879260e-01,7.173090e-02,8.932947e-02,5.101359e-02,2.274708e+07
3.400000e+01,7.843618e-01,7.262196e-02,9.066607e-02,5.235019e-02,2.272415e+07
3.416667e+01,7.823569e-01,7.262196e-02,9.155714e-02,5.346402e-02,2.276260e+07
3.433333e+01,7.799064e-01,7.373580e-02,9.222544e-02,5.413232e-02,2.282076e+07
3.450000e+01,7.781243e-01,7.351303e-02,9.289374e-02,5.546892e-02,2.286677e+07
3.466667e+01,7.763422e-01,7.306750e-02,9.467587e-02,5.591446e-02,2.297585e+07
3.483333e+01,7.734462e-01,7.418133e-02,9.578971e-02,5.658276e-02,2.299044e+07
3.500000e+01,7.701047e-01,7.640900e-02,9.668078e-02,5.680552e-02,2.309072e+07
3.516667e+01,7.680998e-01,7.685453e-02,9.779461e-02,5.725106e-02,2.325201e+07
3.533333e+01,7.656494e-01,7.796837e-02,9.779461e-02,5.858766e-02,2.354797e+07
3.550000e+01,7.616396e-01,7.952773e-02,9.935398e-02,5.947873e-02,2.398916e+07
3.566667e+01,7.585208e-01,7.997327e-02,1.006906e-01,6.081533e-02,2.438931e+07
3.583333e+01,7.569615e-01,7.975050e-02,1.004678e-01,6.282023e-02,2.487175e+07
3.600000e+01,7.547338e-01,8.041880e-02,1.015816e-01,6.326576e-02,2.536619e+07
3.616667e+01,7.533972e-01,7.975050e-02,1.029182e-01,6.393406e-02,2.572183e+07
3.633333e+01,7.518378e-01,7.885943e-02,1.044776e-01,6.482513e-02,2.625579e+07
3.650000e+01,7.498329e-01,7.841390e-02,1.055914e-01,6.616173e-02,2.687323e+07
3.666667e+01,7.480508e-01,7.863667e-02,1.055914e-01,6.772110e-02,2.759667e+07
3.683333e+01,7.460459e-01,7.930497e-02,1.051459e-01,6.950323e-02,2.829956e+07
3.700000e+01,7.433727e-01,8.064157e-02,1.060370e-01,6.994876e-02,2.891996e+07
3.716667e+01,7.413678e-01,8.130987e-02,1.071508e-01,7.017153e-02,2.948199e+07
3.733333e+01,7.398084e-01,8.064157e-02,1.082646e-01,7.128536e-02,3.021885e+07
3.750000e+01,7.355759e-01,8.242370e-02,1.098240e-01,7.217643e-02,3.113133e+07
3.766667e+01,7.337937e-01,8.264647e-02,1.091557e-01,7.440410e-02,3.207067e+07
3.783333e+01,7.311205e-01,8.331477e-02,1.100468e-01,7.551793e-02,3.310392e+07
3.800000e+01,7.286701e-01,8.398307e-02,1.098240e-01,7.752283e-02,3.394659e+07
3.816667e+01,7.255513e-01,8.554244e-02,1.104923e-01,7.841390e-02,3.488591e+07
3.833333e+01,7.239920e-01,8.331477e-02,1.129427e-01,7.975050e-02,3.572487e+07
3.850000e+01,7.213188e-01,8.286924e-02,1.142793e-01,8.153264e-02,3.664944e+07
3.866667e+01,7.179773e-01,8.465137e-02,1.145021e-01,8.286924e-02,3.764224e+07
3.883333e+01,7.155268e-01,8.398307e-02,1.160615e-01,8.442860e-02,3.859445e+07
3.900000e+01,7.124081e-01,8.509690e-02,1.167298e-01,8.576520e-02,3.953201e+07
3.916667e+01,7.088438e-01,8.643350e-02,1.178436e-01,8.687904e-02,4.045650e+07
3.933333e+01,7.077300e-01,8.376030e-02,1.198485e-01,8.866117e-02,4.139838e+07
3.950000e+01,7.046113e-01,8.442860e-02,1.194030e-01,9.155714e-02,4.249592e+07
3.966667e+01,7.008242e-01,8.442860e-02,1.218534e-01,9.289374e-02,4.350797e+07
3.983333e+01,6.974827e-01,8.531967e-02,1.211851e-01,9.601247e-02,4.421413e+07
4.000000e+01,6.952551e-01,8.621074e-02,1.198485e-01,9.868568e-02,4.495158e+07
4.016667e+01,6.925819e-01,8.621074e-02,1.196258e-01,1.015816e-01,4.548194e+07
4.033333e+01,6.903542e-01,8.687904e-02,1.196258e-01,1.031410e-01,4.584404e+07
4.050000e+01,6.879038e-01,8.777010e-02,1.198485e-01,1.044776e-01,4.602696e+07
4.066667e+01,6.854533e-01,8.754734e-02,1.207396e-01,1.062597e-01,4.624379e+07
4.083333e+01,6.816663e-01,8.932947e-02,1.216307e-01,1.073736e-01,4.657782e+07
4.100000e+01,6.792159e-01,8.955224e-02,1.225217e-01,1.087102e-01,4.698535e+07
4.116667e+01,6.763199e-01,8.955224e-02,1.238583e-01,1.102695e-01,4.760728e+07
4.133333e+01,6.723101e-01,8.999777e-02,1.251949e-01,1.124972e-01,4.829866e+07
4.150000e+01,6.687458e-01,9.044331e-02,1.256405e-01,1.151704e-01,4.910760e+07
4.166667e+01,6.658499e-01,9.088884e-02,1.249722e-01,1.182892e-01,4.998678e+07
4.183333e+01,6.633994e-01,9.022054e-02,1.271998e-01,1.191802e-01,5.079419e+07
4.200000e+01,6.607262e-01,8.932947e-02,1.278681e-01,1.220762e-01,5.139071e+07
4.216667e+01,6.571620e-01,9.044331e-02,1.294275e-01,1.229673e-01,5.218420e+07
4.233333e+01,6.538204e-01,9.200267e-02,1.296503e-01,1.245266e-01,5.285075e+07
4.250000e+01,6.495879e-01,9.512141e-02,1.292047e-01,1.260860e-01,5.370215e+07
4.266667e+01,6.473602e-01,9.400757e-02,1.307641e-01,1.278681e-01,5.457327e+07
4.283333e+01,6.426821e-01,9.556694e-02,1.298730e-01,1.318779e-01,5.543269e+07
4.300000e+01,6.380040e-01,9.734908e-02,1.312096e-01,1.334373e-01,5.643512e+07
4.316667e+01,6.333259e-01,9.957674e-02,1.316552e-01,1.354422e-01,5.703575e+07
4.333333e+01,6.290933e-01,1.006906e-01,1.327690e-01,1.374471e-01,5.766453e+07
4.350000e+01,6.255291e-01,1.018044e-01,1.323235e-01,1.403431e-01,5.834789e+07
4.366667e+01,6.228559e-01,1.015816e-01,1.325462e-01,1.430163e-01,5.903900e+07
4.383333e+01,6.188461e-01,1.042548e-01,1.309869e-01,1.459122e-01,5.956148e+07
4.400000e+01,6.143907e-01,1.047004e-01,1.336601e-01,1.472488e-01,5.997493e+07
4.416667e+01,6.117175e-01,1.044776e-01,1.338828e-01,1.499220e-01,6.018350e+07
4.433333e+01,6.074850e-01,1.058142e-01,1.352194e-01,1.514814e-01,6.050409e+07
4.450000e+01,6.043662e-01,1.042548e-01,1.352194e-01,1.561595e-01,6.065187e+07
4.466667e+01,6.010247e-01,1.033638e-01,1.365560e-01,1.590555e-01,6.091422e+07
4.483333e+01,5.972377e-01,1.040321e-01,1.381154e-01,1.606148e-01,6.074929e+07
4.500000e+01,5.936734e-01,1.049231e-01,1.383382e-01,1.630653e-01,6.053208e+07
4.516667e+01,5.903319e-01,1.044776e-01,1.398975e-01,1.652929e-01,6.044586e+07
4.533333e+01,5.869904e-01,1.035865e-01,1.416797e-01,1.677434e-01,6.029278e+07
4.550000e+01,5.832034e-01,1.047004e-01,1.414569e-01,1.706393e-01,6.027356e+07
4.566667e+01,5.805302e-01,1.029182e-01,1.434618e-01,1.730898e-01,6.024741e+07
4.583333e+01,5.771887e-01,1.033638e-01,1.452439e-01,1.742036e-01,6.002479e+07
4.600000e+01,5.734016e-01,1.044776e-01,1.461350e-01,1.759857e-01,5.973200e+07
4.616667e+01,5.691691e-01,1.058142e-01,1.459122e-01,1.791045e-01,5.967344e+07
4.633333e+01,5.647137e-01,1.080419e-01,1.463578e-01,1.808866e-01,5.975439e+07
4.650000e+01,5.611495e-01,1.087102e-01,1.468033e-01,1.833370e-01,5.965068e+07
4.666667e+01,5.582535e-01,1.084874e-01,1.479171e-01,1.853419e-01,5.961354e+07
4.683333e+01,5.537982e-01,1.100468e-01,1.481399e-01,1.880151e-01,5.952090e+07
4.700000e+01,5.486745e-01,1.118289e-01,1.490310e-01,1.904656e-01,5.949841e+07
4.716667e+01,5.442192e-01,1.133883e-01,1.492537e-01,1.931388e-01,5.936087e+07
4.733333e+01,5.415460e-01,1.129427e-01,1.512586e-01,1.942526e-01,5.923924e+07
4.750000e+01,5.370907e-01,1.147249e-01,1.505903e-01,1.975941e-01,5.916804e+07
4.766667e+01,5.348630e-01,1.145021e-01,1.501448e-01,2.004901e-01,5.931921e+07
4.783333e+01,5.306304e-01,1.158387e-01,1.505903e-01,2.029405e-01,5.932248e+07
4.800000e+01,5.281800e-01,1.165070e-01,1.503676e-01,2.049454e-01,5.930310e+07
4.816667e+01,5.248385e-01,1.185119e-01,1.488082e-01,2.078414e-01,5.922240e+07
4.833333e+01,5.197149e-01,1.196258e-01,1.499220e-01,2.107374e-01,5.920132e+07
4.850000e+01,5.145912e-01,1.207396e-01,1.521497e-01,2.125195e-01,5.907755e+07
4.866667e+01,5.105814e-01,1.220762e-01,1.523725e-01,2.149699e-01,5.876621e+07
4.883333e+01,5.070172e-01,1.218534e-01,1.534863e-01,2.176431e-01,5.866171e+07
4.900000e+01,5.034529e-01,1.216307e-01,1.559367e-01,2.189797e-01,5.851096e+07
4.916667e+01,4.989975e-01,1.222990e-01,1.572733e-01,2.214302e-01,5.830243e+07
4.933333e+01,4.949877e-01,1.211851e-01,1.603921e-01,2.234351e-01,5.829728e+07
4.950000e+01,4.918690e-01,1.205168e-01,1.621742e-01,2.254400e-01,5.830086e+07
4.966667e+01,4.845177e-01,1.245266e-01,1.644019e-01,2.265538e-01,5.840834e+07
4.983333e+01,4.820673e-01,1.234128e-01,1.659612e-01,2.285587e-01,5.853763e+07
5.000000e+01,4.769436e-01,1.245266e-01,1.675206e-01,2.310091e-01,5.887815e+07
5.016667e+01,4.740477e-01,1.254177e-01,1.668523e-01,2.336823e-01,5.928850e+07
5.033333e+01,4.693696e-01,1.271998e-01,1.681889e-01,2.352417e-01,5.965722e+07
5.050000e+01,4.651370e-01,1.278681e-01,1.693027e-01,2.376921e-01,5.997440e+07
5.066667e+01,4.617955e-01,1.269771e-01,1.717532e-01,2.394743e-01,6.036135e+07
5.083333e+01,4.586768e-01,1.269771e-01,1.726442e-01,2.417019e-01,6.068506e+07
5.100000e+01,4.573402e-01,1.251949e-01,1.744264e-01,2.430385e-01,6.108541e+07
5.116667e+01,4.528848e-01,1.271998e-01,1.750947e-01,2.448207e-01,6.156559e+07
5.133333e+01,4.482067e-01,1.283137e-01,1.766540e-01,2.468256e-01,6.223469e+07
5.150000e+01,4.441969e-01,1.287592e-01,1.788817e-01,2.481622e-01,6.297164e+07
5.166667e+01,4.413010e-01,1.274226e-01,1.795500e-01,2.517264e-01,6.378196e+07
5.183333e+01,4.372912e-01,1.285364e-01,1.802183e-01,2.539541e-01,6.476948e+07
5.200000e+01,4.326131e-01,1.316552e-01,1.786589e-01,2.570728e-01,6.549122e+07
5.216667e+01,4.286033e-01,1.307641e-01,1.813321e-01,2.593005e-01,6.622833e+07
5.233333e+01,4.219202e-01,1.341056e-01,1.815549e-01,2.624192e-01,6.686340e+07
5.250000e+01,4.165738e-01,1.358877e-01,1.835598e-01,2.639786e-01,6.752020e+07
5.266667e+01,4.118957e-01,1.370016e-01,1.857875e-01,2.653152e-01,6.791857e+07
5.283333e+01,4.092225e-01,1.352194e-01,1.880151e-01,2.675429e-01,6.849926e+07
5.300000e+01,4.054355e-01,1.354422e-01,1.891290e-01,2.699933e-01,6.925020e+07
5.316667e+01,4.016485e-01,1.361105e-01,1.900200e-01,2.722210e-01,6.993044e+07
5.333333e+01,3.965248e-01,1.365560e-01,1.915794e-01,2.753397e-01,7.060862e+07
5.350000e+01,3.911784e-01,1.385609e-01,1.915794e-01,2.786812e-01,7.129035e+07
5.366667e+01,3.878369e-01,1.387837e-01,1.922477e-01,2.811317e-01,7.189215e+07
5.383333e+01,3.847182e-01,1.370016e-01,1.938071e-01,2.844732e-01,7.238015e+07
5.400000e+01,3.804856e-01,1.378926e-01,1.951437e-01,2.864781e-01,7.295226e+07
5.416667e+01,3.758075e-01,1.367788e-01,1.978169e-01,2.895968e-01,7.355034e+07
5.433333e+01,3.726888e-01,1.358877e-01,1.987080e-01,2.927155e-01,7.427646e+07
5.450000e+01,3.682335e-01,1.356650e-01,2.002673e-01,2.958343e-01,7.504157e+07
5.466667e+01,3.633326e-01,1.370016e-01,2.007129e-01,2.989530e-01,7.597091e+07
5.483333e+01,3.586545e-01,1.381154e-01,1.995990e-01,3.036311e-01,7.683468e+07
5.500000e+01,3.546447e-01,1.383382e-01,1.995990e-01,3.074181e-01,7.768714e+07
5.516667e+01,3.501894e-01,1.385609e-01,2.000446e-01,3.112052e-01,7.817695e+07
5.533333e+01,3.475162e-01,1.363333e-01,2.013812e-01,3.147694e-01,7.862704e+07
5.550000e+01,3.432836e-01,1.378926e-01,2.016039e-01,3.172199e-01,7.894476e+07
5.566667e+01,3.390510e-01,1.390065e-01,2.007129e-01,3.212297e-01,7.918186e+07
5.583333e+01,3.366006e-01,1.390065e-01,2.020495e-01,3.223435e-01,7.962487e+07
5.600000e+01,3.305859e-01,1.403431e-01,2.029405e-01,3.261305e-01,7.995811e+07
5.616667e+01,3.274671e-01,1.403431e-01,2.038316e-01,3.283582e-01,8.062744e+07
5.633333e+01,3.218980e-01,1.401203e-01,2.060593e-01,3.319225e-01,8.120219e+07
5.650000e+01,3.161060e-01,1.430163e-01,2.053910e-01,3.354867e-01,8.198405e+07
5.666667e+01,3.107596e-01,1.439073e-01,2.062820e-01,3.390510e-01,8.270852e+07
5.683333e+01,3.063043e-01,1.452439e-01,2.073959e-01,3.410559e-01,8.335395e+07
5.700000e+01,3.025173e-01,1.447984e-01,2.073959e-01,3.452885e-01,8.387854e+07
5.716667e+01,2.998441e-01,1.441301e-01,2.065048e-01,3.495211e-01,8.466093e+07
5.733333e+01,2.947204e-01,1.443529e-01,2.087325e-01,3.521943e-01,8.521488e+07
5.750000e+01,2.895968e-01,1.456895e-01,2.094008e-01,3.553130e-01,8.554577e+07
5.766667e+01,2.853642e-01,1.463578e-01,2.087325e-01,3.595456e-01,8.597124e+07
5.783333e+01,2.813544e-01,1.465805e-01,2.089552e-01,3.631098e-01,8.644866e+07
5.800000e+01,2.777902e-01,1.463578e-01,2.102918e-01,3.655603e-01,8.687364e+07
5.816667e+01,2.726665e-01,1.470261e-01,2.102918e-01,3.700156e-01,8.730955e+07
5.833333e+01,2.653152e-01,1.499220e-01,2.100691e-01,3.746937e-01,8.791343e+07
5.850000e+01,2.613054e-01,1.499220e-01,2.096235e-01,3.791490e-01,8.828544e+07
5.866667e+01,2.566273e-01,1.496993e-01,2.116284e-01,3.820450e-01,8.854163e+07
5.883333e+01,2.539541e-01,1.483627e-01,2.116284e-01,3.860548e-01,8.850333e+07
5.900000e+01,2.488305e-01,1.496993e-01,2.131878e-01,3.882825e-01,8.861754e+07
5.916667e+01,2.439296e-01,1.490310e-01,2.154155e-01,3.916240e-01,8.869802e+07
5.933333e+01,2.379149e-01,1.496993e-01,2.178659e-01,3.945199e-01,8.892155e+07
5.950000e+01,2.319002e-01,1.496993e-01,2.216529e-01,3.967476e-01,8.918694e+07
5.966667e+01,2.278904e-01,1.503676e-01,2.223212e-01,3.994208e-01,8.960648e+07
5.983333e+01,2.232123e-01,1.501448e-01,2.225440e-01,4.040989e-01,9.027995e+07
6.000000e+01,2.198708e-01,1.503676e-01,2.232123e-01,4.065493e-01,9.105470e+07
6.016667e+01,2.140789e-01,1.532635e-01,2.223212e-01,4.103364e-01,9.157773e+07
6.033333e+01,2.109601e-01,1.532635e-01,2.209846e-01,4.147917e-01,9.219480e+07
6.050000e+01,2.073959e-01,1.534863e-01,2.189797e-01,4.201381e-01,9.274576e+07
6.066667e+01,2.042771e-01,1.532635e-01,2.178659e-01,4.245935e-01,9.318024e+07
6.083333e+01,1.982624e-01,1.541546e-01,2.216529e-01,4.259301e-01,9.329225e+07
6.100000e+01,1.958120e-01,1.514814e-01,2.225440e-01,4.301626e-01,9.325957e+07
6.116667e+01,1.920249e-01,1.521497e-01,2.220985e-01,4.337269e-01,9.366929e+07
6.133333e+01,1.897973e-01,1.512586e-01,2.212074e-01,4.377367e-01,9.393152e+07
6.150000e+01,1.853419e-01,1.512586e-01,2.218757e-01,4.415237e-01,9.424629e+07
6.166667e+01,1.811094e-01,1.512586e-01,2.214302e-01,4.462018e-01,9.450535e+07
6.183333e+01,1.768768e-01,1.505903e-01,2.216529e-01,4.508799e-01,9.484881e+07
6.200000e+01,1.730898e-01,1.508131e-01,2.220985e-01,4.539987e-01,9.500474e+07
6.216667e+01,1.699710e-01,1.510359e-01,2.203163e-01,4.586768e-01,9.494772e+07
6.233333e+01,1.670751e-01,1.510359e-01,2.200936e-01,4.617955e-01,9.502006e+07
6.250000e+01,1.641791e-01,1.499220e-01,2.207619e-01,4.651370e-01,9.499183e+07
6.266667e+01,1.599465e-01,1.496993e-01,2.212074e-01,4.691468e-01,9.497423e+07
6.283333e+01,1.563823e-01,1.494765e-01,2.216529e-01,4.724883e-01,9.505178e+07
6.300000e+01,1.523725e-01,1.501448e-01,2.220985e-01,4.753843e-01,9.511640e+07
6.316667e+01,1.481399e-01,1.503676e-01,2.214302e-01,4.800624e-01,9.536752e+07
6.333333e+01,1.445756e-01,1.483627e-01,2.236578e-01,4.834039e-01,9.577887e+07
6.350000e+01,1.410114e-01,1.488082e-01,2.220985e-01,4.880820e-01,9.598537e+07
6.366667e+01,1.385609e-01,1.470261e-01,2.238806e-01,4.905324e-01,9.634442e+07
6.383333e+01,1.354422e-01,1.452439e-01,2.258855e-01,4.934284e-01,9.651540e+07
6.400000e+01,1.327690e-01,1.441301e-01,2.269993e-01,4.961016e-01,9.699726e+07
6.416667e+01,1.283137e-01,1.445756e-01,2.278904e-01,4.992203e-01,9.761414e+07
6.433333e+01,1.256405e-01,1.434618e-01,2.281132e-01,5.027846e-01,9.837443e+07
6.450000e+01,1.236356e-01,1.410114e-01,2.285587e-01,5.067944e-01,9.935287e+07
6.466667e+01,1.211851e-01,1.401203e-01,2.261083e-01,5.125863e-01,1.003897e+08
6.483333e+01,1.194030e-01,1.378926e-01,2.263310e-01,5.163734e-01,1.014191e+08
6.500000e+01,1.167298e-01,1.367788e-01,2.272221e-01,5.192693e-01,1.020739e+08
6.516667e+01,1.147249e-01,1.347739e-01,2.265538e-01,5.239474e-01,1.026718e+08
6.533333e+01,1.113834e-01,1.343284e-01,2.254400e-01,5.288483e-01,1.034159e+08
6.550000e+01,1.082646e-01,1.343284e-01,2.243261e-01,5.330809e-01,1.040403e+08
6.566667e+01,1.067053e-01,1.321007e-01,2.234351e-01,5.377590e-01,1.045660e+08
6.583333e+01,1.024727e-01,1.347739e-01,2.200936e-01,5.426598e-01,1.049613e+08
6.600000e+01,1.004678e-01,1.325462e-01,2.196480e-01,5.473379e-01,1.052945e+08
6.616667e+01,9.824014e-02,1.307641e-01,2.180887e-01,5.529071e-01,1.054584e+08
6.633333e+01,9.512141e-02,1.314324e-01,2.165293e-01,5.569169e-01,1.053923e+08
6.650000e+01,9.289374e-02,1.292047e-01,2.178659e-01,5.600356e-01,1.050421e+08
6.666667e+01,9.177991e-02,1.276454e-01,2.158610e-01,5.647137e-01,1.047642e+08
6.683333e+01,8.999777e-02,1.265315e-01,2.158610e-01,5.676097e-01,1.047634e+08
6.700000e+01,8.799287e-02,1.229673e-01,2.169748e-01,5.720650e-01,1.046291e+08
6.716667e+01,8.710180e-02,1.209624e-01,2.163065e-01,5.756293e-01,1.046684e+08
6.733333e+01,8.465137e-02,1.207396e-01,2.147472e-01,5.798619e-01,1.046530e+08
6.750000e+01,8.242370e-02,1.200713e-01,2.145244e-01,5.829806e-01,1.046934e+08
6.766667e+01,8.041880e-02,1.191802e-01,2.127423e-01,5.876587e-01,1.047604e+08
6.783333e+01,7.730007e-02,1.196258e-01,2.120740e-01,5.910002e-01,1.051152e+08
6.800000e+01,7.462687e-02,1.180664e-01,2.131878e-01,5.941190e-01,1.052516e+08
6.816667e+01,7.128536e-02,1.187347e-01,2.111829e-01,5.987971e-01,1.055356e+08
6.833333e+01,6.994876e-02,1.151704e-01,2.125195e-01,6.023613e-01,1.060437e+08
6.850000e+01,6.794386e-02,1.147249e-01,2.116284e-01,6.057028e-01,1.064774e+08
6.866667e+01,6.638450e-02,1.122744e-01,2.111829e-01,6.101582e-01,1.069614e+08
6.883333e+01,6.437959e-02,1.100468e-01,2.118512e-01,6.137224e-01,1.075303e+08
6.900000e+01,6.259746e-02,1.084874e-01,2.100691e-01,6.188461e-01,1.081574e+08
6.916667e+01,6.170639e-02,1.060370e-01,2.085097e-01,6.237469e-01,1.088682e+08
6.933333e+01,5.925596e-02,1.055914e-01,2.065048e-01,6.286478e-01,1.093377e+08
6.950000e+01,5.769659e-02,1.038093e-01,2.067276e-01,6.317665e-01,1.096533e+08
6.966667e+01,5.546892e-02,1.022499e-01,2.058365e-01,6.364446e-01,1.097602e+08
6.983333e+01,5.346402e-02,1.022499e-01,2.024950e-01,6.417910e-01,1.102540e+08
7.000000e+01,5.101359e-02,1.006906e-01,2.036088e-01,6.446870e-01,1.106338e+08
7.016667e+01,4.945422e-02,9.957674e-02,2.031633e-01,6.478057e-01,1.107862e+08
7.033333e+01,4.700379e-02,9.824014e-02,2.011584e-01,6.535977e-01,1.111905e+08
7.050000e+01,4.588995e-02,9.668078e-02,2.011584e-01,6.562709e-01,1.117947e+08
7.066667e+01,4.410782e-02,9.556694e-02,1.993763e-01,6.609490e-01,1.122265e+08
7.083333e+01,4.277122e-02,9.423034e-02,1.991535e-01,6.638450e-01,1.130067e+08
7.100000e+01,4.210292e-02,9.222544e-02,1.987080e-01,6.669637e-01,1.136789e+08
7.116667e+01,4.098908e-02,8.999777e-02,1.975941e-01,6.714190e-01,1.145097e+08
7.133333e+01,3.987525e-02,8.821564e-02,1.969258e-01,6.749833e-01,1.154047e+08
7.150000e+01,3.920695e-02,8.598797e-02,1.946982e-01,6.801069e-01,1.161952e+08
7.166667e+01,3.653375e-02,8.509690e-02,1.929160e-01,6.854533e-01,1.171587e+08
7.183333e+01,3.541992e-02,8.398307e-02,1.900200e-01,6.905770e-01,1.179303e+08
7.200000e+01,3.386055e-02,8.376030e-02,1.880151e-01,6.943640e-01,1.185198e+08
7.216667e+01,3.296948e-02,8.309200e-02,1.862330e-01,6.977055e-01,1.189335e+08
7.233333e+01,3.207841e-02,8.086434e-02,1.851192e-01,7.019381e-01,1.194009e+08
7.250000e+01,3.118735e-02,7.908220e-02,1.831143e-01,7.066162e-01,1.198852e+08
7.266667e+01,3.029628e-02,7.774560e-02,1.802183e-01,7.117398e-01,1.204090e+08
7.283333e+01,2.918245e-02,7.707730e-02,1.777679e-01,7.159724e-01,1.207706e+08
7.300000e+01,2.829138e-02,7.529517e-02,1.750947e-01,7.213188e-01,1.209410e+08
7.316667e+01,2.695478e-02,7.440410e-02,1.735353e-01,7.251058e-01,1.209373e+08
7.333333e+01,2.584094e-02,7.329027e-02,1.701938e-01,7.306750e-01,1.206864e+08
7.350000e+01,2.405881e-02,7.351303e-02,1.661840e-01,7.362442e-01,1.204499e+08
7.366667e+01,2.227668e-02,7.395857e-02,1.655157e-01,7.382491e-01,1.198605e+08
7.383333e+01,2.138561e-02,7.284473e-02,1.644019e-01,7.413678e-01,1.189039e+08
7.400000e+01,2.094008e-02,7.173090e-02,1.626197e-01,7.447093e-01,1.182698e+08
7.416667e+01,2.004901e-02,7.039430e-02,1.606148e-01,7.489419e-01,1.176237e+08
7.433333e+01,1.938071e-02,7.061706e-02,1.579416e-01,7.520606e-01,1.169917e+08
7.450000e+01,1.893517e-02,7.039430e-02,1.548229e-01,7.558476e-01,1.162286e+08
7.466667e+01,1.804411e-02,7.017153e-02,1.517042e-01,7.600802e-01,1.155919e+08
7.483333e+01,1.693027e-02,6.928046e-02,1.485854e-01,7.652038e-01,1.148951e+08
7.500000e+01,1.670751e-02,6.794386e-02,1.465805e-01,7.687681e-01,1.141279e+08
7.516667e+01,1.559367e-02,6.727556e-02,1.443529e-01,7.727779e-01,1.130717e+08
7.533333e+01,1.470261e-02,6.660726e-02,1.392292e-01,7.794609e-01,1.120443e+08
7.550000e+01,1.403431e-02,6.482513e-02,1.370016e-01,7.841390e-01,1.111035e+08
7.566667e+01,1.358877e-02,6.393406e-02,1.338828e-01,7.885943e-01,1.096247e+08
7.583333e+01,1.314324e-02,6.192916e-02,1.336601e-01,7.912675e-01,1.082021e+08
7.600000e+01,1.202941e-02,6.126086e-02,1.318779e-01,7.948318e-01,1.066190e+08
7.616667e+01,1.136110e-02,5.947873e-02,1.316552e-01,7.975050e-01,1.052961e+08
7.633333e+01,1.047004e-02,5.791936e-02,1.292047e-01,8.024059e-01,1.039981e+08
7.650000e+01,9.578971e-03,5.747382e-02,1.265315e-01,8.064157e-01,1.029057e+08
7.666667e+01,9.356204e-03,5.702829e-02,1.229673e-01,8.106483e-01,1.016721e+08
7.683333e+01,9.133437e-03,5.591446e-02,1.214079e-01,8.135442e-01,1.003662e+08
7.700000e+01,9.133437e-03,5.413232e-02,1.200713e-01,8.166630e-01,9.895973e+07
7.716667e+01,8.687904e-03,5.390956e-02,1.178436e-01,8.195589e-01,9.756367e+07
7.733333e+01,8.465137e-03,5.279572e-02,1.151704e-01,8.235687e-01,9.624926e+07
7.750000e+01,7.574070e-03,5.168189e-02,1.133883e-01,8.273558e-01,9.501289e+07
7.766667e+01,7.351303e-03,5.079082e-02,1.118289e-01,8.300290e-01,9.369054e+07
7.783333e+01,7.351303e-03,4.878592e-02,1.111606e-01,8.327022e-01,9.230503e+07
7.800000e+01,7.128536e-03,4.767209e-02,1.093785e-01,8.358209e-01,9.093893e+07
7.816667e+01,6.460236e-03,4.722655e-02,1.073736e-01,8.389396e-01,8.962107e+07
7.833333e+01,5.123636e-03,4.700379e-02,1.064825e-01,8.413901e-01,8.821026e+07
7.850000e+01,4.900869e-03,4.611272e-02,1.042548e-01,8.447316e-01,8.674528e+07
7.866667e+01,4.455335e-03,4.544442e-02,1.033638e-01,8.467365e-01,8.542985e+07
7.883333e+01,4.009802e-03,4.433059e-02,1.024727e-01,8.491869e-01,8.422112e+07
7.900000e+01,3.564268e-03,4.321675e-02,1.011361e-01,8.520829e-01,8.315720e+07
7.916667e+01,3.118735e-03,4.232569e-02,9.868568e-02,8.558699e-01,8.212742e+07
7.933333e+01,2.673201e-03,4.210292e-02,9.556694e-02,8.596569e-01,8.112234e+07
7.950000e+01,2.004901e-03,4.188015e-02,9.534417e-02,8.607708e-01,7.997285e+07
7.966667e+01,2.004901e-03,4.076632e-02,9.423034e-02,8.629984e-01,7.866077e+07
7.983333e+01,2.004901e-03,3.942972e-02,9.289374e-02,8.656716e-01,7.755136e+07
