Time,U,I1,I2,D,Ve
0.000000e+00,9.997772e-01,2.227668e-04,0.000000e+00,0.000000e+00,0.000000e+00
1.666667e-01,9.997772e-01,2.227668e-04,0.000000e+00,0.000000e+00,0.000000e+00
3.333333e-01,9.997772e-01,2.227668e-04,0.000000e+00,0.000000e+00,0.000000e+00
5.000000e-01,9.997772e-01,2.227668e-04,0.000000e+00,0.000000e+00,0.000000e+00
6.666667e-01,9.997772e-01,2.227668e-04,0.000000e+00,0.000000e+00,0.000000e+00
8.333333e-01,9.997772e-01,2.227668e-04,0.000000e+00,0.000000e+00,0.000000e+00
1.000000e+00,9.997772e-01,0.000000e+00,2.227668e-04,0.000000e+00,0.000000e+00
1.166667e+00,9.997772e-01,0.000000e+00,2.227668e-04,0.000000e+00,0.000000e+00
1.333333e+00,9.997772e-01,0.000000e+00,2.227668e-04,0.000000e+00,1.081140e-02
1.500000e+00,9.997772e-01,0.000000e+00,2.227668e-04,0.000000e+00,2.338712e-02
1.666667e+00,9.997772e-01,0.000000e+00,2.227668e-04,0.000000e+00,3.825059e-02
1.833333e+00,9.997772e-01,0.000000e+00,2.227668e-04,0.000000e+00,5.604909e-02
2.000000e+00,9.997772e-01,0.000000e+00,2.227668e-04,0.000000e+00,7.758539e-02
2.166667e+00,9.997772e-01,0.000000e+00,2.227668e-04,0.000000e+00,1.038572e-01
2.333333e+00,9.997772e-01,0.000000e+00,2.227668e-04,0.000000e+00,1.361064e-01
2.500000e+00,9.997772e-01,0.000000e+00,2.227668e-04,0.000000e+00,1.758809e-01
2.666667e+00,9.997772e-01,0.000000e+00,2.227668e-04,0.000000e+00,2.251112e-01
2.833333e+00,9.997772e-01,0.000000e+00,2.227668e-04,0.000000e+00,2.862069e-01
3.000000e+00,9.997772e-01,0.000000e+00,2.227668e-04,0.000000e+00,3.621769e-01
3.166667e+00,9.997772e-01,0.000000e+00,2.227668e-04,0.000000e+00,4.567794e-01
3.333333e+00,9.997772e-01,0.000000e+00,2.227668e-04,0.000000e+00,5.747101e-01
3.500000e+00,9.997772e-01,0.000000e+00,2.227668e-04,0.000000e+00,7.218368e-01
3.666667e+00,9.997772e-01,0.000000e+00,2.227668e-04,0.000000e+00,9.054929e-01
3.833333e+00,9.997772e-01,0.000000e+00,2.227668e-04,0.000000e+00,1.134845e+00
4.000000e+00,9.997772e-01,0.000000e+00,2.227668e-04,0.000000e+00,1.421350e+00
4.166667e+00,9.997772e-01,0.000000e+00,2.227668e-04,0.000000e+00,1.779331e+00
4.333333e+00,9.997772e-01,0.000000e+00,2.227668e-04,0.000000e+00,2.226695e+00
4.500000e+00,9.997772e-01,0.000000e+00,2.227668e-04,0.000000e+00,2.785823e+00
4.666667e+00,9.997772e-01,0.000000e+00,2.227668e-04,0.000000e+00,3.484701e+00
4.833333e+00,9.997772e-01,0.000000e+00,2.227668e-04,0.000000e+00,4.358313e+00
5.000000e+00,9.997772e-01,0.000000e+00,2.227668e-04,0.000000e+00,5.450395e+00
5.166667e+00,9.997772e-01,0.000000e+00,2.227668e-04,0.000000e+00,6.815628e+00
5.333333e+00,9.997772e-01,0.000000e+00,2.227668e-04,0.000000e+00,8.522370e+00
5.500000e+00,9.997772e-01,0.000000e+00,2.227668e-04,0.000000e+00,1.065608e+01
5.666667e+00,9.997772e-01,0.000000e+00,2.227668e-04,0.000000e+00,1.332362e+01
5.833333e+00,9.997772e-01,0.000000e+00,2.227668e-04,0.000000e+00,1.665853e+01
6.000000e+00,9.997772e-01,0.000000e+00,2.227668e-04,0.000000e+00,2.082782e+01
6.166667e+00,9.997772e-01,0.000000e+00,2.227668e-04,0.000000e+00,2.604023e+01
6.333333e+00,9.997772e-01,0.000000e+00,2.227668e-04,0.000000e+00,3.255673e+01
6.500000e+00,9.997772e-01,0.000000e+00,2.227668e-04,0.000000e+00,4.070353e+01
6.666667e+00,9.997772e-01,0.000000e+00,2.227668e-04,0.000000e+00,5.088841e+01
6.833333e+00,9.997772e-01,0.000000e+00,2.227668e-04,0.000000e+00,6.362112e+01
7.000000e+00,9.997772e-01,0.000000e+00,2.227668e-04,0.000000e+00,7.953872e+01
7.166667e+00,9.997772e-01,0.000000e+00,2.227668e-04,0.000000e+00,9.943750e+01
7.333333e+00,9.993317e-01,4.455335e-04,2.227668e-04,0.000000e+00,1.243126e+02
7.500000e+00,9.993317e-01,4.455335e-04,2.227668e-04,0.000000e+00,1.554074e+02
7.666667e+00,9.993317e-01,4.455335e-04,2.227668e-04,0.000000e+00,1.942755e+02
7.833333e+00,9.991089e-01,6.683003e-04,2.227668e-04,0.000000e+00,2.428578e+02
8.000000e+00,9.991089e-01,6.683003e-04,2.227668e-04,0.000000e+00,3.035783e+02
8.166667e+00,9.991089e-01,6.683003e-04,2.227668e-04,0.000000e+00,3.794636e+02
8.333333e+00,9.984406e-01,1.336601e-03,2.227668e-04,0.000000e+00,4.742916e+02
8.500000e+00,9.982179e-01,1.336601e-03,4.455335e-04,0.000000e+00,5.927765e+02
8.666667e+00,9.979951e-01,1.559367e-03,4.455335e-04,0.000000e+00,7.407968e+02
8.833333e+00,9.975496e-01,2.004901e-03,4.455335e-04,0.000000e+00,9.256831e+02
9.000000e+00,9.973268e-01,2.227668e-03,4.455335e-04,0.000000e+00,1.156557e+03
9.166667e+00,9.968813e-01,2.673201e-03,4.455335e-04,0.000000e+00,1.444770e+03
9.333333e+00,9.964357e-01,3.118735e-03,4.455335e-04,0.000000e+00,1.804429e+03
9.500000e+00,9.959902e-01,3.564268e-03,4.455335e-04,0.000000e+00,2.253034e+03
9.666667e+00,9.957674e-01,3.341501e-03,8.910671e-04,0.000000e+00,2.812258e+03
9.833333e+00,9.948764e-01,4.232569e-03,8.910671e-04,0.000000e+00,3.508872e+03
1.000000e+01,9.942081e-01,4.678102e-03,1.113834e-03,0.000000e+00,4.375868e+03
1.016667e+01,9.937625e-01,4.900869e-03,1.336601e-03,0.000000e+00,5.453687e+03
1.033333e+01,9.935398e-01,4.900869e-03,1.559367e-03,0.000000e+00,6.791743e+03
1.050000e+01,9.930942e-01,4.900869e-03,2.004901e-03,0.000000e+00,8.450026e+03
1.066667e+01,9.924259e-01,4.900869e-03,2.673201e-03,0.000000e+00,1.050082e+04
1.083333e+01,9.917576e-01,5.569169e-03,2.673201e-03,0.000000e+00,1.303046e+04
1.100000e+01,9.915349e-01,5.569169e-03,2.895968e-03,0.000000e+00,1.614106e+04
1.116667e+01,9.910893e-01,5.791936e-03,3.118735e-03,0.000000e+00,1.995088e+04
1.133333e+01,9.906438e-01,6.237469e-03,3.118735e-03,0.000000e+00,2.459519e+04
1.150000e+01,9.901983e-01,6.460236e-03,3.341501e-03,0.000000e+00,3.022476e+04
1.166667e+01,9.890844e-01,7.574070e-03,3.341501e-03,0.000000e+00,3.700258e+04
1.183333e+01,9.879706e-01,8.242370e-03,3.787035e-03,0.000000e+00,4.509796e+04
1.200000e+01,9.875251e-01,8.687904e-03,3.787035e-03,0.000000e+00,5.467703e+04
1.216667e+01,9.866340e-01,9.578971e-03,3.787035e-03,0.000000e+00,6.589040e+04
1.233333e+01,9.864112e-01,9.578971e-03,4.009802e-03,0.000000e+00,7.885706e+04
1.250000e+01,9.850746e-01,1.069280e-02,4.232569e-03,0.000000e+00,9.364778e+04
1.266667e+01,9.841836e-01,1.136110e-02,4.455335e-03,0.000000e+00,1.102683e+05
1.283333e+01,9.835153e-01,1.202941e-02,4.455335e-03,0.000000e+00,1.286466e+05
1.300000e+01,9.824014e-01,1.314324e-02,4.455335e-03,0.000000e+00,1.486261e+05
1.316667e+01,9.810648e-01,1.381154e-02,5.123636e-03,0.000000e+00,1.699683e+05
1.333333e+01,9.803965e-01,1.403431e-02,5.569169e-03,0.000000e+00,1.923634e+05
1.350000e+01,9.792827e-01,1.514814e-02,5.569169e-03,0.000000e+00,2.154503e+05
1.366667e+01,9.788372e-01,1.470261e-02,6.460236e-03,0.000000e+00,2.388391e+05
1.383333e+01,9.783916e-01,1.403431e-02,7.574070e-03,0.000000e+00,2.621365e+05
1.400000e+01,9.775006e-01,1.447984e-02,8.019603e-03,0.000000e+00,2.849721e+05
1.416667e+01,9.763867e-01,1.537091e-02,8.242370e-03,0.000000e+00,3.070059e+05
1.433333e+01,9.761640e-01,1.470261e-02,9.133437e-03,0.000000e+00,3.279526e+05
1.450000e+01,9.759412e-01,1.447984e-02,9.578971e-03,0.000000e+00,3.475770e+05
1.466667e+01,9.748274e-01,1.559367e-02,9.578971e-03,0.000000e+00,3.657037e+05
1.483333e+01,9.728225e-01,1.693027e-02,1.024727e-02,0.000000e+00,3.822114e+05
1.500000e+01,9.717086e-01,1.782134e-02,1.047004e-02,0.000000e+00,3.970284e+05
1.516667e+01,9.710403e-01,1.782134e-02,1.113834e-02,0.000000e+00,4.101269e+05
1.533333e+01,9.703720e-01,1.804411e-02,1.158387e-02,0.000000e+00,4.215166e+05
1.550000e+01,9.685899e-01,1.938071e-02,1.180664e-02,2.227668e-04,4.312360e+05
1.566667e+01,9.665850e-01,2.116284e-02,1.202941e-02,2.227668e-04,4.393488e+05
1.583333e+01,9.659167e-01,2.183114e-02,1.202941e-02,2.227668e-04,4.015251e+05
1.600000e+01,9.650256e-01,2.227668e-02,1.247494e-02,2.227668e-04,3.671034e+05
1.616667e+01,9.634663e-01,2.316774e-02,1.314324e-02,2.227668e-04,3.358143e+05
1.633333e+01,9.621297e-01,2.361328e-02,1.403431e-02,2.227668e-04,3.074197e+05
1.650000e+01,9.612386e-01,2.272221e-02,1.581644e-02,2.227668e-04,2.817089e+05
1.666667e+01,9.592337e-01,2.428158e-02,1.626197e-02,2.227668e-04,2.585008e+05
1.683333e+01,9.581198e-01,2.494988e-02,1.670751e-02,2.227668e-04,2.376607e+05
1.700000e+01,9.578971e-01,2.383604e-02,1.804411e-02,2.227668e-04,2.190528e+05
1.716667e+01,9.567832e-01,2.383604e-02,1.915794e-02,2.227668e-04,2.025838e+05
1.733333e+01,9.554466e-01,2.405881e-02,2.027178e-02,2.227668e-04,1.882102e+05
1.750000e+01,9.547783e-01,2.472711e-02,2.027178e-02,2.227668e-04,1.774377e+05
1.766667e+01,9.545556e-01,2.383604e-02,2.138561e-02,2.227668e-04,1.689846e+05
1.783333e+01,9.543328e-01,2.383604e-02,2.160838e-02,2.227668e-04,1.629803e+05
1.800000e+01,9.538873e-01,2.405881e-02,2.183114e-02,2.227668e-04,1.603921e+05
1.816667e+01,9.529962e-01,2.361328e-02,2.316774e-02,2.227668e-04,1.608395e+05
1.833333e+01,9.525507e-01,2.316774e-02,2.405881e-02,2.227668e-04,1.647118e+05
1.850000e+01,9.518824e-01,2.316774e-02,2.472711e-02,2.227668e-04,1.727169e+05
1.866667e+01,9.505458e-01,2.361328e-02,2.561818e-02,2.227668e-04,1.852885e+05
1.883333e+01,9.498775e-01,2.361328e-02,2.628648e-02,2.227668e-04,2.031808e+05
1.900000e+01,9.487636e-01,2.428158e-02,2.673201e-02,2.227668e-04,2.295995e+05
1.916667e+01,9.478726e-01,2.450434e-02,2.740031e-02,2.227668e-04,2.636497e+05
1.933333e+01,9.467587e-01,2.561818e-02,2.740031e-02,2.227668e-04,3.066425e+05
1.950000e+01,9.460904e-01,2.561818e-02,2.806861e-02,2.227668e-04,3.600787e+05
1.966667e+01,9.458677e-01,2.517264e-02,2.873691e-02,2.227668e-04,4.256182e+05
1.983333e+01,9.451994e-01,2.561818e-02,2.895968e-02,2.227668e-04,5.051220e+05
2.000000e+01,9.440855e-01,2.628648e-02,2.918245e-02,4.455335e-04,6.005534e+05
2.016667e+01,9.436400e-01,2.539541e-02,3.051905e-02,4.455335e-04,7.140350e+05
2.033333e+01,9.429717e-01,2.584094e-02,3.074181e-02,4.455335e-04,8.169372e+05
2.050000e+01,9.425262e-01,2.517264e-02,3.185565e-02,4.455335e-04,9.668778e+05
2.066667e+01,9.414123e-01,2.517264e-02,3.296948e-02,4.455335e-04,1.142764e+06
2.083333e+01,9.402985e-01,2.606371e-02,3.319225e-02,4.455335e-04,1.347443e+06
2.100000e+01,9.394074e-01,2.628648e-02,3.363778e-02,6.683003e-04,1.583220e+06
2.116667e+01,9.378481e-01,2.628648e-02,3.519715e-02,6.683003e-04,1.852442e+06
2.133333e+01,9.369570e-01,2.673201e-02,3.564268e-02,6.683003e-04,2.117992e+06
2.150000e+01,9.360659e-01,2.717755e-02,3.608822e-02,6.683003e-04,2.422715e+06
2.166667e+01,9.351749e-01,2.673201e-02,3.720205e-02,8.910671e-04,2.767825e+06
2.183333e+01,9.345066e-01,2.628648e-02,3.764758e-02,1.559367e-03,3.154518e+06
2.200000e+01,9.340610e-01,2.584094e-02,3.853865e-02,1.559367e-03,3.555578e+06
2.216667e+01,9.313878e-01,2.784585e-02,3.898418e-02,1.782134e-03,3.912874e+06
2.233333e+01,9.298285e-01,2.851415e-02,3.965248e-02,2.004901e-03,4.314764e+06
2.250000e+01,9.282691e-01,2.851415e-02,4.076632e-02,2.450434e-03,4.718067e+06
2.266667e+01,9.262642e-01,2.985075e-02,4.121185e-02,2.673201e-03,5.151988e+06
2.283333e+01,9.258187e-01,2.940521e-02,4.121185e-02,3.564268e-03,5.558160e+06
2.300000e+01,9.251504e-01,2.829138e-02,4.277122e-02,3.787035e-03,5.990332e+06
2.316667e+01,9.238138e-01,2.918245e-02,4.277122e-02,4.232569e-03,6.302829e+06
2.333333e+01,9.222544e-01,2.962798e-02,4.366229e-02,4.455335e-03,6.620663e+06
2.350000e+01,9.215861e-01,2.962798e-02,4.433059e-02,4.455335e-03,6.895695e+06
2.366667e+01,9.206950e-01,2.895968e-02,4.544442e-02,4.900869e-03,7.190786e+06
2.383333e+01,9.186901e-01,3.029628e-02,4.588995e-02,5.123636e-03,7.549809e+06
2.400000e+01,9.162397e-01,3.207841e-02,4.611272e-02,5.569169e-03,7.880238e+06
2.416667e+01,9.149031e-01,3.274671e-02,4.611272e-02,6.237469e-03,8.244571e+06
2.433333e+01,9.137893e-01,3.296948e-02,4.655825e-02,6.683003e-03,8.599296e+06
2.450000e+01,9.115616e-01,3.497438e-02,4.655825e-02,6.905770e-03,8.897231e+06
2.466667e+01,9.102250e-01,3.519715e-02,4.767209e-02,6.905770e-03,9.235391e+06
2.483333e+01,9.084429e-01,3.697928e-02,4.700379e-02,7.574070e-03,9.624591e+06
2.500000e+01,9.064380e-01,3.831588e-02,4.767209e-02,7.574070e-03,1.010500e+07
2.516667e+01,9.042103e-01,3.876142e-02,4.923145e-02,7.796837e-03,1.055320e+07
2.533333e+01,9.026509e-01,3.920695e-02,4.967699e-02,8.465137e-03,1.109573e+07
2.550000e+01,9.002005e-01,4.098908e-02,5.012252e-02,8.687904e-03,1.174987e+07
2.566667e+01,8.986411e-01,4.098908e-02,5.079082e-02,9.578971e-03,1.241067e+07
2.583333e+01,8.970818e-01,4.054355e-02,5.235019e-02,1.002450e-02,1.315893e+07
2.600000e+01,8.957452e-01,4.121185e-02,5.279572e-02,1.024727e-02,1.384435e+07
2.616667e+01,8.944086e-01,4.165738e-02,5.324126e-02,1.069280e-02,1.455545e+07
2.633333e+01,8.921809e-01,4.210292e-02,5.435509e-02,1.136110e-02,1.535554e+07
2.650000e+01,8.903988e-01,4.232569e-02,5.502339e-02,1.225217e-02,1.615065e+07
2.666667e+01,8.881711e-01,4.321675e-02,5.569169e-02,1.292047e-02,1.693941e+07
2.683333e+01,8.863890e-01,4.299399e-02,5.725106e-02,1.336601e-02,1.765276e+07
2.700000e+01,8.843840e-01,4.433059e-02,5.702829e-02,1.425707e-02,1.837580e+07
2.716667e+01,8.828247e-01,4.455335e-02,5.791936e-02,1.470261e-02,1.912895e+07
2.733333e+01,8.817108e-01,4.388505e-02,5.836489e-02,1.603921e-02,1.985143e+07
2.750000e+01,8.794832e-01,4.433059e-02,5.814213e-02,1.804411e-02,2.059175e+07
2.766667e+01,8.770327e-01,4.522165e-02,5.947873e-02,1.826687e-02,2.116002e+07
2.783333e+01,8.752506e-01,4.588995e-02,5.881043e-02,2.004901e-02,2.143120e+07
2.800000e+01,8.723546e-01,4.700379e-02,6.014703e-02,2.049454e-02,2.180644e+07
2.816667e+01,8.694587e-01,4.923145e-02,5.947873e-02,2.183114e-02,2.199366e+07
2.833333e+01,8.676765e-01,4.967699e-02,6.036979e-02,2.227668e-02,2.237006e+07
2.850000e+01,8.634440e-01,5.212742e-02,6.126086e-02,2.316774e-02,2.264881e+07
2.866667e+01,8.607708e-01,5.435509e-02,6.059256e-02,2.428158e-02,2.309548e+07
2.883333e+01,8.585431e-01,5.546892e-02,6.059256e-02,2.539541e-02,2.352428e+07
2.900000e+01,8.558699e-01,5.658276e-02,5.992426e-02,2.762308e-02,2.388989e+07
2.916667e+01,8.520829e-01,5.858766e-02,6.126086e-02,2.806861e-02,2.421722e+07
2.933333e+01,8.489641e-01,6.036979e-02,6.215193e-02,2.851415e-02,2.428069e+07
2.950000e+01,8.474048e-01,6.036979e-02,6.215193e-02,3.007351e-02,2.444375e+07
2.966667e+01,8.440633e-01,6.170639e-02,6.371129e-02,3.051905e-02,2.466900e+07
2.983333e+01,8.416128e-01,6.348853e-02,6.348853e-02,3.141011e-02,2.479597e+07
3.000000e+01,8.382713e-01,6.616173e-02,6.348853e-02,3.207841e-02,2.497164e+07
3.016667e+01,8.369347e-01,6.616173e-02,6.393406e-02,3.296948e-02,2.509916e+07
3.033333e+01,8.358209e-01,6.593896e-02,6.437959e-02,3.386055e-02,2.526135e+07
3.050000e+01,8.322566e-01,6.794386e-02,6.571620e-02,3.408331e-02,2.540413e+07
3.066667e+01,8.302517e-01,6.772110e-02,6.705280e-02,3.497438e-02,2.548819e+07
3.083333e+01,8.282468e-01,6.705280e-02,6.905770e-02,3.564268e-02,2.567533e+07
3.100000e+01,8.262419e-01,6.660726e-02,7.017153e-02,3.697928e-02,2.578415e+07
3.116667e+01,8.226777e-01,6.883493e-02,7.083983e-02,3.764758e-02,2.588775e+07
3.133333e+01,8.191134e-01,7.128536e-02,7.083983e-02,3.876142e-02,2.587257e+07
3.150000e+01,8.162174e-01,7.195366e-02,7.217643e-02,3.965248e-02,2.585002e+07
3.166667e+01,8.137670e-01,7.306750e-02,7.351303e-02,3.965248e-02,2.579045e+07
3.183333e+01,8.113166e-01,7.284473e-02,7.551793e-02,4.032078e-02,2.571434e+07
3.200000e+01,8.079751e-01,7.462687e-02,7.596347e-02,4.143462e-02,2.579206e+07
3.216667e+01,8.053018e-01,7.551793e-02,7.774560e-02,4.143462e-02,2.588162e+07
3.233333e+01,8.026286e-01,7.618623e-02,7.930497e-02,4.188015e-02,2.588838e+07
3.250000e+01,7.997327e-01,7.796837e-02,7.908220e-02,4.321675e-02,2.603898e+07
3.266667e+01,7.972822e-01,7.863667e-02,7.952773e-02,4.455335e-02,2.623325e+07
3.283333e+01,7.950546e-01,7.885943e-02,8.064157e-02,4.544442e-02,2.629667e+07
3.300000e+01,7.934952e-01,7.841390e-02,8.197817e-02,4.611272e-02,2.630550e+07
3.316667e+01,7.912675e-01,7.819113e-02,8.331477e-02,4.722655e-02,2.633622e+07
3.333333e+01,7.872577e-01,8.153264e-02,8.197817e-02,4.923145e-02,2.642829e+07
3.350000e+01,7.845845e-01,8.220094e-02,8.331477e-02,4.989975e-02,2.651107e+07
3.366667e+01,7.805747e-01,8.442860e-02,8.442860e-02,5.056806e-02,2.637810e+07
3.383333e+01,7.779015e-01,8.531967e-02,8.509690e-02,5.168189e-02,2.634349e+07
3.400000e+01,7.765649e-01,8.554244e-02,8.531967e-02,5.257296e-02,2.643777e+07
3.416667e+01,7.747828e-01,8.554244e-02,8.621074e-02,5.346402e-02,2.648592e+07
3.433333e+01,7.714413e-01,8.754734e-02,8.687904e-02,5.413232e-02,2.657157e+07
3.450000e+01,7.692136e-01,8.665627e-02,8.932947e-02,5.480062e-02,2.671238e+07
3.466667e+01,7.660949e-01,8.777010e-02,8.910671e-02,5.702829e-02,2.690318e+07
3.483333e+01,7.634217e-01,8.732457e-02,9.088884e-02,5.836489e-02,2.722186e+07
3.500000e+01,7.609713e-01,8.687904e-02,9.267097e-02,5.947873e-02,2.747182e+07
3.516667e+01,7.591891e-01,8.665627e-02,9.400757e-02,6.014703e-02,2.770099e+07
3.533333e+01,7.576298e-01,8.487414e-02,9.690354e-02,6.059256e-02,2.791573e+07
3.550000e+01,7.549566e-01,8.509690e-02,9.645801e-02,6.348853e-02,2.818399e+07
3.566667e+01,7.522834e-01,8.531967e-02,9.734908e-02,6.504789e-02,2.860537e+07
3.583333e+01,7.496102e-01,8.621074e-02,9.846291e-02,6.571620e-02,2.866908e+07
3.600000e+01,7.464914e-01,8.687904e-02,9.979951e-02,6.683003e-02,2.867305e+07
3.616667e+01,7.444865e-01,8.598797e-02,1.013589e-01,6.816663e-02,2.875177e+07
3.633333e+01,7.411450e-01,8.665627e-02,1.031410e-01,6.905770e-02,2.885870e+07
3.650000e+01,7.391401e-01,8.665627e-02,1.044776e-01,6.972600e-02,2.889439e+07
3.666667e+01,7.364669e-01,8.598797e-02,1.073736e-01,7.017153e-02,2.897468e+07
3.683333e+01,7.331254e-01,8.687904e-02,1.084874e-01,7.150813e-02,2.915606e+07
3.700000e+01,7.311205e-01,8.643350e-02,1.102695e-01,7.217643e-02,2.951568e+07
3.716667e+01,7.280018e-01,8.732457e-02,1.109378e-01,7.373580e-02,2.992823e+07
3.733333e+01,7.253286e-01,8.843840e-02,1.104923e-01,7.574070e-02,3.048604e+07
3.750000e+01,7.239920e-01,8.598797e-02,1.133883e-01,7.663177e-02,3.102176e+07
3.766667e+01,7.206505e-01,8.665627e-02,1.149476e-01,7.774560e-02,3.141676e+07
3.783333e+01,7.190911e-01,8.554244e-02,1.162843e-01,7.908220e-02,3.191267e+07
3.800000e+01,7.166407e-01,8.531967e-02,1.167298e-01,8.130987e-02,3.246059e+07
3.816667e+01,7.148585e-01,8.576520e-02,1.173981e-01,8.197817e-02,3.303727e+07
3.833333e+01,7.112943e-01,8.687904e-02,1.171753e-01,8.465137e-02,3.347736e+07
3.850000e+01,7.095121e-01,8.777010e-02,1.171753e-01,8.554244e-02,3.408547e+07
3.866667e+01,7.070617e-01,8.843840e-02,1.180664e-01,8.643350e-02,3.449937e+07
3.883333e+01,7.039430e-01,8.821564e-02,1.196258e-01,8.821564e-02,3.500585e+07
3.900000e+01,7.014925e-01,8.821564e-02,1.198485e-01,9.044331e-02,3.567316e+07
3.916667e+01,7.006015e-01,8.732457e-02,1.191802e-01,9.289374e-02,3.626284e+07
3.933333e+01,6.990421e-01,8.710180e-02,1.194030e-01,9.445311e-02,3.680156e+07
3.950000e+01,6.959234e-01,8.821564e-02,1.189575e-01,9.690354e-02,3.719508e+07
3.966667e+01,6.932502e-01,8.843840e-02,1.205168e-01,9.779461e-02,3.760106e+07
3.983333e+01,6.905770e-01,8.955224e-02,1.205168e-01,9.935398e-02,3.787400e+07
4.000000e+01,6.892404e-01,8.999777e-02,1.202941e-01,1.004678e-01,3.831117e+07
4.016667e+01,6.865672e-01,9.133437e-02,1.205168e-01,1.015816e-01,3.882394e+07
4.033333e+01,6.838940e-01,9.267097e-02,1.198485e-01,1.035865e-01,3.945482e+07
4.050000e+01,6.812208e-01,9.066607e-02,1.231900e-01,1.049231e-01,4.025688e+07
4.066667e+01,6.787703e-01,9.022054e-02,1.243039e-01,1.067053e-01,4.100326e+07
4.083333e+01,6.754288e-01,9.088884e-02,1.254177e-01,1.082646e-01,4.193342e+07
4.100000e+01,6.716418e-01,9.222544e-02,1.265315e-01,1.096012e-01,4.289886e+07
4.116667e+01,6.671865e-01,9.489864e-02,1.269771e-01,1.109378e-01,4.391548e+07
4.133333e+01,6.645133e-01,9.489864e-02,1.289820e-01,1.116061e-01,4.498237e+07
4.150000e+01,6.616173e-01,9.601247e-02,1.289820e-01,1.133883e-01,4.615478e+07
4.166667e+01,6.602807e-01,9.445311e-02,1.303186e-01,1.149476e-01,4.754906e+07
4.183333e+01,6.580530e-01,9.467587e-02,1.296503e-01,1.176209e-01,4.889586e+07
4.200000e+01,6.547115e-01,9.578971e-02,1.294275e-01,1.200713e-01,5.026972e+07
4.216667e+01,6.527066e-01,9.534417e-02,1.296503e-01,1.222990e-01,5.154119e+07
4.233333e+01,6.498106e-01,9.556694e-02,1.300958e-01,1.245266e-01,5.279393e+07
4.250000e+01,6.451325e-01,9.712631e-02,1.309869e-01,1.267543e-01,5.392082e+07
4.266667e+01,6.422366e-01,9.734908e-02,1.318779e-01,1.285364e-01,5.502336e+07
4.283333e+01,6.397861e-01,9.668078e-02,1.327690e-01,1.307641e-01,5.606837e+07
4.300000e+01,6.357763e-01,9.801738e-02,1.336601e-01,1.325462e-01,5.726594e+07
4.316667e+01,6.322121e-01,9.935398e-02,1.334373e-01,1.349967e-01,5.837942e+07
4.333333e+01,6.286478e-01,9.913121e-02,1.336601e-01,1.385609e-01,5.955797e+07
4.350000e+01,6.244152e-01,1.009133e-01,1.338828e-01,1.407886e-01,6.061664e+07
4.366667e+01,6.201827e-01,1.022499e-01,1.343284e-01,1.432390e-01,6.143455e+07
4.383333e+01,6.163956e-01,1.031410e-01,1.334373e-01,1.470261e-01,6.221762e+07
4.400000e+01,6.123858e-01,1.026955e-01,1.345511e-01,1.503676e-01,6.292126e+07
4.416667e+01,6.088216e-01,1.038093e-01,1.338828e-01,1.534863e-01,6.328118e+07
4.433333e+01,6.061484e-01,1.040321e-01,1.336601e-01,1.561595e-01,6.344500e+07
4.450000e+01,6.030296e-01,1.038093e-01,1.347739e-01,1.583872e-01,6.349793e+07
4.466667e+01,5.994654e-01,1.040321e-01,1.358877e-01,1.606148e-01,6.349530e+07
4.483333e+01,5.967922e-01,1.024727e-01,1.385609e-01,1.621742e-01,6.354646e+07
4.500000e+01,5.921141e-01,1.035865e-01,1.394520e-01,1.648474e-01,6.377025e+07
4.516667e+01,5.878815e-01,1.049231e-01,1.410114e-01,1.661840e-01,6.416499e+07
4.533333e+01,5.856538e-01,1.047004e-01,1.407886e-01,1.688572e-01,6.459319e+07
4.550000e+01,5.807530e-01,1.067053e-01,1.407886e-01,1.717532e-01,6.519120e+07
4.566667e+01,5.762976e-01,1.087102e-01,1.398975e-01,1.750947e-01,6.578137e+07
4.583333e+01,5.740699e-01,1.082646e-01,1.392292e-01,1.784362e-01,6.636122e+07
4.600000e+01,5.709512e-01,1.093785e-01,1.383382e-01,1.813321e-01,6.680535e+07
4.616667e+01,5.658276e-01,1.116061e-01,1.394520e-01,1.831143e-01,6.713221e+07
4.633333e+01,5.627088e-01,1.113834e-01,1.401203e-01,1.857875e-01,6.735795e+07
4.650000e+01,5.586990e-01,1.111606e-01,1.414569e-01,1.886834e-01,6.775776e+07
4.666667e+01,5.531299e-01,1.147249e-01,1.412341e-01,1.909111e-01,6.810262e+07
4.683333e+01,5.484518e-01,1.169526e-01,1.407886e-01,1.938071e-01,6.832605e+07
4.700000e+01,5.437737e-01,1.198485e-01,1.405658e-01,1.958120e-01,6.854637e+07
4.716667e+01,5.395411e-01,1.211851e-01,1.401203e-01,1.991535e-01,6.870728e+07
4.733333e+01,5.364224e-01,1.222990e-01,1.403431e-01,2.009356e-01,6.892000e+07
4.750000e+01,5.337492e-01,1.222990e-01,1.405658e-01,2.033861e-01,6.898083e+07
4.766667e+01,5.288483e-01,1.254177e-01,1.396748e-01,2.060593e-01,6.915990e+07
4.783333e+01,5.239474e-01,1.263088e-01,1.419024e-01,2.078414e-01,6.931558e+07
4.800000e+01,5.194921e-01,1.287592e-01,1.423480e-01,2.094008e-01,6.941011e+07
4.816667e+01,5.152595e-01,1.314324e-01,1.416797e-01,2.116284e-01,6.956986e+07
4.833333e+01,5.125863e-01,1.292047e-01,1.443529e-01,2.138561e-01,6.980339e+07
4.850000e+01,5.081310e-01,1.309869e-01,1.439073e-01,2.169748e-01,7.008433e+07
4.866667e+01,5.041212e-01,1.327690e-01,1.439073e-01,2.192025e-01,7.037588e+07
4.883333e+01,5.005569e-01,1.316552e-01,1.465805e-01,2.212074e-01,7.041872e+07
4.900000e+01,4.969926e-01,1.332145e-01,1.465805e-01,2.232123e-01,7.048915e+07
4.916667e+01,4.945422e-01,1.316552e-01,1.474716e-01,2.263310e-01,7.078227e+07
4.933333e+01,4.903096e-01,1.312096e-01,1.483627e-01,2.301181e-01,7.102186e+07
4.950000e+01,4.840722e-01,1.334373e-01,1.494765e-01,2.330140e-01,7.107448e+07
4.966667e+01,4.802851e-01,1.329918e-01,1.510359e-01,2.356872e-01,7.087787e+07
4.983333e+01,4.742704e-01,1.347739e-01,1.525952e-01,2.383604e-01,7.053462e+07
5.000000e+01,4.702606e-01,1.345511e-01,1.537091e-01,2.414792e-01,7.019133e+07
5.016667e+01,4.666964e-01,1.361105e-01,1.548229e-01,2.423702e-01,6.975436e+07
5.033333e+01,4.631321e-01,1.365560e-01,1.534863e-01,2.468256e-01,6.921597e+07
5.050000e+01,4.591223e-01,1.372243e-01,1.539318e-01,2.497215e-01,6.894847e+07
5.066667e+01,4.551125e-01,1.374471e-01,1.563823e-01,2.510581e-01,6.833691e+07
5.083333e+01,4.508799e-01,1.396748e-01,1.541546e-01,2.552907e-01,6.772174e+07
5.100000e+01,4.466474e-01,1.394520e-01,1.563823e-01,2.575184e-01,6.729191e+07
5.116667e+01,4.433059e-01,1.405658e-01,1.566050e-01,2.595233e-01,6.652799e+07
5.133333e+01,4.395188e-01,1.419024e-01,1.572733e-01,2.613054e-01,6.583766e+07
5.150000e+01,4.343952e-01,1.430163e-01,1.586099e-01,2.639786e-01,6.527975e+07
5.166667e+01,4.299399e-01,1.434618e-01,1.603921e-01,2.662063e-01,6.481802e+07
5.183333e+01,4.239252e-01,1.445756e-01,1.632880e-01,2.682112e-01,6.437220e+07
5.200000e+01,4.203609e-01,1.434618e-01,1.652929e-01,2.708844e-01,6.392196e+07
5.216667e+01,4.170194e-01,1.425707e-01,1.672978e-01,2.731121e-01,6.355561e+07
5.233333e+01,4.123413e-01,1.436846e-01,1.693027e-01,2.746714e-01,6.321228e+07
5.250000e+01,4.098908e-01,1.430163e-01,1.701938e-01,2.768991e-01,6.302156e+07
5.266667e+01,4.074404e-01,1.419024e-01,1.717532e-01,2.789040e-01,6.292908e+07
5.283333e+01,4.036534e-01,1.436846e-01,1.724215e-01,2.802406e-01,6.286791e+07
5.300000e+01,3.994208e-01,1.439073e-01,1.750947e-01,2.815772e-01,6.285710e+07
5.316667e+01,3.956338e-01,1.443529e-01,1.748719e-01,2.851415e-01,6.299626e+07
5.333333e+01,3.918467e-01,1.436846e-01,1.775451e-01,2.869236e-01,6.327890e+07
5.350000e+01,3.856093e-01,1.452439e-01,1.804411e-01,2.887057e-01,6.344510e+07
5.366667e+01,3.820450e-01,1.456895e-01,1.817777e-01,2.904879e-01,6.381583e+07
5.383333e+01,3.795946e-01,1.454667e-01,1.824460e-01,2.924928e-01,6.441025e+07
5.400000e+01,3.755848e-01,1.470261e-01,1.811094e-01,2.962798e-01,6.518331e+07
5.416667e+01,3.706839e-01,1.490310e-01,1.815549e-01,2.987302e-01,6.606917e+07
5.433333e+01,3.666741e-01,1.468033e-01,1.860102e-01,3.005124e-01,6.674991e+07
5.450000e+01,3.626643e-01,1.461350e-01,1.877924e-01,3.034083e-01,6.744279e+07
5.466667e+01,3.593228e-01,1.465805e-01,1.880151e-01,3.060815e-01,6.836837e+07
5.483333e+01,3.550902e-01,1.470261e-01,1.897973e-01,3.080864e-01,6.922148e+07
5.500000e+01,3.513032e-01,1.463578e-01,1.897973e-01,3.125418e-01,6.997967e+07
5.516667e+01,3.470706e-01,1.468033e-01,1.897973e-01,3.163288e-01,7.085448e+07
5.533333e+01,3.430608e-01,1.459122e-01,1.924705e-01,3.185565e-01,7.138116e+07
5.550000e+01,3.386055e-01,1.468033e-01,1.922477e-01,3.223435e-01,7.175985e+07
5.566667e+01,3.357095e-01,1.461350e-01,1.929160e-01,3.252395e-01,7.222306e+07
5.583333e+01,3.325908e-01,1.454667e-01,1.942526e-01,3.276899e-01,7.255233e+07
5.600000e+01,3.285810e-01,1.447984e-01,1.967031e-01,3.299176e-01,7.290067e+07
5.616667e+01,3.245712e-01,1.436846e-01,1.978169e-01,3.339274e-01,7.335568e+07
5.633333e+01,3.205614e-01,1.427935e-01,2.004901e-01,3.361550e-01,7.412442e+07
5.650000e+01,3.154377e-01,1.450212e-01,2.004901e-01,3.390510e-01,7.470197e+07
5.666667e+01,3.120962e-01,1.441301e-01,2.018267e-01,3.419470e-01,7.543358e+07
5.683333e+01,3.074181e-01,1.456895e-01,2.024950e-01,3.443974e-01,7.616695e+07
5.700000e+01,3.027400e-01,1.452439e-01,2.033861e-01,3.486300e-01,7.705172e+07
5.716667e+01,2.989530e-01,1.441301e-01,2.058365e-01,3.510804e-01,7.797062e+07
5.733333e+01,2.947204e-01,1.447984e-01,2.058365e-01,3.546447e-01,7.869411e+07
5.750000e+01,2.907106e-01,1.472488e-01,2.038316e-01,3.582090e-01,7.950141e+07
5.766667e+01,2.864781e-01,1.488082e-01,2.022722e-01,3.624415e-01,8.027160e+07
5.783333e+01,2.818000e-01,1.505903e-01,2.007129e-01,3.668969e-01,8.100206e+07
5.800000e+01,2.764536e-01,1.521497e-01,2.018267e-01,3.695701e-01,8.153964e+07
5.816667e+01,2.715527e-01,1.541546e-01,2.029405e-01,3.713522e-01,8.187365e+07
5.833333e+01,2.679884e-01,1.546001e-01,2.029405e-01,3.744709e-01,8.230931e+07
5.850000e+01,2.621965e-01,1.561595e-01,2.033861e-01,3.782580e-01,8.299018e+07
5.866667e+01,2.570728e-01,1.570506e-01,2.047227e-01,3.811539e-01,8.374829e+07
5.883333e+01,2.528403e-01,1.559367e-01,2.058365e-01,3.853865e-01,8.449458e+07
5.900000e+01,2.477166e-01,1.559367e-01,2.085097e-01,3.878369e-01,8.537913e+07
5.916667e+01,2.439296e-01,1.568278e-01,2.087325e-01,3.905101e-01,8.606811e+07
5.933333e+01,2.403653e-01,1.563823e-01,2.085097e-01,3.947427e-01,8.699562e+07
5.950000e+01,2.350189e-01,1.590555e-01,2.065048e-01,3.994208e-01,8.806205e+07
5.966667e+01,2.287815e-01,1.606148e-01,2.080642e-01,4.025395e-01,8.908038e+07
5.983333e+01,2.254400e-01,1.595010e-01,2.087325e-01,4.063266e-01,8.983122e+07
6.000000e+01,2.214302e-01,1.595010e-01,2.089552e-01,4.101136e-01,9.067905e+07
6.016667e+01,2.176431e-01,1.566050e-01,2.109601e-01,4.147917e-01,9.151010e+07
6.033333e+01,2.143016e-01,1.561595e-01,2.122967e-01,4.172421e-01,9.241413e+07
6.050000e+01,2.091780e-01,1.581644e-01,2.118512e-01,4.208064e-01,9.307005e+07
6.066667e+01,2.044999e-01,1.595010e-01,2.111829e-01,4.248162e-01,9.402761e+07
6.083333e+01,2.016039e-01,1.581644e-01,2.134106e-01,4.268211e-01,9.503056e+07
6.100000e+01,1.980397e-01,1.583872e-01,2.140789e-01,4.294943e-01,9.596968e+07
6.116667e+01,1.946982e-01,1.572733e-01,2.140789e-01,4.339497e-01,9.728000e+07
6.133333e+01,1.906883e-01,1.570506e-01,2.138561e-01,4.384050e-01,9.872093e+07
6.150000e+01,1.871241e-01,1.548229e-01,2.158610e-01,4.421920e-01,9.987443e+07
6.166667e+01,1.826687e-01,1.537091e-01,2.180887e-01,4.455335e-01,1.007980e+08
6.183333e+01,1.797728e-01,1.541546e-01,2.143016e-01,4.517710e-01,1.016493e+08
6.200000e+01,1.755402e-01,1.528180e-01,2.147472e-01,4.568946e-01,1.025629e+08
6.216667e+01,1.717532e-01,1.528180e-01,2.127423e-01,4.626866e-01,1.028787e+08
6.233333e+01,1.681889e-01,1.519269e-01,2.154155e-01,4.644687e-01,1.030478e+08
6.250000e+01,1.655157e-01,1.510359e-01,2.129650e-01,4.704834e-01,1.028605e+08
6.266667e+01,1.628425e-01,1.508131e-01,2.122967e-01,4.740477e-01,1.031076e+08
6.283333e+01,1.590555e-01,1.503676e-01,2.127423e-01,4.778347e-01,1.029283e+08
6.300000e+01,1.554912e-01,1.488082e-01,2.140789e-01,4.816217e-01,1.028080e+08
6.316667e+01,1.525952e-01,1.474716e-01,2.136333e-01,4.862998e-01,1.026652e+08
6.333333e+01,1.505903e-01,1.474716e-01,2.109601e-01,4.909779e-01,1.027156e+08
6.350000e+01,1.485854e-01,1.463578e-01,2.100691e-01,4.949877e-01,1.026490e+08
6.366667e+01,1.461350e-01,1.441301e-01,2.114057e-01,4.983292e-01,1.023090e+08
6.383333e+01,1.425707e-01,1.441301e-01,2.107374e-01,5.025618e-01,1.018432e+08
6.400000e+01,1.398975e-01,1.443529e-01,2.094008e-01,5.063489e-01,1.015630e+08
6.416667e+01,1.378926e-01,1.405658e-01,2.118512e-01,5.096904e-01,1.012451e+08
6.433333e+01,1.336601e-01,1.407886e-01,2.125195e-01,5.130319e-01,1.008285e+08
6.450000e+01,1.314324e-01,1.378926e-01,2.138561e-01,5.168189e-01,1.007415e+08
6.466667e+01,1.287592e-01,1.365560e-01,2.145244e-01,5.201604e-01,1.007444e+08
6.483333e+01,1.251949e-01,1.370016e-01,2.131878e-01,5.246157e-01,1.008565e+08
6.500000e+01,1.231900e-01,1.363333e-01,2.129650e-01,5.275117e-01,1.010367e+08
6.516667e+01,1.196258e-01,1.356650e-01,2.134106e-01,5.312987e-01,1.009705e+08
6.533333e+01,1.171753e-01,1.347739e-01,2.127423e-01,5.353085e-01,1.011025e+08
6.550000e+01,1.151704e-01,1.318779e-01,2.140789e-01,5.388728e-01,1.011661e+08
6.566667e+01,1.122744e-01,1.312096e-01,2.147472e-01,5.417688e-01,1.011003e+08
6.583333e+01,1.098240e-01,1.300958e-01,2.140789e-01,5.460013e-01,1.010832e+08
6.600000e+01,1.078191e-01,1.307641e-01,2.109601e-01,5.504567e-01,1.012282e+08
6.616667e+01,1.055914e-01,1.289820e-01,2.094008e-01,5.560258e-01,1.013861e+08
6.633333e+01,1.038093e-01,1.267543e-01,2.105146e-01,5.589218e-01,1.013291e+08
6.650000e+01,1.024727e-01,1.247494e-01,2.087325e-01,5.640454e-01,1.010265e+08
6.666667e+01,9.868568e-02,1.267543e-01,2.065048e-01,5.680552e-01,1.010321e+08
6.683333e+01,9.668078e-02,1.247494e-01,2.060593e-01,5.725106e-01,1.009051e+08
6.700000e+01,9.578971e-02,1.225217e-01,2.053910e-01,5.762976e-01,1.007471e+08
6.716667e+01,9.333927e-02,1.220762e-01,2.033861e-01,5.811985e-01,1.005098e+08
6.733333e+01,9.066607e-02,1.209624e-01,2.020495e-01,5.863221e-01,1.003009e+08
6.750000e+01,8.866117e-02,1.207396e-01,2.013812e-01,5.892181e-01,9.990410e+07
6.766667e+01,8.710180e-02,1.196258e-01,2.002673e-01,5.930051e-01,9.928826e+07
6.783333e+01,8.598797e-02,1.185119e-01,1.995990e-01,5.959011e-01,9.882697e+07
6.800000e+01,8.465137e-02,1.162843e-01,1.995990e-01,5.994654e-01,9.843044e+07
6.816667e+01,8.197817e-02,1.167298e-01,1.984852e-01,6.028069e-01,9.822572e+07
6.833333e+01,8.086434e-02,1.167298e-01,1.953665e-01,6.070394e-01,9.803592e+07
6.850000e+01,7.908220e-02,1.149476e-01,1.960348e-01,6.099354e-01,9.796434e+07
6.866667e+01,7.663177e-02,1.124972e-01,1.982624e-01,6.126086e-01,9.784260e+07
6.883333e+01,7.529517e-02,1.111606e-01,1.967031e-01,6.168412e-01,9.800280e+07
6.900000e+01,7.351303e-02,1.096012e-01,1.960348e-01,6.208510e-01,9.853196e+07
6.916667e+01,7.106260e-02,1.091557e-01,1.940299e-01,6.257518e-01,9.902346e+07
6.933333e+01,6.905770e-02,1.093785e-01,1.931388e-01,6.284250e-01,9.948602e+07
6.950000e+01,6.861216e-02,1.080419e-01,1.911339e-01,6.322121e-01,9.973111e+07
6.966667e+01,6.772110e-02,1.060370e-01,1.909111e-01,6.353308e-01,1.001730e+08
6.983333e+01,6.638450e-02,1.049231e-01,1.902428e-01,6.384495e-01,1.005954e+08
7.000000e+01,6.571620e-02,1.035865e-01,1.864558e-01,6.442415e-01,1.012275e+08
7.016667e+01,6.393406e-02,1.022499e-01,1.853419e-01,6.484740e-01,1.019410e+08
7.033333e+01,6.081533e-02,1.033638e-01,1.833370e-01,6.524838e-01,1.023620e+08
7.050000e+01,5.858766e-02,1.047004e-01,1.797728e-01,6.569392e-01,1.027640e+08
7.066667e+01,5.680552e-02,1.024727e-01,1.811094e-01,6.596124e-01,1.032106e+08
7.083333e+01,5.524616e-02,1.011361e-01,1.804411e-01,6.631767e-01,1.035917e+08
7.100000e+01,5.346402e-02,1.002450e-01,1.804411e-01,6.658499e-01,1.042160e+08
7.116667e+01,5.123636e-02,1.004678e-01,1.759857e-01,6.723101e-01,1.050028e+08
7.133333e+01,4.945422e-02,9.957674e-02,1.735353e-01,6.774337e-01,1.060590e+08
7.150000e+01,4.856315e-02,9.757184e-02,1.710849e-01,6.827801e-01,1.066167e+08
7.166667e+01,4.722655e-02,9.645801e-02,1.693027e-01,6.870127e-01,1.071195e+08
7.183333e+01,4.588995e-02,9.556694e-02,1.672978e-01,6.912453e-01,1.075303e+08
7.200000e+01,4.433059e-02,9.534417e-02,1.655157e-01,6.948095e-01,1.078697e+08
7.216667e+01,4.343952e-02,9.378481e-02,1.639563e-01,6.988193e-01,1.082398e+08
7.233333e+01,4.232569e-02,9.244821e-02,1.621742e-01,7.030519e-01,1.086241e+08
7.250000e+01,4.098908e-02,9.133437e-02,1.619514e-01,7.057251e-01,1.090586e+08
7.266667e+01,4.032078e-02,8.932947e-02,1.601693e-01,7.101804e-01,1.094363e+08
7.283333e+01,3.898418e-02,8.754734e-02,1.581644e-01,7.153041e-01,1.100190e+08
7.300000e+01,3.764758e-02,8.732457e-02,1.559367e-01,7.190911e-01,1.105889e+08
7.316667e+01,3.675652e-02,8.643350e-02,1.532635e-01,7.235464e-01,1.108317e+08
7.333333e+01,3.519715e-02,8.621074e-02,1.510359e-01,7.275562e-01,1.110454e+08
7.350000e+01,3.363778e-02,8.554244e-02,1.472488e-01,7.335710e-01,1.111028e+08
7.366667e+01,3.230118e-02,8.420584e-02,1.456895e-01,7.378035e-01,1.110401e+08
7.383333e+01,3.185565e-02,8.220094e-02,1.443529e-01,7.415906e-01,1.104919e+08
7.400000e+01,3.096458e-02,8.019603e-02,1.441301e-01,7.447093e-01,1.097715e+08
7.416667e+01,2.985075e-02,7.975050e-02,1.416797e-01,7.487191e-01,1.091058e+08
7.433333e+01,2.806861e-02,8.019603e-02,1.376699e-01,7.540655e-01,1.086606e+08
7.450000e+01,2.717755e-02,7.885943e-02,1.352194e-01,7.587436e-01,1.081139e+08
7.466667e+01,2.584094e-02,7.841390e-02,1.338828e-01,7.618623e-01,1.071592e+08
7.483333e+01,2.494988e-02,7.663177e-02,1.316552e-01,7.667632e-01,1.061196e+08
7.500000e+01,2.361328e-02,7.395857e-02,1.323235e-01,7.701047e-01,1.051500e+08
7.516667e+01,2.205391e-02,7.306750e-02,1.309869e-01,7.738917e-01,1.040862e+08
7.533333e+01,2.183114e-02,7.083983e-02,1.287592e-01,7.785698e-01,1.031497e+08
7.550000e+01,2.160838e-02,6.816663e-02,1.283137e-01,7.819113e-01,1.021794e+08
7.566667e+01,2.116284e-02,6.660726e-02,1.267543e-01,7.854756e-01,1.010028e+08
7.583333e+01,1.893517e-02,6.749833e-02,1.229673e-01,7.905992e-01,9.990654e+07
7.600000e+01,1.871241e-02,6.571620e-02,1.211851e-01,7.943863e-01,9.882871e+07
7.616667e+01,1.826687e-02,6.460236e-02,1.205168e-01,7.966139e-01,9.738513e+07
7.633333e+01,1.715304e-02,6.348853e-02,1.185119e-01,8.008465e-01,9.595918e+07
7.650000e+01,1.670751e-02,6.237469e-02,1.178436e-01,8.030742e-01,9.485025e+07
7.666667e+01,1.603921e-02,6.103809e-02,1.180664e-01,8.048563e-01,9.361434e+07
7.683333e+01,1.559367e-02,6.036979e-02,1.160615e-01,8.079751e-01,9.255007e+07
7.700000e+01,1.470261e-02,6.036979e-02,1.140566e-01,8.108710e-01,9.175154e+07
7.716667e+01,1.447984e-02,5.903319e-02,1.113834e-01,8.151036e-01,9.087490e+07
7.733333e+01,1.403431e-02,5.747382e-02,1.087102e-01,8.197817e-01,9.002079e+07
7.750000e+01,1.358877e-02,5.613722e-02,1.089329e-01,8.213411e-01,8.892733e+07
7.766667e+01,1.247494e-02,5.680552e-02,1.064825e-01,8.242370e-01,8.755826e+07
7.783333e+01,1.158387e-02,5.569169e-02,1.049231e-01,8.278013e-01,8.645435e+07
7.800000e+01,1.047004e-02,5.480062e-02,1.035865e-01,8.311428e-01,8.539234e+07
7.816667e+01,9.133437e-03,5.457786e-02,1.031410e-01,8.331477e-01,8.432283e+07
7.833333e+01,9.133437e-03,5.212742e-02,1.018044e-01,8.369347e-01,8.320187e+07
7.850000e+01,9.133437e-03,5.145912e-02,1.009133e-01,8.384941e-01,8.215051e+07
7.866667e+01,8.465137e-03,5.079082e-02,9.890844e-02,8.418356e-01,8.097983e+07
7.883333e+01,7.351303e-03,5.012252e-02,9.824014e-02,8.442860e-01,7.998066e+07
7.900000e+01,6.237469e-03,4.900869e-02,9.734908e-02,8.474048e-01,7.887093e+07
7.916667e+01,5.346402e-03,4.834039e-02,9.623524e-02,8.500780e-01,7.786838e+07
7.933333e+01,5.123636e-03,4.744932e-02,9.489864e-02,8.525284e-01,7.674480e+07
7.950000e+01,5.123636e-03,4.633549e-02,9.289374e-02,8.556471e-01,7.557894e+07
7.966667e+01,4.678102e-03,4.566719e-02,9.111161e-02,8.585431e-01,7.443563e+07
7.983333e+01,4.232569e-03,4.566719e-02,8.866117e-02,8.614391e-01,7.329411e+07
