Time,U,I1,I2,D,Ve
0.000000e+00,9.997772e-01,2.227668e-04,0.000000e+00,0.000000e+00,0.000000e+00
1.666667e-01,9.997772e-01,2.227668e-04,0.000000e+00,0.000000e+00,0.000000e+00
3.333333e-01,9.997772e-01,2.227668e-04,0.000000e+00,0.000000e+00,0.000000e+00
5.000000e-01,9.997772e-01,2.227668e-04,0.000000e+00,0.000000e+00,0.000000e+00
6.666667e-01,9.997772e-01,0.000000e+00,2.227668e-04,0.000000e+00,0.000000e+00
8.333333e-01,9.997772e-01,0.000000e+00,2.227668e-04,0.000000e+00,0.000000e+00
1.000000e+00,9.997772e-01,0.000000e+00,2.227668e-04,0.000000e+00,6.916266e-03
1.166667e+00,9.997772e-01,0.000000e+00,2.227668e-04,0.000000e+00,1.496119e-02
1.333333e+00,9.997772e-01,0.000000e+00,2.227668e-04,0.000000e+00,2.446983e-02
1.500000e+00,9.997772e-01,0.000000e+00,2.227668e-04,0.000000e+00,3.585623e-02
1.666667e+00,9.997772e-01,0.000000e+00,2.227668e-04,0.000000e+00,4.963393e-02
1.833333e+00,9.997772e-01,0.000000e+00,2.227668e-04,0.000000e+00,6.644122e-02
2.000000e+00,9.997772e-01,0.000000e+00,2.227668e-04,0.000000e+00,8.707261e-02
2.166667e+00,9.997772e-01,0.000000e+00,2.227668e-04,0.000000e+00,1.125183e-01
2.333333e+00,9.997772e-01,0.000000e+00,2.227668e-04,0.000000e+00,1.440134e-01
2.500000e+00,9.997772e-01,0.000000e+00,2.227668e-04,0.000000e+00,1.830993e-01
2.666667e+00,9.997772e-01,0.000000e+00,2.227668e-04,0.000000e+00,2.317011e-01
2.833333e+00,9.997772e-01,0.000000e+00,2.227668e-04,0.000000e+00,2.922230e-01
3.000000e+00,9.997772e-01,0.000000e+00,2.227668e-04,0.000000e+00,3.676691e-01
3.166667e+00,9.997772e-01,0.000000e+00,2.227668e-04,0.000000e+00,4.617934e-01
3.333333e+00,9.997772e-01,0.000000e+00,2.227668e-04,0.000000e+00,5.792875e-01
3.500000e+00,9.997772e-01,0.000000e+00,2.227668e-04,0.000000e+00,7.260156e-01
3.666667e+00,9.997772e-01,0.000000e+00,2.227668e-04,0.000000e+00,9.093079e-01
3.833333e+00,9.995545e-01,2.227668e-04,2.227668e-04,0.000000e+00,1.138327e+00
4.000000e+00,9.995545e-01,2.227668e-04,2.227668e-04,0.000000e+00,1.424529e+00
4.166667e+00,9.995545e-01,2.227668e-04,2.227668e-04,0.000000e+00,1.782234e+00
4.333333e+00,9.995545e-01,2.227668e-04,2.227668e-04,0.000000e+00,2.229345e+00
4.500000e+00,9.995545e-01,2.227668e-04,2.227668e-04,0.000000e+00,2.788243e+00
4.666667e+00,9.995545e-01,2.227668e-04,2.227668e-04,0.000000e+00,3.486910e+00
4.833333e+00,9.995545e-01,2.227668e-04,2.227668e-04,0.000000e+00,4.360330e+00
5.000000e+00,9.995545e-01,2.227668e-04,2.227668e-04,0.000000e+00,5.452236e+00
5.166667e+00,9.995545e-01,2.227668e-04,2.227668e-04,0.000000e+00,6.817309e+00
5.333333e+00,9.995545e-01,0.000000e+00,4.455335e-04,0.000000e+00,8.523904e+00
5.500000e+00,9.995545e-01,0.000000e+00,4.455335e-04,0.000000e+00,1.065749e+01
5.666667e+00,9.995545e-01,0.000000e+00,4.455335e-04,0.000000e+00,1.334602e+01
5.833333e+00,9.995545e-01,0.000000e+00,4.455335e-04,0.000000e+00,1.670540e+01
6.000000e+00,9.995545e-01,0.000000e+00,4.455335e-04,0.000000e+00,2.090364e+01
6.166667e+00,9.995545e-01,0.000000e+00,4.455335e-04,0.000000e+00,2.615074e+01
6.333333e+00,9.995545e-01,0.000000e+00,4.455335e-04,0.000000e+00,3.270924e+01
6.500000e+00,9.995545e-01,0.000000e+00,4.455335e-04,0.000000e+00,4.090730e+01
6.666667e+00,9.995545e-01,0.000000e+00,4.455335e-04,0.000000e+00,5.115515e+01
6.833333e+00,9.993317e-01,2.227668e-04,4.455335e-04,0.000000e+00,6.396551e+01
7.000000e+00,9.993317e-01,2.227668e-04,4.455335e-04,0.000000e+00,7.997927e+01
7.166667e+00,9.991089e-01,4.455335e-04,4.455335e-04,0.000000e+00,9.999739e+01
7.333333e+00,9.988862e-01,6.683003e-04,4.455335e-04,0.000000e+00,1.250209e+02
7.500000e+00,9.988862e-01,6.683003e-04,4.455335e-04,0.000000e+00,1.563005e+02
7.666667e+00,9.986634e-01,8.910671e-04,4.455335e-04,0.000000e+00,1.953991e+02
7.833333e+00,9.979951e-01,1.336601e-03,6.683003e-04,0.000000e+00,2.442689e+02
8.000000e+00,9.975496e-01,1.782134e-03,6.683003e-04,0.000000e+00,3.053482e+02
8.166667e+00,9.975496e-01,1.782134e-03,6.683003e-04,0.000000e+00,3.816886e+02
8.333333e+00,9.975496e-01,1.782134e-03,6.683003e-04,0.000000e+00,4.770846e+02
8.500000e+00,9.973268e-01,1.782134e-03,8.910671e-04,0.000000e+00,5.962785e+02
8.666667e+00,9.971040e-01,2.004901e-03,8.910671e-04,0.000000e+00,7.451845e+02
8.833333e+00,9.964357e-01,2.673201e-03,8.910671e-04,0.000000e+00,9.311823e+02
9.000000e+00,9.962130e-01,2.673201e-03,1.113834e-03,0.000000e+00,1.163445e+03
9.166667e+00,9.957674e-01,3.118735e-03,1.113834e-03,0.000000e+00,1.453393e+03
9.333333e+00,9.957674e-01,2.673201e-03,1.559367e-03,0.000000e+00,1.815223e+03
9.500000e+00,9.957674e-01,2.673201e-03,1.559367e-03,0.000000e+00,2.266542e+03
9.666667e+00,9.953219e-01,3.118735e-03,1.559367e-03,0.000000e+00,2.829187e+03
9.833333e+00,9.946536e-01,3.564268e-03,1.782134e-03,0.000000e+00,3.530075e+03
1.000000e+01,9.944308e-01,3.564268e-03,2.004901e-03,0.000000e+00,4.402391e+03
1.016667e+01,9.937625e-01,4.009802e-03,2.227668e-03,0.000000e+00,5.486894e+03
1.033333e+01,9.928715e-01,4.678102e-03,2.450434e-03,0.000000e+00,6.833301e+03
1.050000e+01,9.922032e-01,5.346402e-03,2.450434e-03,0.000000e+00,8.502034e+03
1.066667e+01,9.910893e-01,6.460236e-03,2.450434e-03,0.000000e+00,1.056589e+04
1.083333e+01,9.899755e-01,7.574070e-03,2.450434e-03,0.000000e+00,1.311183e+04
1.100000e+01,9.886389e-01,8.687904e-03,2.673201e-03,0.000000e+00,1.624254e+04
1.116667e+01,9.879706e-01,9.133437e-03,2.895968e-03,0.000000e+00,2.007751e+04
1.133333e+01,9.879706e-01,8.910671e-03,3.118735e-03,0.000000e+00,2.475326e+04
1.150000e+01,9.873023e-01,9.578971e-03,3.118735e-03,0.000000e+00,3.042214e+04
1.166667e+01,9.870795e-01,9.578971e-03,3.341501e-03,0.000000e+00,3.724920e+04
1.183333e+01,9.864112e-01,1.024727e-02,3.341501e-03,0.000000e+00,4.540611e+04
1.200000e+01,9.859657e-01,1.047004e-02,3.564268e-03,0.000000e+00,5.506249e+04
1.216667e+01,9.844063e-01,1.113834e-02,4.455335e-03,0.000000e+00,6.637228e+04
1.233333e+01,9.835153e-01,1.158387e-02,4.900869e-03,0.000000e+00,7.945942e+04
1.250000e+01,9.828470e-01,1.202941e-02,5.123636e-03,0.000000e+00,9.440544e+04
1.266667e+01,9.828470e-01,1.202941e-02,5.123636e-03,0.000000e+00,1.112207e+05
1.283333e+01,9.817331e-01,1.269771e-02,5.346402e-03,2.227668e-04,1.298417e+05
1.300000e+01,9.808421e-01,1.314324e-02,5.791936e-03,2.227668e-04,1.501237e+05
1.316667e+01,9.799510e-01,1.403431e-02,5.791936e-03,2.227668e-04,1.375691e+05
1.333333e+01,9.795055e-01,1.447984e-02,5.791936e-03,2.227668e-04,1.262360e+05
1.350000e+01,9.790599e-01,1.492537e-02,5.791936e-03,2.227668e-04,1.160495e+05
1.366667e+01,9.779461e-01,1.581644e-02,6.014703e-03,2.227668e-04,1.069486e+05
1.383333e+01,9.770550e-01,1.626197e-02,6.460236e-03,2.227668e-04,9.888687e+04
1.400000e+01,9.754957e-01,1.759857e-02,6.683003e-03,2.227668e-04,9.183319e+04
1.416667e+01,9.741591e-01,1.826687e-02,7.351303e-03,2.227668e-04,8.577310e+04
1.433333e+01,9.734908e-01,1.848964e-02,7.796837e-03,2.227668e-04,8.070832e+04
1.450000e+01,9.728225e-01,1.871241e-02,8.242370e-03,2.227668e-04,7.666040e+04
1.466667e+01,9.710403e-01,1.982624e-02,8.910671e-03,2.227668e-04,7.367096e+04
1.483333e+01,9.703720e-01,2.004901e-02,9.356204e-03,2.227668e-04,7.180360e+04
1.500000e+01,9.697037e-01,2.071731e-02,9.356204e-03,2.227668e-04,7.114506e+04
1.516667e+01,9.685899e-01,2.160838e-02,9.578971e-03,2.227668e-04,7.180507e+04
1.533333e+01,9.681444e-01,2.160838e-02,1.002450e-02,2.227668e-04,7.391561e+04
1.550000e+01,9.676988e-01,2.116284e-02,1.091557e-02,2.227668e-04,7.763016e+04
1.566667e+01,9.661395e-01,2.249944e-02,1.113834e-02,2.227668e-04,8.311858e+04
1.583333e+01,9.661395e-01,2.205391e-02,1.158387e-02,2.227668e-04,9.055458e+04
1.600000e+01,9.645801e-01,2.316774e-02,1.180664e-02,4.455335e-04,1.001026e+05
1.616667e+01,9.634663e-01,2.405881e-02,1.202941e-02,4.455335e-04,1.119129e+05
1.633333e+01,9.632435e-01,2.383604e-02,1.247494e-02,4.455335e-04,1.044488e+05
1.650000e+01,9.621297e-01,2.472711e-02,1.269771e-02,4.455335e-04,9.823527e+04
1.666667e+01,9.619069e-01,2.383604e-02,1.381154e-02,4.455335e-04,9.327869e+04
1.683333e+01,9.610158e-01,2.383604e-02,1.470261e-02,4.455335e-04,8.965240e+04
1.700000e+01,9.601247e-01,2.405881e-02,1.537091e-02,4.455335e-04,8.746600e+04
1.716667e+01,9.594564e-01,2.450434e-02,1.559367e-02,4.455335e-04,8.685589e+04
1.733333e+01,9.587881e-01,2.472711e-02,1.603921e-02,4.455335e-04,8.803784e+04
1.750000e+01,9.585654e-01,2.450434e-02,1.648474e-02,4.455335e-04,9.128290e+04
1.766667e+01,9.581198e-01,2.361328e-02,1.782134e-02,4.455335e-04,9.690065e+04
1.783333e+01,9.574515e-01,2.383604e-02,1.826687e-02,4.455335e-04,1.053079e+05
1.800000e+01,9.574515e-01,2.339051e-02,1.871241e-02,4.455335e-04,1.171232e+05
1.816667e+01,9.565605e-01,2.339051e-02,1.960348e-02,4.455335e-04,1.328911e+05
1.833333e+01,9.552239e-01,2.405881e-02,2.027178e-02,4.455335e-04,1.533847e+05
1.850000e+01,9.550011e-01,2.383604e-02,2.071731e-02,4.455335e-04,1.795483e+05
1.866667e+01,9.545556e-01,2.339051e-02,2.160838e-02,4.455335e-04,2.124440e+05
1.883333e+01,9.536645e-01,2.316774e-02,2.272221e-02,4.455335e-04,2.532792e+05
1.900000e+01,9.529962e-01,2.339051e-02,2.316774e-02,4.455335e-04,3.044112e+05
1.916667e+01,9.523279e-01,2.339051e-02,2.383604e-02,4.455335e-04,3.666263e+05
1.933333e+01,9.514368e-01,2.316774e-02,2.494988e-02,4.455335e-04,4.416403e+05
1.950000e+01,9.507685e-01,2.339051e-02,2.539541e-02,4.455335e-04,5.313278e+05
1.966667e+01,9.503230e-01,2.361328e-02,2.561818e-02,4.455335e-04,6.382267e+05
1.983333e+01,9.489864e-01,2.405881e-02,2.650924e-02,4.455335e-04,7.638006e+05
2.000000e+01,9.480953e-01,2.472711e-02,2.673201e-02,4.455335e-04,9.100168e+05
2.016667e+01,9.474270e-01,2.517264e-02,2.673201e-02,6.683003e-04,1.078782e+06
2.033333e+01,9.465360e-01,2.539541e-02,2.740031e-02,6.683003e-04,1.271910e+06
2.050000e+01,9.460904e-01,2.494988e-02,2.806861e-02,8.910671e-04,1.466203e+06
2.066667e+01,9.449766e-01,2.517264e-02,2.895968e-02,8.910671e-04,1.686632e+06
2.083333e+01,9.434172e-01,2.584094e-02,2.985075e-02,8.910671e-04,1.888853e+06
2.100000e+01,9.425262e-01,2.650924e-02,2.962798e-02,1.336601e-03,2.122303e+06
2.116667e+01,9.420806e-01,2.695478e-02,2.962798e-02,1.336601e-03,2.391157e+06
2.133333e+01,9.409668e-01,2.762308e-02,3.007351e-02,1.336601e-03,2.631767e+06
2.150000e+01,9.389619e-01,2.851415e-02,3.118735e-02,1.336601e-03,2.906280e+06
2.166667e+01,9.374025e-01,2.962798e-02,3.163288e-02,1.336601e-03,3.215759e+06
2.183333e+01,9.360659e-01,3.007351e-02,3.230118e-02,1.559367e-03,3.561387e+06
2.200000e+01,9.349521e-01,3.051905e-02,3.274671e-02,1.782134e-03,3.944176e+06
2.216667e+01,9.342838e-01,2.962798e-02,3.363778e-02,2.450434e-03,4.318604e+06
2.233333e+01,9.322789e-01,3.118735e-02,3.386055e-02,2.673201e-03,4.691928e+06
2.250000e+01,9.302740e-01,3.207841e-02,3.430608e-02,3.341501e-03,4.993645e+06
2.266667e+01,9.287146e-01,3.230118e-02,3.564268e-02,3.341501e-03,5.337332e+06
2.283333e+01,9.273780e-01,3.319225e-02,3.608822e-02,3.341501e-03,5.643444e+06
2.300000e+01,9.260414e-01,3.386055e-02,3.653375e-02,3.564268e-03,6.006978e+06
2.316667e+01,9.242593e-01,3.519715e-02,3.653375e-02,4.009802e-03,6.427441e+06
2.333333e+01,9.224772e-01,3.631098e-02,3.697928e-02,4.232569e-03,6.862396e+06
2.350000e+01,9.209178e-01,3.742482e-02,3.653375e-02,5.123636e-03,7.265876e+06
2.366667e+01,9.198040e-01,3.720205e-02,3.720205e-02,5.791936e-03,7.696343e+06
2.383333e+01,9.175763e-01,3.831588e-02,3.831588e-02,5.791936e-03,8.031501e+06
2.400000e+01,9.162397e-01,3.898418e-02,3.876142e-02,6.014703e-03,8.315008e+06
2.416667e+01,9.142348e-01,3.965248e-02,3.942972e-02,6.683003e-03,8.678648e+06
2.433333e+01,9.128982e-01,3.920695e-02,4.076632e-02,7.128536e-03,9.075684e+06
2.450000e+01,9.111161e-01,3.920695e-02,4.232569e-02,7.351303e-03,9.463676e+06
2.466667e+01,9.091112e-01,4.032078e-02,4.232569e-02,8.242370e-03,9.843857e+06
2.483333e+01,9.062152e-01,4.143462e-02,4.366229e-02,8.687904e-03,1.031539e+07
2.500000e+01,9.046558e-01,4.210292e-02,4.433059e-02,8.910671e-03,1.069630e+07
2.516667e+01,9.017599e-01,4.388505e-02,4.499889e-02,9.356204e-03,1.108381e+07
2.533333e+01,9.004233e-01,4.388505e-02,4.611272e-02,9.578971e-03,1.150690e+07
2.550000e+01,8.988639e-01,4.455335e-02,4.678102e-02,9.801738e-03,1.192329e+07
2.566667e+01,8.966362e-01,4.477612e-02,4.856315e-02,1.002450e-02,1.238884e+07
2.583333e+01,8.946313e-01,4.611272e-02,4.834039e-02,1.091557e-02,1.293303e+07
2.600000e+01,8.928492e-01,4.566719e-02,5.012252e-02,1.136110e-02,1.352317e+07
2.616667e+01,8.912898e-01,4.655825e-02,4.989975e-02,1.225217e-02,1.404589e+07
2.633333e+01,8.890622e-01,4.834039e-02,4.989975e-02,1.269771e-02,1.462190e+07
2.650000e+01,8.866117e-01,4.900869e-02,5.123636e-02,1.314324e-02,1.514425e+07
2.666667e+01,8.841613e-01,4.989975e-02,5.168189e-02,1.425707e-02,1.573127e+07
2.683333e+01,8.814881e-01,5.056806e-02,5.257296e-02,1.537091e-02,1.633861e+07
2.700000e+01,8.788149e-01,5.145912e-02,5.368679e-02,1.603921e-02,1.683523e+07
2.716667e+01,8.765872e-01,5.257296e-02,5.413232e-02,1.670751e-02,1.721153e+07
2.733333e+01,8.736912e-01,5.368679e-02,5.546892e-02,1.715304e-02,1.758745e+07
2.750000e+01,8.716863e-01,5.457786e-02,5.569169e-02,1.804411e-02,1.800673e+07
2.766667e+01,8.692359e-01,5.502339e-02,5.702829e-02,1.871241e-02,1.847952e+07
2.783333e+01,8.672310e-01,5.635999e-02,5.680552e-02,1.960348e-02,1.891599e+07
2.800000e+01,8.656716e-01,5.702829e-02,5.769659e-02,1.960348e-02,1.933441e+07
2.816667e+01,8.643350e-01,5.680552e-02,5.747382e-02,2.138561e-02,1.969280e+07
2.833333e+01,8.616618e-01,5.747382e-02,5.947873e-02,2.138561e-02,2.015185e+07
2.850000e+01,8.594342e-01,5.769659e-02,6.059256e-02,2.227668e-02,2.038681e+07
2.866667e+01,8.580976e-01,5.769659e-02,6.148363e-02,2.272221e-02,2.076569e+07
2.883333e+01,8.558699e-01,5.925596e-02,6.148363e-02,2.339051e-02,2.109228e+07
2.900000e+01,8.529739e-01,5.881043e-02,6.393406e-02,2.428158e-02,2.146812e+07
2.916667e+01,8.505235e-01,6.036979e-02,6.393406e-02,2.517264e-02,2.180290e+07
2.933333e+01,8.478503e-01,6.148363e-02,6.437959e-02,2.628648e-02,2.213113e+07
2.950000e+01,8.451771e-01,6.215193e-02,6.571620e-02,2.695478e-02,2.239401e+07
2.966667e+01,8.429494e-01,6.304299e-02,6.683003e-02,2.717755e-02,2.252736e+07
2.983333e+01,8.411673e-01,6.326576e-02,6.705280e-02,2.851415e-02,2.260166e+07
3.000000e+01,8.384941e-01,6.393406e-02,6.794386e-02,2.962798e-02,2.273072e+07
3.016667e+01,8.367120e-01,6.415683e-02,6.816663e-02,3.096458e-02,2.273580e+07
3.033333e+01,8.340388e-01,6.549343e-02,6.905770e-02,3.141011e-02,2.261273e+07
3.050000e+01,8.311428e-01,6.660726e-02,7.017153e-02,3.207841e-02,2.241433e+07
3.066667e+01,8.284696e-01,6.727556e-02,7.150813e-02,3.274671e-02,2.223718e+07
3.083333e+01,8.255736e-01,6.794386e-02,7.351303e-02,3.296948e-02,2.202822e+07
3.100000e+01,8.237915e-01,6.816663e-02,7.395857e-02,3.408331e-02,2.183675e+07
3.116667e+01,8.213411e-01,6.838940e-02,7.551793e-02,3.475162e-02,2.172024e+07
3.133333e+01,8.191134e-01,6.883493e-02,7.663177e-02,3.541992e-02,2.155145e+07
3.150000e+01,8.166630e-01,7.039430e-02,7.618623e-02,3.675652e-02,2.138171e+07
3.166667e+01,8.157719e-01,7.039430e-02,7.663177e-02,3.720205e-02,2.123258e+07
3.183333e+01,8.146581e-01,6.883493e-02,7.863667e-02,3.787035e-02,2.095362e+07
3.200000e+01,8.115393e-01,6.950323e-02,8.019603e-02,3.876142e-02,2.073133e+07
3.216667e+01,8.079751e-01,7.195366e-02,8.019603e-02,3.987525e-02,2.055166e+07
3.233333e+01,8.053018e-01,7.284473e-02,8.064157e-02,4.121185e-02,2.040280e+07
3.250000e+01,8.032969e-01,7.239920e-02,8.242370e-02,4.188015e-02,2.027684e+07
3.266667e+01,7.999554e-01,7.440410e-02,8.286924e-02,4.277122e-02,2.012654e+07
3.283333e+01,7.986188e-01,7.395857e-02,8.442860e-02,4.299399e-02,2.000049e+07
3.300000e+01,7.959456e-01,7.484963e-02,8.576520e-02,4.343952e-02,1.989491e+07
3.316667e+01,7.948318e-01,7.462687e-02,8.621074e-02,4.433059e-02,1.990816e+07
3.333333e+01,7.930497e-01,7.484963e-02,8.665627e-02,4.544442e-02,2.004915e+07
3.350000e+01,7.914903e-01,7.418133e-02,8.754734e-02,4.678102e-02,2.024253e+07
3.366667e+01,7.897082e-01,7.262196e-02,9.022054e-02,4.744932e-02,2.042008e+07
3.383333e+01,7.885943e-01,7.061706e-02,9.244821e-02,4.834039e-02,2.052218e+07
3.400000e+01,7.859211e-01,7.039430e-02,9.378481e-02,4.989975e-02,2.068081e+07
3.416667e+01,7.830252e-01,7.195366e-02,9.423034e-02,5.079082e-02,2.088342e+07
3.433333e+01,7.810203e-01,7.173090e-02,9.601247e-02,5.123636e-02,2.102832e+07
3.450000e+01,7.796837e-01,7.128536e-02,9.712631e-02,5.190466e-02,2.125539e+07
3.466667e+01,7.770105e-01,7.173090e-02,9.890844e-02,5.235019e-02,2.165002e+07
3.483333e+01,7.745600e-01,7.217643e-02,9.935398e-02,5.390956e-02,2.215356e+07
3.500000e+01,7.725551e-01,7.284473e-02,1.002450e-01,5.435509e-02,2.275034e+07
3.516667e+01,7.698819e-01,7.284473e-02,1.015816e-01,5.569169e-02,2.323426e+07
3.533333e+01,7.669860e-01,7.418133e-02,1.029182e-01,5.591446e-02,2.386030e+07
3.550000e+01,7.645355e-01,7.529517e-02,1.033638e-01,5.680552e-02,2.450700e+07
3.566667e+01,7.640900e-01,7.395857e-02,1.040321e-01,5.791936e-02,2.534817e+07
3.583333e+01,7.618623e-01,7.462687e-02,1.055914e-01,5.791936e-02,2.625293e+07
3.600000e+01,7.589664e-01,7.574070e-02,1.062597e-01,5.903319e-02,2.718223e+07
3.616667e+01,7.560704e-01,7.640900e-02,1.078191e-01,5.970149e-02,2.833936e+07
3.633333e+01,7.540655e-01,7.640900e-02,1.084874e-01,6.103809e-02,2.949021e+07
3.650000e+01,7.507240e-01,7.930497e-02,1.073736e-01,6.259746e-02,3.077945e+07
3.666667e+01,7.491646e-01,7.863667e-02,1.082646e-01,6.393406e-02,3.210390e+07
3.683333e+01,7.458231e-01,7.997327e-02,1.075963e-01,6.660726e-02,3.335418e+07
3.700000e+01,7.431499e-01,8.041880e-02,1.084874e-01,6.794386e-02,3.456037e+07
3.716667e+01,7.413678e-01,7.908220e-02,1.096012e-01,6.994876e-02,3.554126e+07
3.733333e+01,7.389174e-01,8.064157e-02,1.082646e-01,7.217643e-02,3.648533e+07
3.750000e+01,7.353531e-01,8.220094e-02,1.084874e-01,7.395857e-02,3.735403e+07
3.766667e+01,7.333482e-01,8.153264e-02,1.107151e-01,7.440410e-02,3.811162e+07
3.783333e+01,7.300067e-01,8.264647e-02,1.096012e-01,7.774560e-02,3.884483e+07
3.800000e+01,7.259969e-01,8.465137e-02,1.100468e-01,7.930497e-02,3.975720e+07
3.816667e+01,7.224326e-01,8.509690e-02,1.120517e-01,8.041880e-02,4.031574e+07
3.833333e+01,7.199822e-01,8.598797e-02,1.109378e-01,8.309200e-02,4.086871e+07
3.850000e+01,7.179773e-01,8.576520e-02,1.116061e-01,8.465137e-02,4.158848e+07
3.866667e+01,7.157496e-01,8.621074e-02,1.122744e-01,8.576520e-02,4.218313e+07
3.883333e+01,7.132992e-01,8.621074e-02,1.131655e-01,8.732457e-02,4.280538e+07
3.900000e+01,7.099577e-01,8.821564e-02,1.136110e-01,8.821564e-02,4.355281e+07
3.916667e+01,7.070617e-01,8.799287e-02,1.151704e-01,8.977501e-02,4.428888e+07
3.933333e+01,7.028291e-01,8.910671e-02,1.165070e-01,9.155714e-02,4.522193e+07
3.950000e+01,7.010470e-01,8.866117e-02,1.169526e-01,9.333927e-02,4.619230e+07
3.966667e+01,6.981510e-01,9.022054e-02,1.169526e-01,9.467587e-02,4.717889e+07
3.983333e+01,6.952551e-01,9.133437e-02,1.169526e-01,9.645801e-02,4.815400e+07
4.000000e+01,6.914680e-01,9.289374e-02,1.180664e-01,9.757184e-02,4.920885e+07
4.016667e+01,6.883493e-01,9.356204e-02,1.173981e-01,1.006906e-01,5.019750e+07
4.033333e+01,6.854533e-01,9.423034e-02,1.187347e-01,1.015816e-01,5.126449e+07
4.050000e+01,6.821118e-01,9.512141e-02,1.191802e-01,1.035865e-01,5.206130e+07
4.066667e+01,6.792159e-01,9.645801e-02,1.189575e-01,1.053687e-01,5.296779e+07
4.083333e+01,6.749833e-01,9.846291e-02,1.182892e-01,1.082646e-01,5.376706e+07
4.100000e+01,6.711963e-01,1.006906e-01,1.178436e-01,1.102695e-01,5.467349e+07
4.116667e+01,6.683003e-01,1.006906e-01,1.189575e-01,1.120517e-01,5.532961e+07
4.133333e+01,6.647360e-01,1.013589e-01,1.194030e-01,1.145021e-01,5.590520e+07
4.150000e+01,6.618401e-01,1.018044e-01,1.196258e-01,1.167298e-01,5.655137e+07
4.166667e+01,6.580530e-01,1.015816e-01,1.202941e-01,1.200713e-01,5.717717e+07
4.183333e+01,6.535977e-01,1.022499e-01,1.220762e-01,1.220762e-01,5.769642e+07
4.200000e+01,6.504789e-01,1.029182e-01,1.227445e-01,1.238583e-01,5.798678e+07
4.216667e+01,6.475830e-01,1.042548e-01,1.220762e-01,1.260860e-01,5.832197e+07
4.233333e+01,6.444642e-01,1.047004e-01,1.227445e-01,1.280909e-01,5.871643e+07
4.250000e+01,6.420138e-01,1.047004e-01,1.234128e-01,1.298730e-01,5.913497e+07
4.266667e+01,6.380040e-01,1.069280e-01,1.234128e-01,1.316552e-01,5.951877e+07
4.283333e+01,6.351080e-01,1.064825e-01,1.229673e-01,1.354422e-01,5.991399e+07
4.300000e+01,6.324348e-01,1.069280e-01,1.234128e-01,1.372243e-01,6.034591e+07
4.316667e+01,6.284250e-01,1.082646e-01,1.229673e-01,1.403431e-01,6.048328e+07
4.333333e+01,6.226331e-01,1.096012e-01,1.251949e-01,1.425707e-01,6.069534e+07
4.350000e+01,6.199599e-01,1.078191e-01,1.289820e-01,1.432390e-01,6.067502e+07
4.366667e+01,6.177322e-01,1.069280e-01,1.303186e-01,1.450212e-01,6.071813e+07
4.383333e+01,6.148363e-01,1.055914e-01,1.316552e-01,1.479171e-01,6.099875e+07
4.400000e+01,6.119403e-01,1.051459e-01,1.327690e-01,1.501448e-01,6.139161e+07
4.416667e+01,6.083760e-01,1.058142e-01,1.338828e-01,1.519269e-01,6.157783e+07
4.433333e+01,6.052573e-01,1.064825e-01,1.334373e-01,1.548229e-01,6.171784e+07
4.450000e+01,6.023613e-01,1.060370e-01,1.341056e-01,1.574961e-01,6.186811e+07
4.466667e+01,5.979060e-01,1.075963e-01,1.338828e-01,1.606148e-01,6.190697e+07
4.483333e+01,5.930051e-01,1.089329e-01,1.354422e-01,1.626197e-01,6.186732e+07
4.500000e+01,5.889953e-01,1.096012e-01,1.372243e-01,1.641791e-01,6.162309e+07
4.516667e+01,5.863221e-01,1.098240e-01,1.363333e-01,1.675206e-01,6.137757e+07
4.533333e+01,5.832034e-01,1.091557e-01,1.374471e-01,1.701938e-01,6.117051e+07
4.550000e+01,5.800847e-01,1.084874e-01,1.390065e-01,1.724215e-01,6.073291e+07
4.566667e+01,5.754065e-01,1.107151e-01,1.392292e-01,1.746491e-01,6.030848e+07
4.583333e+01,5.722878e-01,1.098240e-01,1.407886e-01,1.770996e-01,5.986390e+07
4.600000e+01,5.702829e-01,1.091557e-01,1.416797e-01,1.788817e-01,5.936581e+07
4.616667e+01,5.671642e-01,1.096012e-01,1.436846e-01,1.795500e-01,5.877818e+07
4.633333e+01,5.629316e-01,1.111606e-01,1.445756e-01,1.813321e-01,5.821494e+07
4.650000e+01,5.586990e-01,1.122744e-01,1.454667e-01,1.835598e-01,5.797200e+07
4.666667e+01,5.558031e-01,1.120517e-01,1.472488e-01,1.848964e-01,5.779081e+07
4.683333e+01,5.506794e-01,1.138338e-01,1.499220e-01,1.855647e-01,5.758604e+07
4.700000e+01,5.473379e-01,1.138338e-01,1.510359e-01,1.877924e-01,5.753624e+07
4.716667e+01,5.451103e-01,1.136110e-01,1.512586e-01,1.900200e-01,5.778954e+07
4.733333e+01,5.417688e-01,1.136110e-01,1.514814e-01,1.931388e-01,5.807707e+07
4.750000e+01,5.379817e-01,1.147249e-01,1.528180e-01,1.944754e-01,5.837268e+07
4.766667e+01,5.335264e-01,1.171753e-01,1.517042e-01,1.975941e-01,5.840562e+07
4.783333e+01,5.290711e-01,1.180664e-01,1.537091e-01,1.991535e-01,5.862496e+07
4.800000e+01,5.259523e-01,1.189575e-01,1.539318e-01,2.011584e-01,5.860678e+07
4.816667e+01,5.221653e-01,1.200713e-01,1.539318e-01,2.038316e-01,5.867132e+07
4.833333e+01,5.181555e-01,1.216307e-01,1.552684e-01,2.049454e-01,5.872223e+07
4.850000e+01,5.143685e-01,1.225217e-01,1.559367e-01,2.071731e-01,5.869634e+07
4.866667e+01,5.094676e-01,1.245266e-01,1.572733e-01,2.087325e-01,5.885736e+07
4.883333e+01,5.061261e-01,1.243039e-01,1.597238e-01,2.098463e-01,5.901154e+07
4.900000e+01,5.034529e-01,1.240811e-01,1.608376e-01,2.116284e-01,5.933680e+07
4.916667e+01,5.005569e-01,1.231900e-01,1.630653e-01,2.131878e-01,5.993782e+07
4.933333e+01,4.965471e-01,1.236356e-01,1.648474e-01,2.149699e-01,6.062541e+07
4.950000e+01,4.925373e-01,1.254177e-01,1.639563e-01,2.180887e-01,6.139106e+07
4.966667e+01,4.894186e-01,1.251949e-01,1.650702e-01,2.203163e-01,6.222701e+07
4.983333e+01,4.838494e-01,1.283137e-01,1.648474e-01,2.229895e-01,6.294171e+07
5.000000e+01,4.800624e-01,1.278681e-01,1.670751e-01,2.249944e-01,6.373914e+07
5.016667e+01,4.758298e-01,1.285364e-01,1.679661e-01,2.276676e-01,6.455281e+07
5.033333e+01,4.724883e-01,1.285364e-01,1.695255e-01,2.294498e-01,6.542263e+07
5.050000e+01,4.695923e-01,1.300958e-01,1.681889e-01,2.321230e-01,6.620178e+07
5.066667e+01,4.653598e-01,1.307641e-01,1.701938e-01,2.336823e-01,6.704295e+07
5.083333e+01,4.613500e-01,1.294275e-01,1.730898e-01,2.361328e-01,6.787253e+07
5.100000e+01,4.580085e-01,1.289820e-01,1.733125e-01,2.396970e-01,6.886198e+07
5.116667e+01,4.553353e-01,1.278681e-01,1.753174e-01,2.414792e-01,6.983702e+07
5.133333e+01,4.504344e-01,1.285364e-01,1.759857e-01,2.450434e-01,7.054179e+07
5.150000e+01,4.466474e-01,1.269771e-01,1.788817e-01,2.474939e-01,7.143095e+07
5.166667e+01,4.457563e-01,1.236356e-01,1.802183e-01,2.503898e-01,7.213921e+07
5.183333e+01,4.413010e-01,1.249722e-01,1.815549e-01,2.521720e-01,7.287527e+07
5.200000e+01,4.361773e-01,1.260860e-01,1.817777e-01,2.559590e-01,7.349280e+07
5.216667e+01,4.323903e-01,1.263088e-01,1.824460e-01,2.588550e-01,7.437849e+07
5.233333e+01,4.279350e-01,1.267543e-01,1.828915e-01,2.624192e-01,7.507329e+07
5.250000e+01,4.245935e-01,1.251949e-01,1.831143e-01,2.670973e-01,7.582047e+07
5.266667e+01,4.201381e-01,1.265315e-01,1.831143e-01,2.702161e-01,7.646665e+07
5.283333e+01,4.174649e-01,1.247494e-01,1.851192e-01,2.726665e-01,7.690947e+07
5.300000e+01,4.132323e-01,1.251949e-01,1.864558e-01,2.751170e-01,7.723555e+07
5.316667e+01,4.078859e-01,1.276454e-01,1.853419e-01,2.791268e-01,7.760932e+07
5.333333e+01,4.038761e-01,1.267543e-01,1.866785e-01,2.826910e-01,7.804221e+07
5.350000e+01,3.991980e-01,1.283137e-01,1.851192e-01,2.873691e-01,7.825174e+07
5.366667e+01,3.942972e-01,1.307641e-01,1.844509e-01,2.904879e-01,7.857548e+07
5.383333e+01,3.907329e-01,1.321007e-01,1.851192e-01,2.920472e-01,7.878989e+07
5.400000e+01,3.865003e-01,1.325462e-01,1.851192e-01,2.958343e-01,7.897621e+07
5.416667e+01,3.831588e-01,1.329918e-01,1.853419e-01,2.985075e-01,7.941252e+07
5.433333e+01,3.811539e-01,1.303186e-01,1.866785e-01,3.018490e-01,7.979983e+07
5.450000e+01,3.778124e-01,1.296503e-01,1.886834e-01,3.038539e-01,8.033513e+07
5.466667e+01,3.731343e-01,1.309869e-01,1.891290e-01,3.067498e-01,8.079049e+07
5.483333e+01,3.682335e-01,1.316552e-01,1.897973e-01,3.103141e-01,8.140728e+07
5.500000e+01,3.624415e-01,1.345511e-01,1.902428e-01,3.127645e-01,8.204092e+07
5.516667e+01,3.566496e-01,1.352194e-01,1.929160e-01,3.152150e-01,8.248477e+07
5.533333e+01,3.526398e-01,1.347739e-01,1.951437e-01,3.174426e-01,8.302496e+07
5.550000e+01,3.497438e-01,1.327690e-01,1.967031e-01,3.207841e-01,8.361650e+07
5.566667e+01,3.459568e-01,1.341056e-01,1.962575e-01,3.236801e-01,8.433701e+07
5.583333e+01,3.412787e-01,1.347739e-01,1.967031e-01,3.272444e-01,8.496089e+07
5.600000e+01,3.361550e-01,1.363333e-01,1.967031e-01,3.308086e-01,8.551769e+07
5.616667e+01,3.328135e-01,1.354422e-01,1.980397e-01,3.337046e-01,8.594364e+07
5.633333e+01,3.292493e-01,1.358877e-01,1.975941e-01,3.372689e-01,8.628286e+07
5.650000e+01,3.261305e-01,1.358877e-01,1.971486e-01,3.408331e-01,8.663992e+07
5.666667e+01,3.223435e-01,1.363333e-01,1.973714e-01,3.439519e-01,8.687853e+07
5.683333e+01,3.187792e-01,1.367788e-01,1.962575e-01,3.481845e-01,8.697699e+07
5.700000e+01,3.127645e-01,1.376699e-01,1.980397e-01,3.515260e-01,8.707813e+07
5.716667e+01,3.080864e-01,1.392292e-01,1.993763e-01,3.533081e-01,8.699630e+07
5.733333e+01,3.040766e-01,1.410114e-01,1.995990e-01,3.553130e-01,8.694090e+07
5.750000e+01,2.967253e-01,1.450212e-01,2.002673e-01,3.579862e-01,8.714527e+07
5.766667e+01,2.922700e-01,1.445756e-01,2.020495e-01,3.611049e-01,8.751390e+07
5.783333e+01,2.878147e-01,1.452439e-01,2.033861e-01,3.635554e-01,8.792480e+07
5.800000e+01,2.831366e-01,1.472488e-01,2.018267e-01,3.677879e-01,8.836680e+07
5.816667e+01,2.802406e-01,1.445756e-01,2.031633e-01,3.720205e-01,8.905937e+07
5.833333e+01,2.771219e-01,1.441301e-01,2.016039e-01,3.771441e-01,8.957360e+07
5.850000e+01,2.740031e-01,1.425707e-01,2.036088e-01,3.798173e-01,8.999709e+07
5.866667e+01,2.691022e-01,1.419024e-01,2.040544e-01,3.849410e-01,9.010631e+07
5.883333e+01,2.644241e-01,1.432390e-01,2.040544e-01,3.882825e-01,9.028034e+07
5.900000e+01,2.617509e-01,1.419024e-01,2.040544e-01,3.922923e-01,9.016853e+07
5.916667e+01,2.559590e-01,1.430163e-01,2.056137e-01,3.954110e-01,9.005944e+07
5.933333e+01,2.501671e-01,1.454667e-01,2.056137e-01,3.987525e-01,8.979269e+07
5.950000e+01,2.459345e-01,1.461350e-01,2.058365e-01,4.020940e-01,8.963540e+07
5.966667e+01,2.419247e-01,1.476944e-01,2.049454e-01,4.054355e-01,8.955043e+07
5.983333e+01,2.381377e-01,1.472488e-01,2.058365e-01,4.087770e-01,8.953153e+07
6.000000e+01,2.316774e-01,1.494765e-01,2.056137e-01,4.132323e-01,8.958182e+07
6.016667e+01,2.258855e-01,1.510359e-01,2.062820e-01,4.167966e-01,8.957959e+07
6.033333e+01,2.207619e-01,1.510359e-01,2.076186e-01,4.205836e-01,8.947496e+07
6.050000e+01,2.160838e-01,1.512586e-01,2.089552e-01,4.237024e-01,8.933486e+07
6.066667e+01,2.107374e-01,1.546001e-01,2.082869e-01,4.263756e-01,8.920152e+07
6.083333e+01,2.073959e-01,1.548229e-01,2.085097e-01,4.292716e-01,8.918239e+07
6.100000e+01,2.031633e-01,1.537091e-01,2.109601e-01,4.321675e-01,8.933173e+07
6.116667e+01,1.998218e-01,1.528180e-01,2.109601e-01,4.364001e-01,8.969395e+07
6.133333e+01,1.958120e-01,1.510359e-01,2.143016e-01,4.388505e-01,9.011985e+07
6.150000e+01,1.929160e-01,1.501448e-01,2.165293e-01,4.404099e-01,9.041198e+07
6.166667e+01,1.900200e-01,1.494765e-01,2.167521e-01,4.437514e-01,9.092021e+07
6.183333e+01,1.866785e-01,1.492537e-01,2.167521e-01,4.473157e-01,9.184297e+07
6.200000e+01,1.831143e-01,1.501448e-01,2.151927e-01,4.515482e-01,9.276372e+07
6.216667e+01,1.795500e-01,1.490310e-01,2.158610e-01,4.555580e-01,9.370446e+07
6.233333e+01,1.744264e-01,1.521497e-01,2.138561e-01,4.595678e-01,9.437923e+07
6.250000e+01,1.713076e-01,1.514814e-01,2.134106e-01,4.638004e-01,9.507799e+07
6.266667e+01,1.670751e-01,1.499220e-01,2.149699e-01,4.680330e-01,9.559902e+07
6.283333e+01,1.637336e-01,1.485854e-01,2.158610e-01,4.718200e-01,9.594774e+07
6.300000e+01,1.603921e-01,1.485854e-01,2.143016e-01,4.767209e-01,9.625954e+07
6.316667e+01,1.574961e-01,1.468033e-01,2.129650e-01,4.827356e-01,9.647088e+07
6.333333e+01,1.543774e-01,1.450212e-01,2.147472e-01,4.858543e-01,9.647037e+07
6.350000e+01,1.517042e-01,1.439073e-01,2.149699e-01,4.894186e-01,9.613728e+07
6.366667e+01,1.490310e-01,1.425707e-01,2.156382e-01,4.927601e-01,9.585435e+07
6.383333e+01,1.459122e-01,1.419024e-01,2.158610e-01,4.963243e-01,9.563028e+07
6.400000e+01,1.430163e-01,1.416797e-01,2.160838e-01,4.992203e-01,9.544425e+07
6.416667e+01,1.405658e-01,1.407886e-01,2.165293e-01,5.021163e-01,9.524824e+07
6.433333e+01,1.383382e-01,1.401203e-01,2.151927e-01,5.063489e-01,9.514227e+07
6.450000e+01,1.349967e-01,1.398975e-01,2.156382e-01,5.094676e-01,9.517916e+07
6.466667e+01,1.334373e-01,1.370016e-01,2.151927e-01,5.143685e-01,9.517188e+07
6.483333e+01,1.314324e-01,1.352194e-01,2.156382e-01,5.177100e-01,9.526419e+07
6.500000e+01,1.276454e-01,1.349967e-01,2.147472e-01,5.226108e-01,9.502612e+07
6.516667e+01,1.249722e-01,1.321007e-01,2.174204e-01,5.255068e-01,9.486097e+07
6.533333e+01,1.220762e-01,1.309869e-01,2.169748e-01,5.299621e-01,9.447714e+07
6.550000e+01,1.189575e-01,1.309869e-01,2.169748e-01,5.330809e-01,9.422294e+07
6.566667e+01,1.169526e-01,1.294275e-01,2.167521e-01,5.368679e-01,9.400719e+07
6.583333e+01,1.142793e-01,1.289820e-01,2.167521e-01,5.399866e-01,9.391784e+07
6.600000e+01,1.122744e-01,1.278681e-01,2.174204e-01,5.424371e-01,9.398436e+07
6.616667e+01,1.096012e-01,1.276454e-01,2.176431e-01,5.451103e-01,9.406710e+07
6.633333e+01,1.073736e-01,1.269771e-01,2.163065e-01,5.493428e-01,9.440746e+07
6.650000e+01,1.058142e-01,1.247494e-01,2.160838e-01,5.533526e-01,9.505613e+07
6.666667e+01,1.033638e-01,1.236356e-01,2.171976e-01,5.558031e-01,9.570257e+07
6.683333e+01,1.006906e-01,1.229673e-01,2.176431e-01,5.586990e-01,9.631431e+07
6.700000e+01,9.890844e-02,1.211851e-01,2.183114e-01,5.615950e-01,9.709743e+07
6.716667e+01,9.690354e-02,1.198485e-01,2.160838e-01,5.671642e-01,9.800842e+07
6.733333e+01,9.534417e-02,1.162843e-01,2.171976e-01,5.711740e-01,9.912186e+07
6.750000e+01,9.244821e-02,1.156160e-01,2.169748e-01,5.749610e-01,1.000074e+08
6.766667e+01,8.910671e-02,1.151704e-01,2.160838e-01,5.796391e-01,1.008879e+08
6.783333e+01,8.598797e-02,1.156160e-01,2.147472e-01,5.836489e-01,1.018131e+08
6.800000e+01,8.442860e-02,1.147249e-01,2.136333e-01,5.872132e-01,1.027210e+08
6.816667e+01,8.108710e-02,1.156160e-01,2.118512e-01,5.914458e-01,1.035118e+08
6.833333e+01,7.930497e-02,1.142793e-01,2.114057e-01,5.950100e-01,1.043579e+08
6.850000e+01,7.640900e-02,1.133883e-01,2.105146e-01,5.996881e-01,1.050252e+08
6.866667e+01,7.574070e-02,1.111606e-01,2.091780e-01,6.039207e-01,1.057616e+08
6.883333e+01,7.373580e-02,1.098240e-01,2.078414e-01,6.085988e-01,1.063289e+08
6.900000e+01,7.150813e-02,1.093785e-01,2.065048e-01,6.126086e-01,1.067032e+08
6.916667e+01,7.083983e-02,1.067053e-01,2.056137e-01,6.168412e-01,1.068259e+08
6.933333e+01,6.950323e-02,1.038093e-01,2.060593e-01,6.206282e-01,1.070664e+08
6.950000e+01,6.838940e-02,1.022499e-01,2.047227e-01,6.246380e-01,1.073454e+08
6.966667e+01,6.683003e-02,1.020272e-01,2.024950e-01,6.286478e-01,1.076129e+08
6.983333e+01,6.616173e-02,9.979951e-02,2.027178e-01,6.313210e-01,1.078409e+08
7.000000e+01,6.348853e-02,1.002450e-01,2.007129e-01,6.355536e-01,1.081316e+08
7.016667e+01,6.192916e-02,9.913121e-02,1.987080e-01,6.402317e-01,1.086556e+08
7.033333e+01,5.992426e-02,9.757184e-02,1.989307e-01,6.435732e-01,1.091014e+08
7.050000e+01,5.836489e-02,9.556694e-02,1.964803e-01,6.495879e-01,1.094005e+08
7.066667e+01,5.769659e-02,9.489864e-02,1.933616e-01,6.540432e-01,1.098144e+08
7.083333e+01,5.569169e-02,9.356204e-02,1.913566e-01,6.593896e-01,1.098101e+08
7.100000e+01,5.368679e-02,9.423034e-02,1.897973e-01,6.622856e-01,1.096992e+08
7.116667e+01,5.190466e-02,9.445311e-02,1.862330e-01,6.674092e-01,1.093974e+08
7.133333e+01,5.079082e-02,9.222544e-02,1.864558e-01,6.705280e-01,1.092668e+08
7.150000e+01,4.989975e-02,9.022054e-02,1.844509e-01,6.754288e-01,1.089169e+08
7.166667e+01,4.856315e-02,8.888394e-02,1.840053e-01,6.785476e-01,1.087820e+08
7.183333e+01,4.767209e-02,8.777010e-02,1.817777e-01,6.827801e-01,1.086098e+08
7.200000e+01,4.633549e-02,8.643350e-02,1.804411e-01,6.867899e-01,1.086168e+08
7.216667e+01,4.477612e-02,8.621074e-02,1.791045e-01,6.899087e-01,1.086862e+08
7.233333e+01,4.366229e-02,8.420584e-02,1.770996e-01,6.950323e-01,1.089783e+08
7.250000e+01,4.210292e-02,8.220094e-02,1.759857e-01,6.997104e-01,1.094487e+08
7.266667e+01,4.009802e-02,8.108710e-02,1.750947e-01,7.037202e-01,1.097714e+08
7.283333e+01,3.876142e-02,8.019603e-02,1.739808e-01,7.070617e-01,1.100086e+08
7.300000e+01,3.809312e-02,7.885943e-02,1.726442e-01,7.104032e-01,1.102563e+08
7.316667e+01,3.675652e-02,7.819113e-02,1.717532e-01,7.132992e-01,1.106003e+08
7.333333e+01,3.564268e-02,7.774560e-02,1.681889e-01,7.184228e-01,1.111087e+08
7.350000e+01,3.386055e-02,7.774560e-02,1.655157e-01,7.228781e-01,1.117700e+08
7.366667e+01,3.230118e-02,7.618623e-02,1.650702e-01,7.264424e-01,1.121589e+08
7.383333e+01,3.051905e-02,7.529517e-02,1.637336e-01,7.304522e-01,1.124687e+08
7.400000e+01,2.918245e-02,7.329027e-02,1.617287e-01,7.357986e-01,1.127803e+08
7.416667e+01,2.851415e-02,7.284473e-02,1.577189e-01,7.409223e-01,1.129507e+08
7.433333e+01,2.762308e-02,7.128536e-02,1.557140e-01,7.453776e-01,1.130372e+08
7.450000e+01,2.695478e-02,6.994876e-02,1.537091e-01,7.493874e-01,1.128184e+08
7.466667e+01,2.584094e-02,6.905770e-02,1.501448e-01,7.549566e-01,1.123888e+08
7.483333e+01,2.472711e-02,6.749833e-02,1.499220e-01,7.578525e-01,1.117370e+08
7.500000e+01,2.316774e-02,6.749833e-02,1.485854e-01,7.607485e-01,1.107838e+08
7.516667e+01,2.227668e-02,6.571620e-02,1.470261e-01,7.649811e-01,1.099412e+08
7.533333e+01,2.160838e-02,6.304299e-02,1.463578e-01,7.689909e-01,1.092949e+08
7.550000e+01,2.049454e-02,6.304299e-02,1.436846e-01,7.727779e-01,1.085039e+08
7.566667e+01,2.004901e-02,6.103809e-02,1.398975e-01,7.790154e-01,1.077096e+08
7.583333e+01,1.915794e-02,6.036979e-02,1.367788e-01,7.836935e-01,1.068284e+08
7.600000e+01,1.826687e-02,5.970149e-02,1.336601e-01,7.883716e-01,1.054463e+08
7.616667e+01,1.693027e-02,5.947873e-02,1.312096e-01,7.923814e-01,1.038766e+08
7.633333e+01,1.559367e-02,5.947873e-02,1.298730e-01,7.950546e-01,1.021197e+08
7.650000e+01,1.447984e-02,5.881043e-02,1.292047e-01,7.975050e-01,1.003185e+08
7.666667e+01,1.403431e-02,5.769659e-02,1.280909e-01,8.001782e-01,9.872272e+07
7.683333e+01,1.336601e-02,5.680552e-02,1.256405e-01,8.041880e-01,9.732246e+07
7.700000e+01,1.225217e-02,5.502339e-02,1.247494e-01,8.079751e-01,9.612416e+07
7.716667e+01,1.180664e-02,5.413232e-02,1.236356e-01,8.104255e-01,9.475452e+07
7.733333e+01,1.113834e-02,5.390956e-02,1.220762e-01,8.128759e-01,9.346651e+07
7.750000e+01,1.024727e-02,5.324126e-02,1.205168e-01,8.159947e-01,9.229736e+07
7.766667e+01,9.578971e-03,5.257296e-02,1.180664e-01,8.197817e-01,9.126721e+07
7.783333e+01,8.910671e-03,5.257296e-02,1.145021e-01,8.240143e-01,9.019640e+07
7.800000e+01,8.687904e-03,5.190466e-02,1.136110e-01,8.257964e-01,8.902100e+07
7.816667e+01,7.796837e-03,5.145912e-02,1.113834e-01,8.293607e-01,8.755598e+07
7.833333e+01,7.796837e-03,4.923145e-02,1.118289e-01,8.311428e-01,8.641955e+07
7.850000e+01,7.351303e-03,4.767209e-02,1.089329e-01,8.360437e-01,8.516123e+07
7.866667e+01,6.460236e-03,4.700379e-02,1.093785e-01,8.371575e-01,8.410509e+07
7.883333e+01,6.014703e-03,4.678102e-02,1.078191e-01,8.393852e-01,8.279647e+07
7.900000e+01,5.569169e-03,4.633549e-02,1.047004e-01,8.433950e-01,8.189019e+07
7.916667e+01,5.123636e-03,4.588995e-02,1.031410e-01,8.458454e-01,8.114860e+07
7.933333e+01,4.678102e-03,4.544442e-02,1.009133e-01,8.489641e-01,8.016350e+07
7.950000e+01,4.232569e-03,4.544442e-02,9.846291e-02,8.518601e-01,7.922054e+07
7.966667e+01,4.232569e-03,4.410782e-02,9.757184e-02,8.540878e-01,7.817199e+07
7.983333e+01,3.787035e-03,4.343952e-02,9.645801e-02,8.563154e-01,7.714170e+07
