Time,U,I1,I2,D,Ve
0.000000e+00,9.997772e-01,2.227668e-04,0.000000e+00,0.000000e+00,0.000000e+00
1.666667e-01,9.997772e-01,2.227668e-04,0.000000e+00,0.000000e+00,0.000000e+00
3.333333e-01,9.997772e-01,2.227668e-04,0.000000e+00,0.000000e+00,0.000000e+00
5.000000e-01,9.997772e-01,2.227668e-04,0.000000e+00,0.000000e+00,0.000000e+00
6.666667e-01,9.997772e-01,2.227668e-04,0.000000e+00,0.000000e+00,0.000000e+00
8.333333e-01,9.997772e-01,2.227668e-04,0.000000e+00,0.000000e+00,0.000000e+00
1.000000e+00,9.997772e-01,2.227668e-04,0.000000e+00,0.000000e+00,0.000000e+00
1.166667e+00,9.997772e-01,2.227668e-04,0.000000e+00,0.000000e+00,0.000000e+00
1.333333e+00,9.997772e-01,2.227668e-04,0.000000e+00,0.000000e+00,0.000000e+00
1.500000e+00,9.997772e-01,2.227668e-04,0.000000e+00,0.000000e+00,0.000000e+00
1.666667e+00,9.997772e-01,2.227668e-04,0.000000e+00,0.000000e+00,0.000000e+00
1.833333e+00,9.997772e-01,2.227668e-04,0.000000e+00,0.000000e+00,0.000000e+00
2.000000e+00,9.997772e-01,2.227668e-04,0.000000e+00,0.000000e+00,0.000000e+00
2.166667e+00,9.997772e-01,2.227668e-04,0.000000e+00,0.000000e+00,0.000000e+00
2.333333e+00,9.997772e-01,2.227668e-04,0.000000e+00,0.000000e+00,0.000000e+00
2.500000e+00,9.997772e-01,2.227668e-04,0.000000e+00,0.000000e+00,0.000000e+00
2.666667e+00,9.997772e-01,2.227668e-04,0.000000e+00,0.000000e+00,0.000000e+00
2.833333e+00,9.997772e-01,2.227668e-04,0.000000e+00,0.000000e+00,0.000000e+00
3.000000e+00,9.997772e-01,2.227668e-04,0.000000e+00,0.000000e+00,0.000000e+00
3.166667e+00,9.997772e-01,2.227668e-04,0.000000e+00,0.000000e+00,0.000000e+00
3.333333e+00,9.997772e-01,2.227668e-04,0.000000e+00,0.000000e+00,0.000000e+00
3.500000e+00,9.997772e-01,2.227668e-04,0.000000e+00,0.000000e+00,0.000000e+00
3.666667e+00,9.997772e-01,2.227668e-04,0.000000e+00,0.000000e+00,0.000000e+00
3.833333e+00,9.997772e-01,2.227668e-04,0.000000e+00,0.000000e+00,0.000000e+00
4.000000e+00,9.997772e-01,2.227668e-04,0.000000e+00,0.000000e+00,0.000000e+00
4.166667e+00,9.997772e-01,2.227668e-04,0.000000e+00,0.000000e+00,0.000000e+00
4.333333e+00,9.997772e-01,2.227668e-04,0.000000e+00,0.000000e+00,0.000000e+00
4.500000e+00,9.997772e-01,2.227668e-04,0.000000e+00,0.000000e+00,0.000000e+00
4.666667e+00,9.997772e-01,2.227668e-04,0.000000e+00,0.000000e+00,0.000000e+00
4.833333e+00,9.997772e-01,2.227668e-04,0.000000e+00,0.000000e+00,0.000000e+00
5.000000e+00,9.997772e-01,2.227668e-04,0.000000e+00,0.000000e+00,0.000000e+00
5.166667e+00,9.997772e-01,2.227668e-04,0.000000e+00,0.000000e+00,0.000000e+00
5.333333e+00,9.997772e-01,2.227668e-04,0.000000e+00,0.000000e+00,0.000000e+00
5.500000e+00,9.997772e-01,2.227668e-04,0.000000e+00,0.000000e+00,0.000000e+00
5.666667e+00,9.997772e-01,2.227668e-04,0.000000e+00,0.000000e+00,0.000000e+00
5.833333e+00,9.997772e-01,2.227668e-04,0.000000e+00,0.000000e+00,0.000000e+00
6.000000e+00,9.997772e-01,2.227668e-04,0.000000e+00,0.000000e+00,0.000000e+00
6.166667e+00,9.997772e-01,2.227668e-04,0.000000e+00,0.000000e+00,0.000000e+00
6.333333e+00,9.997772e-01,2.227668e-04,0.000000e+00,0.000000e+00,0.000000e+00
6.500000e+00,9.997772e-01,2.227668e-04,0.000000e+00,0.000000e+00,0.000000e+00
6.666667e+00,9.997772e-01,2.227668e-04,0.000000e+00,0.000000e+00,0.000000e+00
6.833333e+00,9.997772e-01,2.227668e-04,0.000000e+00,0.000000e+00,0.000000e+00
7.000000e+00,9.997772e-01,2.227668e-04,0.000000e+00,0.000000e+00,0.000000e+00
7.166667e+00,9.997772e-01,2.227668e-04,0.000000e+00,0.000000e+00,0.000000e+00
7.333333e+00,9.997772e-01,2.227668e-04,0.000000e+00,0.000000e+00,0.000000e+00
7.500000e+00,9.997772e-01,2.227668e-04,0.000000e+00,0.000000e+00,0.000000e+00
7.666667e+00,9.997772e-01,2.227668e-04,0.000000e+00,0.000000e+00,0.000000e+00
7.833333e+00,9.997772e-01,2.227668e-04,0.000000e+00,0.000000e+00,0.000000e+00
8.000000e+00,9.997772e-01,0.000000e+00,2.227668e-04,0.000000e+00,0.000000e+00
8.166667e+00,9.997772e-01,0.000000e+00,2.227668e-04,0.000000e+00,0.000000e+00
8.333333e+00,9.997772e-01,0.000000e+00,2.227668e-04,0.000000e+00,1.278703e+02
8.500000e+00,9.997772e-01,0.000000e+00,2.227668e-04,0.000000e+00,2.765201e+02
8.666667e+00,9.991089e-01,6.683003e-04,2.227668e-04,0.000000e+00,4.520789e+02
8.833333e+00,9.986634e-01,1.113834e-03,2.227668e-04,0.000000e+00,6.621020e+02
9.000000e+00,9.984406e-01,1.336601e-03,2.227668e-04,0.000000e+00,9.159229e+02
9.166667e+00,9.982179e-01,1.336601e-03,4.455335e-04,0.000000e+00,1.225084e+03
9.333333e+00,9.971040e-01,2.450434e-03,4.455335e-04,0.000000e+00,1.603865e+03
9.500000e+00,9.968813e-01,2.673201e-03,4.455335e-04,0.000000e+00,2.069932e+03
9.666667e+00,9.959902e-01,3.564268e-03,4.455335e-04,0.000000e+00,2.645095e+03
9.833333e+00,9.955447e-01,4.009802e-03,4.455335e-04,0.000000e+00,3.356260e+03
1.000000e+01,9.948764e-01,4.678102e-03,4.455335e-04,0.000000e+00,4.236519e+03
1.016667e+01,9.946536e-01,4.678102e-03,6.683003e-04,0.000000e+00,5.326441e+03
1.033333e+01,9.939853e-01,5.346402e-03,6.683003e-04,0.000000e+00,6.675532e+03
1.050000e+01,9.935398e-01,5.791936e-03,6.683003e-04,0.000000e+00,8.343879e+03
1.066667e+01,9.930942e-01,6.014703e-03,8.910671e-04,0.000000e+00,1.040384e+04
1.083333e+01,9.926487e-01,6.237469e-03,1.113834e-03,0.000000e+00,1.294182e+04
1.100000e+01,9.915349e-01,7.351303e-03,1.113834e-03,0.000000e+00,1.605974e+04
1.116667e+01,9.906438e-01,8.242370e-03,1.113834e-03,0.000000e+00,1.987616e+04
1.133333e+01,9.893072e-01,9.578971e-03,1.113834e-03,0.000000e+00,2.452634e+04
1.150000e+01,9.886389e-01,1.024727e-02,1.113834e-03,0.000000e+00,3.016111e+04
1.166667e+01,9.881934e-01,1.047004e-02,1.336601e-03,0.000000e+00,3.694348e+04
1.183333e+01,9.868568e-01,1.158387e-02,1.559367e-03,0.000000e+00,4.504274e+04
1.200000e+01,9.859657e-01,1.202941e-02,2.004901e-03,0.000000e+00,5.462509e+04
1.216667e+01,9.855202e-01,1.202941e-02,2.450434e-03,0.000000e+00,6.584092e+04
1.233333e+01,9.848519e-01,1.202941e-02,3.118735e-03,0.000000e+00,7.880941e+04
1.250000e+01,9.839608e-01,1.269771e-02,3.341501e-03,0.000000e+00,9.360124e+04
1.266667e+01,9.828470e-01,1.336601e-02,3.787035e-03,0.000000e+00,1.102221e+05
1.283333e+01,9.824014e-01,1.269771e-02,4.900869e-03,0.000000e+00,1.285996e+05
1.300000e+01,9.821787e-01,1.225217e-02,5.569169e-03,0.000000e+00,1.485773e+05
1.316667e+01,9.812876e-01,1.269771e-02,6.014703e-03,0.000000e+00,1.699170e+05
1.333333e+01,9.799510e-01,1.358877e-02,6.460236e-03,0.000000e+00,1.923084e+05
1.350000e+01,9.788372e-01,1.470261e-02,6.460236e-03,0.000000e+00,2.153897e+05
1.366667e+01,9.786144e-01,1.425707e-02,7.128536e-03,0.000000e+00,2.387711e+05
1.383333e+01,9.779461e-01,1.403431e-02,7.796837e-03,2.227668e-04,2.620585e+05
1.400000e+01,9.775006e-01,1.381154e-02,8.465137e-03,2.227668e-04,2.848773e+05
1.416667e+01,9.768323e-01,1.447984e-02,8.465137e-03,2.227668e-04,2.600874e+05
1.433333e+01,9.768323e-01,1.425707e-02,8.687904e-03,2.227668e-04,2.374602e+05
1.450000e+01,9.750501e-01,1.559367e-02,9.133437e-03,2.227668e-04,2.168084e+05
1.466667e+01,9.746046e-01,1.603921e-02,9.133437e-03,2.227668e-04,1.979613e+05
1.483333e+01,9.739363e-01,1.559367e-02,1.024727e-02,2.227668e-04,1.807662e+05
1.500000e+01,9.725997e-01,1.670751e-02,1.047004e-02,2.227668e-04,1.650790e+05
1.516667e+01,9.717086e-01,1.715304e-02,1.091557e-02,2.227668e-04,1.507741e+05
1.533333e+01,9.701493e-01,1.826687e-02,1.136110e-02,2.227668e-04,1.377322e+05
1.550000e+01,9.697037e-01,1.826687e-02,1.180664e-02,2.227668e-04,1.258484e+05
1.566667e+01,9.685899e-01,1.848964e-02,1.269771e-02,2.227668e-04,1.150274e+05
1.583333e+01,9.670305e-01,1.960348e-02,1.314324e-02,2.227668e-04,1.051873e+05
1.600000e+01,9.656939e-01,2.049454e-02,1.358877e-02,2.227668e-04,9.624808e+04
1.616667e+01,9.650256e-01,2.027178e-02,1.447984e-02,2.227668e-04,8.818426e+04
1.633333e+01,9.634663e-01,2.116284e-02,1.514814e-02,2.227668e-04,8.090194e+04
1.650000e+01,9.621297e-01,2.183114e-02,1.581644e-02,2.227668e-04,7.437976e+04
1.666667e+01,9.614613e-01,2.205391e-02,1.626197e-02,2.227668e-04,6.856310e+04
1.683333e+01,9.603475e-01,2.227668e-02,1.715304e-02,2.227668e-04,6.341849e+04
1.700000e+01,9.590109e-01,2.294498e-02,1.782134e-02,2.227668e-04,5.892828e+04
1.716667e+01,9.581198e-01,2.339051e-02,1.826687e-02,2.227668e-04,5.510435e+04
1.733333e+01,9.576743e-01,2.205391e-02,2.004901e-02,2.227668e-04,5.194002e+04
1.750000e+01,9.576743e-01,2.116284e-02,2.094008e-02,2.227668e-04,4.945968e+04
1.766667e+01,9.574515e-01,2.049454e-02,2.183114e-02,2.227668e-04,4.771148e+04
1.783333e+01,9.558922e-01,2.160838e-02,2.227668e-02,2.227668e-04,4.677312e+04
1.800000e+01,9.550011e-01,2.249944e-02,2.227668e-02,2.227668e-04,4.671806e+04
1.816667e+01,9.543328e-01,2.227668e-02,2.316774e-02,2.227668e-04,4.766800e+04
1.833333e+01,9.541100e-01,2.227668e-02,2.339051e-02,2.227668e-04,4.978278e+04
1.850000e+01,9.529962e-01,2.272221e-02,2.405881e-02,2.227668e-04,5.367137e+04
1.866667e+01,9.523279e-01,2.339051e-02,2.405881e-02,2.227668e-04,5.925875e+04
1.883333e+01,9.521051e-01,2.294498e-02,2.472711e-02,2.227668e-04,6.692933e+04
1.900000e+01,9.516596e-01,2.249944e-02,2.561818e-02,2.227668e-04,7.709326e+04
1.916667e+01,9.501002e-01,2.405881e-02,2.561818e-02,2.227668e-04,9.031885e+04
1.933333e+01,9.498775e-01,2.405881e-02,2.584094e-02,2.227668e-04,1.072698e+05
1.950000e+01,9.492092e-01,2.383604e-02,2.673201e-02,2.227668e-04,1.287723e+05
1.966667e+01,9.489864e-01,2.339051e-02,2.740031e-02,2.227668e-04,1.558446e+05
1.983333e+01,9.485409e-01,2.249944e-02,2.873691e-02,2.227668e-04,1.897173e+05
2.000000e+01,9.474270e-01,2.205391e-02,3.029628e-02,2.227668e-04,2.318801e+05
2.016667e+01,9.465360e-01,2.272221e-02,3.051905e-02,2.227668e-04,2.875413e+05
2.033333e+01,9.458677e-01,2.316774e-02,3.074181e-02,2.227668e-04,3.636963e+05
2.050000e+01,9.451994e-01,2.361328e-02,3.096458e-02,2.227668e-04,4.559538e+05
2.066667e+01,9.447538e-01,2.316774e-02,3.185565e-02,2.227668e-04,5.673776e+05
2.083333e+01,9.440855e-01,2.294498e-02,3.274671e-02,2.227668e-04,7.013717e+05
2.100000e+01,9.431945e-01,2.272221e-02,3.386055e-02,2.227668e-04,8.620638e+05
2.116667e+01,9.418579e-01,2.339051e-02,3.452885e-02,2.227668e-04,1.053005e+06
2.133333e+01,9.409668e-01,2.405881e-02,3.475162e-02,2.227668e-04,1.278215e+06
2.150000e+01,9.402985e-01,2.383604e-02,3.541992e-02,4.455335e-04,1.541709e+06
2.166667e+01,9.389619e-01,2.494988e-02,3.541992e-02,6.683003e-04,1.847269e+06
2.183333e+01,9.382936e-01,2.517264e-02,3.541992e-02,1.113834e-03,2.190043e+06
2.200000e+01,9.378481e-01,2.472711e-02,3.631098e-02,1.113834e-03,2.561711e+06
2.216667e+01,9.376253e-01,2.450434e-02,3.653375e-02,1.336601e-03,2.916834e+06
2.233333e+01,9.365115e-01,2.494988e-02,3.697928e-02,1.559367e-03,3.321972e+06
2.250000e+01,9.351749e-01,2.561818e-02,3.764758e-02,1.559367e-03,3.750629e+06
2.266667e+01,9.338383e-01,2.606371e-02,3.831588e-02,1.782134e-03,4.185525e+06
2.283333e+01,9.318334e-01,2.717755e-02,3.898418e-02,2.004901e-03,4.677508e+06
2.300000e+01,9.296057e-01,2.918245e-02,3.831588e-02,2.895968e-03,5.184116e+06
2.316667e+01,9.293829e-01,2.851415e-02,3.831588e-02,3.787035e-03,5.702353e+06
2.333333e+01,9.287146e-01,2.895968e-02,3.853865e-02,3.787035e-03,6.102951e+06
2.350000e+01,9.267097e-01,2.985075e-02,3.965248e-02,3.787035e-03,6.441995e+06
2.366667e+01,9.244821e-01,3.096458e-02,4.054355e-02,4.009802e-03,6.860312e+06
2.383333e+01,9.231455e-01,3.185565e-02,4.054355e-02,4.455335e-03,7.358680e+06
2.400000e+01,9.215861e-01,3.230118e-02,4.098908e-02,5.123636e-03,7.888624e+06
2.416667e+01,9.193584e-01,3.386055e-02,4.121185e-02,5.569169e-03,8.411670e+06
2.433333e+01,9.173535e-01,3.452885e-02,4.210292e-02,6.014703e-03,8.964230e+06
2.450000e+01,9.153486e-01,3.519715e-02,4.343952e-02,6.014703e-03,9.505507e+06
2.466667e+01,9.131210e-01,3.586545e-02,4.433059e-02,6.683003e-03,1.005190e+07
2.483333e+01,9.120071e-01,3.631098e-02,4.366229e-02,8.019603e-03,1.073295e+07
2.500000e+01,9.100022e-01,3.787035e-02,4.366229e-02,8.465137e-03,1.135979e+07
2.516667e+01,9.086656e-01,3.853865e-02,4.433059e-02,8.465137e-03,1.185610e+07
2.533333e+01,9.066607e-01,3.965248e-02,4.388505e-02,9.801738e-03,1.237417e+07
2.550000e+01,9.033192e-01,4.188015e-02,4.433059e-02,1.047004e-02,1.297343e+07
2.566667e+01,9.015371e-01,4.254845e-02,4.455335e-02,1.136110e-02,1.341969e+07
2.583333e+01,8.999777e-01,4.343952e-02,4.455335e-02,1.202941e-02,1.381939e+07
2.600000e+01,8.977501e-01,4.477612e-02,4.544442e-02,1.202941e-02,1.415352e+07
2.616667e+01,8.952996e-01,4.633549e-02,4.588995e-02,1.247494e-02,1.449100e+07
2.633333e+01,8.930720e-01,4.700379e-02,4.678102e-02,1.314324e-02,1.491622e+07
2.650000e+01,8.910671e-01,4.856315e-02,4.700379e-02,1.336601e-02,1.533275e+07
2.666667e+01,8.888394e-01,4.945422e-02,4.767209e-02,1.403431e-02,1.570454e+07
2.683333e+01,8.870573e-01,4.967699e-02,4.900869e-02,1.425707e-02,1.613952e+07
2.700000e+01,8.834930e-01,5.168189e-02,5.056806e-02,1.425707e-02,1.654129e+07
2.716667e+01,8.814881e-01,5.235019e-02,5.101359e-02,1.514814e-02,1.705536e+07
2.733333e+01,8.799287e-01,5.324126e-02,5.145912e-02,1.537091e-02,1.765903e+07
2.750000e+01,8.774783e-01,5.413232e-02,5.301849e-02,1.537091e-02,1.816612e+07
2.766667e+01,8.741368e-01,5.480062e-02,5.390956e-02,1.715304e-02,1.873149e+07
2.783333e+01,8.721319e-01,5.546892e-02,5.480062e-02,1.759857e-02,1.943797e+07
2.800000e+01,8.696814e-01,5.613722e-02,5.524616e-02,1.893517e-02,1.998788e+07
2.816667e+01,8.665627e-01,5.725106e-02,5.613722e-02,2.004901e-02,2.057063e+07
2.833333e+01,8.650033e-01,5.791936e-02,5.546892e-02,2.160838e-02,2.098643e+07
2.850000e+01,8.629984e-01,5.903319e-02,5.591446e-02,2.205391e-02,2.131471e+07
2.866667e+01,8.612163e-01,5.925596e-02,5.635999e-02,2.316774e-02,2.149337e+07
2.883333e+01,8.589886e-01,5.992426e-02,5.725106e-02,2.383604e-02,2.173291e+07
2.900000e+01,8.572065e-01,5.992426e-02,5.836489e-02,2.450434e-02,2.196223e+07
2.916667e+01,8.554244e-01,5.992426e-02,5.925596e-02,2.539541e-02,2.222936e+07
2.933333e+01,8.529739e-01,6.103809e-02,5.970149e-02,2.628648e-02,2.258050e+07
2.950000e+01,8.500780e-01,6.237469e-02,6.014703e-02,2.740031e-02,2.295695e+07
2.966667e+01,8.485186e-01,6.259746e-02,5.881043e-02,3.007351e-02,2.335784e+07
2.983333e+01,8.451771e-01,6.437959e-02,5.992426e-02,3.051905e-02,2.366676e+07
3.000000e+01,8.420584e-01,6.504789e-02,6.192916e-02,3.096458e-02,2.354109e+07
3.016667e+01,8.402762e-01,6.482513e-02,6.348853e-02,3.141011e-02,2.348727e+07
3.033333e+01,8.367120e-01,6.705280e-02,6.415683e-02,3.207841e-02,2.347378e+07
3.050000e+01,8.349298e-01,6.638450e-02,6.527066e-02,3.341501e-02,2.350837e+07
3.066667e+01,8.313656e-01,6.861216e-02,6.571620e-02,3.430608e-02,2.350466e+07
3.083333e+01,8.295834e-01,6.928046e-02,6.638450e-02,3.475162e-02,2.334329e+07
3.100000e+01,8.271330e-01,6.883493e-02,6.816663e-02,3.586545e-02,2.315332e+07
3.116667e+01,8.253509e-01,6.838940e-02,6.994876e-02,3.631098e-02,2.302782e+07
3.133333e+01,8.237915e-01,6.838940e-02,7.128536e-02,3.653375e-02,2.281962e+07
3.150000e+01,8.224549e-01,6.749833e-02,7.262196e-02,3.742482e-02,2.264080e+07
3.166667e+01,8.208955e-01,6.660726e-02,7.440410e-02,3.809312e-02,2.252790e+07
3.183333e+01,8.186679e-01,6.772110e-02,7.418133e-02,3.942972e-02,2.235304e+07
3.200000e+01,8.153264e-01,6.905770e-02,7.551793e-02,4.009802e-02,2.220634e+07
3.216667e+01,8.122076e-01,7.083983e-02,7.596347e-02,4.098908e-02,2.196430e+07
3.233333e+01,8.093117e-01,7.217643e-02,7.663177e-02,4.188015e-02,2.177053e+07
3.250000e+01,8.077523e-01,7.128536e-02,7.796837e-02,4.299399e-02,2.151224e+07
3.266667e+01,8.064157e-01,7.017153e-02,7.975050e-02,4.366229e-02,2.123415e+07
3.283333e+01,8.050791e-01,7.061706e-02,8.041880e-02,4.388505e-02,2.089904e+07
3.300000e+01,8.026286e-01,7.217643e-02,8.086434e-02,4.433059e-02,2.061267e+07
3.316667e+01,8.004010e-01,7.262196e-02,8.242370e-02,4.455335e-02,2.040766e+07
3.333333e+01,7.983961e-01,7.284473e-02,8.331477e-02,4.544442e-02,2.023553e+07
3.350000e+01,7.963912e-01,7.306750e-02,8.420584e-02,4.633549e-02,2.015001e+07
3.366667e+01,7.937180e-01,7.351303e-02,8.598797e-02,4.678102e-02,2.012821e+07
3.383333e+01,7.903765e-01,7.395857e-02,8.843840e-02,4.722655e-02,2.008009e+07
3.400000e+01,7.879260e-01,7.418133e-02,8.999777e-02,4.789485e-02,2.015201e+07
3.416667e+01,7.859211e-01,7.373580e-02,9.200267e-02,4.834039e-02,2.032958e+07
3.433333e+01,7.834707e-01,7.484963e-02,9.267097e-02,4.900869e-02,2.053459e+07
3.450000e+01,7.807975e-01,7.618623e-02,9.378481e-02,4.923145e-02,2.079822e+07
3.466667e+01,7.779015e-01,7.618623e-02,9.556694e-02,5.034529e-02,2.116299e+07
3.483333e+01,7.763422e-01,7.529517e-02,9.668078e-02,5.168189e-02,2.168730e+07
3.500000e+01,7.741145e-01,7.640900e-02,9.712631e-02,5.235019e-02,2.214487e+07
3.516667e+01,7.725551e-01,7.663177e-02,9.668078e-02,5.413232e-02,2.252328e+07
3.533333e+01,7.692136e-01,7.796837e-02,9.757184e-02,5.524616e-02,2.298562e+07
3.550000e+01,7.669860e-01,7.796837e-02,9.913121e-02,5.591446e-02,2.331376e+07
3.566667e+01,7.647583e-01,7.707730e-02,1.011361e-01,5.702829e-02,2.362427e+07
3.583333e+01,7.625306e-01,7.774560e-02,1.018044e-01,5.791936e-02,2.400630e+07
3.600000e+01,7.600802e-01,7.841390e-02,1.026955e-01,5.881043e-02,2.446960e+07
3.616667e+01,7.576298e-01,7.841390e-02,1.035865e-01,6.036979e-02,2.502206e+07
3.633333e+01,7.556249e-01,7.730007e-02,1.049231e-01,6.215193e-02,2.561122e+07
3.650000e+01,7.538427e-01,7.752283e-02,1.053687e-01,6.326576e-02,2.620016e+07
3.666667e+01,7.505012e-01,7.863667e-02,1.062597e-01,6.460236e-02,2.674736e+07
3.683333e+01,7.489419e-01,7.885943e-02,1.060370e-01,6.616173e-02,2.735079e+07
3.700000e+01,7.469370e-01,7.908220e-02,1.067053e-01,6.727556e-02,2.797008e+07
3.716667e+01,7.440410e-01,8.019603e-02,1.075963e-01,6.816663e-02,2.855815e+07
3.733333e+01,7.422589e-01,7.952773e-02,1.089329e-01,6.928046e-02,2.923665e+07
3.750000e+01,7.395857e-01,7.908220e-02,1.107151e-01,7.061706e-02,3.000792e+07
3.766667e+01,7.366897e-01,8.041880e-02,1.109378e-01,7.195366e-02,3.085038e+07
3.783333e+01,7.337937e-01,8.153264e-02,1.116061e-01,7.306750e-02,3.175377e+07
3.800000e+01,7.317888e-01,8.130987e-02,1.129427e-01,7.395857e-02,3.273220e+07
3.816667e+01,7.300067e-01,8.064157e-02,1.140566e-01,7.529517e-02,3.383695e+07
3.833333e+01,7.288928e-01,7.997327e-02,1.131655e-01,7.796837e-02,3.510446e+07
3.850000e+01,7.264424e-01,8.064157e-02,1.129427e-01,7.997327e-02,3.634922e+07
3.866667e+01,7.228781e-01,8.220094e-02,1.133883e-01,8.153264e-02,3.742778e+07
3.883333e+01,7.217643e-01,8.041880e-02,1.140566e-01,8.376030e-02,3.842444e+07
3.900000e+01,7.182000e-01,8.220094e-02,1.145021e-01,8.509690e-02,3.948410e+07
3.916667e+01,7.155268e-01,8.286924e-02,1.147249e-01,8.687904e-02,4.045438e+07
3.933333e+01,7.112943e-01,8.509690e-02,1.145021e-01,8.910671e-02,4.152169e+07
3.950000e+01,7.081755e-01,8.554244e-02,1.151704e-01,9.111161e-02,4.257314e+07
3.966667e+01,7.050568e-01,8.598797e-02,1.169526e-01,9.200267e-02,4.349169e+07
3.983333e+01,7.014925e-01,8.799287e-02,1.173981e-01,9.311651e-02,4.440414e+07
4.000000e+01,6.990421e-01,8.866117e-02,1.169526e-01,9.534417e-02,4.545228e+07
4.016667e+01,6.959234e-01,8.888394e-02,1.185119e-01,9.668078e-02,4.659920e+07
4.033333e+01,6.919136e-01,8.977501e-02,1.198485e-01,9.846291e-02,4.759341e+07
4.050000e+01,6.892404e-01,8.910671e-02,1.209624e-01,1.006906e-01,4.864404e+07
4.066667e+01,6.870127e-01,8.932947e-02,1.194030e-01,1.042548e-01,4.961714e+07
4.083333e+01,6.843395e-01,8.821564e-02,1.220762e-01,1.053687e-01,5.055094e+07
4.100000e+01,6.814435e-01,8.866117e-02,1.222990e-01,1.075963e-01,5.116503e+07
4.116667e+01,6.781020e-01,8.910671e-02,1.234128e-01,1.093785e-01,5.191276e+07
4.133333e+01,6.738695e-01,9.177991e-02,1.236356e-01,1.107151e-01,5.255563e+07
4.150000e+01,6.700824e-01,9.333927e-02,1.240811e-01,1.124972e-01,5.319896e+07
4.166667e+01,6.683003e-01,9.111161e-02,1.254177e-01,1.151704e-01,5.396138e+07
4.183333e+01,6.649588e-01,9.155714e-02,1.260860e-01,1.173981e-01,5.469414e+07
4.200000e+01,6.605035e-01,9.445311e-02,1.256405e-01,1.194030e-01,5.533566e+07
4.216667e+01,6.587213e-01,9.467587e-02,1.256405e-01,1.209624e-01,5.589470e+07
4.233333e+01,6.551571e-01,9.489864e-02,1.267543e-01,1.231900e-01,5.642310e+07
4.250000e+01,6.513700e-01,9.489864e-02,1.292047e-01,1.245266e-01,5.695505e+07
4.266667e+01,6.489196e-01,9.333927e-02,1.307641e-01,1.269771e-01,5.746420e+07
4.283333e+01,6.435732e-01,9.578971e-02,1.325462e-01,1.280909e-01,5.809654e+07
4.300000e+01,6.391178e-01,9.734908e-02,1.325462e-01,1.309869e-01,5.867250e+07
4.316667e+01,6.355536e-01,9.712631e-02,1.334373e-01,1.338828e-01,5.944354e+07
4.333333e+01,6.328804e-01,9.757184e-02,1.334373e-01,1.361105e-01,6.005966e+07
4.350000e+01,6.279795e-01,9.935398e-02,1.343284e-01,1.383382e-01,6.047929e+07
4.366667e+01,6.230786e-01,1.002450e-01,1.370016e-01,1.396748e-01,6.092774e+07
4.383333e+01,6.201827e-01,1.006906e-01,1.365560e-01,1.425707e-01,6.138405e+07
4.400000e+01,6.157273e-01,1.035865e-01,1.361105e-01,1.445756e-01,6.201693e+07
4.416667e+01,6.123858e-01,1.044776e-01,1.345511e-01,1.485854e-01,6.244445e+07
4.433333e+01,6.085988e-01,1.042548e-01,1.358877e-01,1.512586e-01,6.279949e+07
4.450000e+01,6.034752e-01,1.058142e-01,1.376699e-01,1.530408e-01,6.273092e+07
4.466667e+01,6.005792e-01,1.047004e-01,1.398975e-01,1.548229e-01,6.271983e+07
4.483333e+01,5.963466e-01,1.067053e-01,1.394520e-01,1.574961e-01,6.280852e+07
4.500000e+01,5.923368e-01,1.089329e-01,1.392292e-01,1.595010e-01,6.299596e+07
4.516667e+01,5.903319e-01,1.089329e-01,1.378926e-01,1.628425e-01,6.305362e+07
4.533333e+01,5.860994e-01,1.098240e-01,1.378926e-01,1.661840e-01,6.310222e+07
4.550000e+01,5.834262e-01,1.102695e-01,1.378926e-01,1.684117e-01,6.291713e+07
4.566667e+01,5.803074e-01,1.104923e-01,1.374471e-01,1.717532e-01,6.249932e+07
4.583333e+01,5.783025e-01,1.111606e-01,1.378926e-01,1.726442e-01,6.207434e+07
4.600000e+01,5.749610e-01,1.116061e-01,1.390065e-01,1.744264e-01,6.149612e+07
4.616667e+01,5.698374e-01,1.129427e-01,1.414569e-01,1.757630e-01,6.118463e+07
4.633333e+01,5.653820e-01,1.149476e-01,1.414569e-01,1.782134e-01,6.096204e+07
4.650000e+01,5.627088e-01,1.153932e-01,1.419024e-01,1.799955e-01,6.088546e+07
4.666667e+01,5.586990e-01,1.165070e-01,1.430163e-01,1.817777e-01,6.083217e+07
4.683333e+01,5.549120e-01,1.165070e-01,1.454667e-01,1.831143e-01,6.088392e+07
4.700000e+01,5.515705e-01,1.180664e-01,1.436846e-01,1.866785e-01,6.104958e+07
4.716667e+01,5.471152e-01,1.187347e-01,1.447984e-01,1.893517e-01,6.134648e+07
4.733333e+01,5.442192e-01,1.178436e-01,1.463578e-01,1.915794e-01,6.132330e+07
4.750000e+01,5.406549e-01,1.180664e-01,1.476944e-01,1.935843e-01,6.126053e+07
4.766667e+01,5.366451e-01,1.202941e-01,1.479171e-01,1.951437e-01,6.122913e+07
4.783333e+01,5.312987e-01,1.216307e-01,1.496993e-01,1.973714e-01,6.127680e+07
4.800000e+01,5.277345e-01,1.222990e-01,1.501448e-01,1.998218e-01,6.142047e+07
4.816667e+01,5.239474e-01,1.238583e-01,1.501448e-01,2.020495e-01,6.159813e+07
4.833333e+01,5.201604e-01,1.247494e-01,1.505903e-01,2.044999e-01,6.173744e+07
4.850000e+01,5.165961e-01,1.247494e-01,1.512586e-01,2.073959e-01,6.192655e+07
4.866667e+01,5.139229e-01,1.234128e-01,1.523725e-01,2.102918e-01,6.204258e+07
4.883333e+01,5.108042e-01,1.231900e-01,1.532635e-01,2.127423e-01,6.205279e+07
4.900000e+01,5.052350e-01,1.251949e-01,1.554912e-01,2.140789e-01,6.190047e+07
4.916667e+01,5.023391e-01,1.245266e-01,1.559367e-01,2.171976e-01,6.172348e+07
4.933333e+01,4.989975e-01,1.236356e-01,1.586099e-01,2.187570e-01,6.174244e+07
4.950000e+01,4.940967e-01,1.258632e-01,1.590555e-01,2.209846e-01,6.160137e+07
4.966667e+01,4.903096e-01,1.267543e-01,1.599465e-01,2.229895e-01,6.164303e+07
4.983333e+01,4.865226e-01,1.265315e-01,1.615059e-01,2.254400e-01,6.163090e+07
5.000000e+01,4.831811e-01,1.278681e-01,1.621742e-01,2.267766e-01,6.167550e+07
5.016667e+01,4.805079e-01,1.267543e-01,1.644019e-01,2.283359e-01,6.180139e+07
5.033333e+01,4.771664e-01,1.263088e-01,1.648474e-01,2.316774e-01,6.211432e+07
5.050000e+01,4.718200e-01,1.292047e-01,1.646246e-01,2.343506e-01,6.257591e+07
5.066667e+01,4.684785e-01,1.278681e-01,1.655157e-01,2.381377e-01,6.286810e+07
5.083333e+01,4.655825e-01,1.274226e-01,1.666295e-01,2.403653e-01,6.311215e+07
5.100000e+01,4.620183e-01,1.283137e-01,1.668523e-01,2.428158e-01,6.303922e+07
5.116667e+01,4.593451e-01,1.260860e-01,1.686344e-01,2.459345e-01,6.301899e+07
5.133333e+01,4.546670e-01,1.274226e-01,1.708621e-01,2.470483e-01,6.296045e+07
5.150000e+01,4.484295e-01,1.303186e-01,1.726442e-01,2.486077e-01,6.277063e+07
5.166667e+01,4.444197e-01,1.309869e-01,1.730898e-01,2.515037e-01,6.279222e+07
5.183333e+01,4.395188e-01,1.332145e-01,1.726442e-01,2.546224e-01,6.296789e+07
5.200000e+01,4.357318e-01,1.332145e-01,1.742036e-01,2.568501e-01,6.307843e+07
5.216667e+01,4.323903e-01,1.314324e-01,1.775451e-01,2.586322e-01,6.316159e+07
5.233333e+01,4.281577e-01,1.336601e-01,1.759857e-01,2.621965e-01,6.337951e+07
5.250000e+01,4.252618e-01,1.329918e-01,1.773223e-01,2.644241e-01,6.388770e+07
5.266667e+01,4.210292e-01,1.345511e-01,1.766540e-01,2.677656e-01,6.420202e+07
5.283333e+01,4.183560e-01,1.343284e-01,1.782134e-01,2.691022e-01,6.474774e+07
5.300000e+01,4.130096e-01,1.365560e-01,1.791045e-01,2.713299e-01,6.512608e+07
5.316667e+01,4.078859e-01,1.383382e-01,1.799955e-01,2.737804e-01,6.575187e+07
5.333333e+01,4.045444e-01,1.392292e-01,1.806638e-01,2.755625e-01,6.646808e+07
5.350000e+01,4.000891e-01,1.396748e-01,1.824460e-01,2.777902e-01,6.728037e+07
5.366667e+01,3.951882e-01,1.414569e-01,1.815549e-01,2.818000e-01,6.835772e+07
5.383333e+01,3.916240e-01,1.414569e-01,1.831143e-01,2.838049e-01,6.940804e+07
5.400000e+01,3.867231e-01,1.439073e-01,1.820004e-01,2.873691e-01,7.011640e+07
5.416667e+01,3.829361e-01,1.441301e-01,1.831143e-01,2.898196e-01,7.093171e+07
5.433333e+01,3.789263e-01,1.459122e-01,1.813321e-01,2.938294e-01,7.155140e+07
5.450000e+01,3.744709e-01,1.463578e-01,1.822232e-01,2.969481e-01,7.224548e+07
5.466667e+01,3.689018e-01,1.479171e-01,1.831143e-01,3.000668e-01,7.271030e+07
5.483333e+01,3.640009e-01,1.476944e-01,1.857875e-01,3.025173e-01,7.323775e+07
5.500000e+01,3.586545e-01,1.468033e-01,1.897973e-01,3.047449e-01,7.375150e+07
5.516667e+01,3.555358e-01,1.450212e-01,1.911339e-01,3.083092e-01,7.443815e+07
5.533333e+01,3.504121e-01,1.463578e-01,1.918022e-01,3.114279e-01,7.533836e+07
5.550000e+01,3.468479e-01,1.463578e-01,1.920249e-01,3.147694e-01,7.615638e+07
5.566667e+01,3.419470e-01,1.490310e-01,1.904656e-01,3.185565e-01,7.696518e+07
5.583333e+01,3.392738e-01,1.468033e-01,1.929160e-01,3.210069e-01,7.777435e+07
5.600000e+01,3.343729e-01,1.474716e-01,1.933616e-01,3.247939e-01,7.853224e+07
5.616667e+01,3.301403e-01,1.496993e-01,1.929160e-01,3.272444e-01,7.952649e+07
5.633333e+01,3.267988e-01,1.481399e-01,1.944754e-01,3.305859e-01,8.044728e+07
5.650000e+01,3.232346e-01,1.470261e-01,1.962575e-01,3.334818e-01,8.160707e+07
5.666667e+01,3.185565e-01,1.479171e-01,1.967031e-01,3.368233e-01,8.277746e+07
5.683333e+01,3.136556e-01,1.472488e-01,1.991535e-01,3.399421e-01,8.396827e+07
5.700000e+01,3.087547e-01,1.483627e-01,1.989307e-01,3.439519e-01,8.512745e+07
5.716667e+01,3.060815e-01,1.472488e-01,1.991535e-01,3.475162e-01,8.639566e+07
5.733333e+01,3.036311e-01,1.461350e-01,1.995990e-01,3.506349e-01,8.736725e+07
5.750000e+01,2.980619e-01,1.463578e-01,2.018267e-01,3.537536e-01,8.823823e+07
5.766667e+01,2.940521e-01,1.465805e-01,2.027178e-01,3.566496e-01,8.916324e+07
5.783333e+01,2.895968e-01,1.474716e-01,2.022722e-01,3.606594e-01,9.007163e+07
5.800000e+01,2.840276e-01,1.499220e-01,2.018267e-01,3.642237e-01,9.095474e+07
5.816667e+01,2.789040e-01,1.517042e-01,2.016039e-01,3.677879e-01,9.166422e+07
5.833333e+01,2.735576e-01,1.525952e-01,2.029405e-01,3.709067e-01,9.229097e+07
5.850000e+01,2.695478e-01,1.528180e-01,2.036088e-01,3.740254e-01,9.280793e+07
5.866667e+01,2.659835e-01,1.519269e-01,2.049454e-01,3.771441e-01,9.347862e+07
5.883333e+01,2.626420e-01,1.521497e-01,2.047227e-01,3.804856e-01,9.413152e+07
5.900000e+01,2.548452e-01,1.534863e-01,2.082869e-01,3.833816e-01,9.480165e+07
5.916667e+01,2.506126e-01,1.512586e-01,2.105146e-01,3.876142e-01,9.534533e+07
5.933333e+01,2.470483e-01,1.505903e-01,2.111829e-01,3.911784e-01,9.598861e+07
5.950000e+01,2.428158e-01,1.496993e-01,2.116284e-01,3.958565e-01,9.645139e+07
5.966667e+01,2.363555e-01,1.494765e-01,2.160838e-01,3.980842e-01,9.700612e+07
5.983333e+01,2.312319e-01,1.505903e-01,2.167521e-01,4.014257e-01,9.735908e+07
6.000000e+01,2.274449e-01,1.490310e-01,2.192025e-01,4.043217e-01,9.799848e+07
6.016667e+01,2.232123e-01,1.456895e-01,2.238806e-01,4.072176e-01,9.863697e+07
6.033333e+01,2.192025e-01,1.459122e-01,2.223212e-01,4.125640e-01,9.942227e+07
6.050000e+01,2.131878e-01,1.488082e-01,2.212074e-01,4.167966e-01,1.002137e+08
6.066667e+01,2.080642e-01,1.510359e-01,2.198708e-01,4.210292e-01,1.007644e+08
6.083333e+01,2.051682e-01,1.505903e-01,2.203163e-01,4.239252e-01,1.011530e+08
6.100000e+01,2.020495e-01,1.501448e-01,2.205391e-01,4.272667e-01,1.014050e+08
6.116667e+01,1.984852e-01,1.503676e-01,2.198708e-01,4.312765e-01,1.017721e+08
6.133333e+01,1.951437e-01,1.492537e-01,2.209846e-01,4.346180e-01,1.021337e+08
6.150000e+01,1.904656e-01,1.492537e-01,2.218757e-01,4.384050e-01,1.023476e+08
6.166667e+01,1.860102e-01,1.496993e-01,2.212074e-01,4.430831e-01,1.026455e+08
6.183333e+01,1.828915e-01,1.479171e-01,2.229895e-01,4.462018e-01,1.027885e+08
6.200000e+01,1.784362e-01,1.490310e-01,2.227668e-01,4.497661e-01,1.026389e+08
6.216667e+01,1.748719e-01,1.492537e-01,2.229895e-01,4.528848e-01,1.026386e+08
6.233333e+01,1.715304e-01,1.454667e-01,2.272221e-01,4.557808e-01,1.026029e+08
6.250000e+01,1.684117e-01,1.443529e-01,2.272221e-01,4.600134e-01,1.026245e+08
6.266667e+01,1.657385e-01,1.439073e-01,2.252172e-01,4.651370e-01,1.028028e+08
6.283333e+01,1.635108e-01,1.430163e-01,2.261083e-01,4.673647e-01,1.028340e+08
6.300000e+01,1.590555e-01,1.436846e-01,2.254400e-01,4.718200e-01,1.024774e+08
6.316667e+01,1.559367e-01,1.423480e-01,2.265538e-01,4.751615e-01,1.023928e+08
6.333333e+01,1.534863e-01,1.401203e-01,2.269993e-01,4.793941e-01,1.021131e+08
6.350000e+01,1.505903e-01,1.396748e-01,2.281132e-01,4.816217e-01,1.019317e+08
6.366667e+01,1.468033e-01,1.385609e-01,2.303408e-01,4.842949e-01,1.017047e+08
6.383333e+01,1.436846e-01,1.387837e-01,2.283359e-01,4.891958e-01,1.017829e+08
6.400000e+01,1.396748e-01,1.374471e-01,2.294498e-01,4.934284e-01,1.020853e+08
6.416667e+01,1.361105e-01,1.372243e-01,2.296725e-01,4.969926e-01,1.021941e+08
6.433333e+01,1.327690e-01,1.376699e-01,2.274449e-01,5.021163e-01,1.022505e+08
6.450000e+01,1.287592e-01,1.381154e-01,2.285587e-01,5.045667e-01,1.024508e+08
6.466667e+01,1.256405e-01,1.376699e-01,2.301181e-01,5.065716e-01,1.025621e+08
6.483333e+01,1.225217e-01,1.381154e-01,2.298953e-01,5.094676e-01,1.030381e+08
6.500000e+01,1.200713e-01,1.376699e-01,2.283359e-01,5.139229e-01,1.037486e+08
6.516667e+01,1.169526e-01,1.367788e-01,2.269993e-01,5.192693e-01,1.046626e+08
6.533333e+01,1.149476e-01,1.356650e-01,2.238806e-01,5.255068e-01,1.054066e+08
6.550000e+01,1.133883e-01,1.334373e-01,2.243261e-01,5.288483e-01,1.058071e+08
6.566667e+01,1.102695e-01,1.334373e-01,2.245489e-01,5.317443e-01,1.057902e+08
6.583333e+01,1.075963e-01,1.325462e-01,2.245489e-01,5.353085e-01,1.059666e+08
6.600000e+01,1.058142e-01,1.323235e-01,2.214302e-01,5.404322e-01,1.062945e+08
6.616667e+01,1.024727e-01,1.307641e-01,2.227668e-01,5.439964e-01,1.066725e+08
6.633333e+01,1.000223e-01,1.300958e-01,2.229895e-01,5.468924e-01,1.068757e+08
6.650000e+01,9.868568e-02,1.276454e-01,2.238806e-01,5.497884e-01,1.071016e+08
6.666667e+01,9.623524e-02,1.256405e-01,2.232123e-01,5.549120e-01,1.074181e+08
6.683333e+01,9.445311e-02,1.243039e-01,2.229895e-01,5.582535e-01,1.078971e+08
6.700000e+01,9.111161e-02,1.234128e-01,2.216529e-01,5.638227e-01,1.081129e+08
6.716667e+01,8.999777e-02,1.220762e-01,2.200936e-01,5.678325e-01,1.084239e+08
6.733333e+01,8.777010e-02,1.218534e-01,2.176431e-01,5.727333e-01,1.084185e+08
6.750000e+01,8.621074e-02,1.218534e-01,2.147472e-01,5.771887e-01,1.085150e+08
6.766667e+01,8.576520e-02,1.200713e-01,2.147472e-01,5.794164e-01,1.084479e+08
6.783333e+01,8.398307e-02,1.196258e-01,2.131878e-01,5.832034e-01,1.082611e+08
6.800000e+01,8.264647e-02,1.178436e-01,2.134106e-01,5.860994e-01,1.083637e+08
6.816667e+01,8.086434e-02,1.156160e-01,2.116284e-01,5.918913e-01,1.085069e+08
6.833333e+01,7.819113e-02,1.151704e-01,2.109601e-01,5.956783e-01,1.088764e+08
6.850000e+01,7.685453e-02,1.140566e-01,2.091780e-01,5.999109e-01,1.087823e+08
6.866667e+01,7.484963e-02,1.120517e-01,2.111829e-01,6.019158e-01,1.087018e+08
6.883333e+01,7.329027e-02,1.096012e-01,2.116284e-01,6.054801e-01,1.086547e+08
6.900000e+01,7.128536e-02,1.080419e-01,2.107374e-01,6.099354e-01,1.090495e+08
6.916667e+01,6.950323e-02,1.064825e-01,2.096235e-01,6.143907e-01,1.096124e+08
6.933333e+01,6.772110e-02,1.038093e-01,2.102918e-01,6.181778e-01,1.101156e+08
6.950000e+01,6.593896e-02,1.031410e-01,2.080642e-01,6.228559e-01,1.106166e+08
6.966667e+01,6.482513e-02,1.000223e-01,2.078414e-01,6.273112e-01,1.111736e+08
6.983333e+01,6.304299e-02,9.957674e-02,2.060593e-01,6.313210e-01,1.115692e+08
7.000000e+01,5.992426e-02,9.979951e-02,2.044999e-01,6.357763e-01,1.119777e+08
7.016667e+01,5.814213e-02,9.779461e-02,2.027178e-01,6.413455e-01,1.124599e+08
7.033333e+01,5.613722e-02,9.712631e-02,2.013812e-01,6.453553e-01,1.129119e+08
7.050000e+01,5.368679e-02,9.668078e-02,1.982624e-01,6.513700e-01,1.132283e+08
7.066667e+01,5.168189e-02,9.623524e-02,1.962575e-01,6.558254e-01,1.136307e+08
7.083333e+01,4.989975e-02,9.556694e-02,1.951437e-01,6.593896e-01,1.139080e+08
7.100000e+01,4.856315e-02,9.534417e-02,1.920249e-01,6.640677e-01,1.141441e+08
7.116667e+01,4.744932e-02,9.356204e-02,1.904656e-01,6.685231e-01,1.145515e+08
7.133333e+01,4.611272e-02,9.111161e-02,1.904656e-01,6.723101e-01,1.148116e+08
7.150000e+01,4.522165e-02,8.866117e-02,1.895745e-01,6.765427e-01,1.149851e+08
7.166667e+01,4.410782e-02,8.710180e-02,1.875696e-01,6.812208e-01,1.153407e+08
7.183333e+01,4.299399e-02,8.643350e-02,1.855647e-01,6.850078e-01,1.157282e+08
7.200000e+01,4.165738e-02,8.487414e-02,1.835598e-01,6.899087e-01,1.159392e+08
7.216667e+01,4.054355e-02,8.376030e-02,1.808866e-01,6.948095e-01,1.162864e+08
7.233333e+01,3.942972e-02,8.286924e-02,1.791045e-01,6.985966e-01,1.165515e+08
7.250000e+01,3.764758e-02,8.242370e-02,1.786589e-01,7.012698e-01,1.167332e+08
7.266667e+01,3.675652e-02,8.175540e-02,1.766540e-01,7.048340e-01,1.169685e+08
7.283333e+01,3.564268e-02,7.975050e-02,1.762085e-01,7.083983e-01,1.174298e+08
7.300000e+01,3.475162e-02,7.975050e-02,1.708621e-01,7.146358e-01,1.180075e+08
7.316667e+01,3.363778e-02,7.819113e-02,1.690800e-01,7.190911e-01,1.186317e+08
7.333333e+01,3.274671e-02,7.730007e-02,1.664068e-01,7.235464e-01,1.187915e+08
7.350000e+01,3.141011e-02,7.685453e-02,1.644019e-01,7.273335e-01,1.189199e+08
7.366667e+01,3.051905e-02,7.551793e-02,1.623970e-01,7.315661e-01,1.189552e+08
7.383333e+01,2.895968e-02,7.440410e-02,1.612831e-01,7.353531e-01,1.190400e+08
7.400000e+01,2.740031e-02,7.440410e-02,1.586099e-01,7.395857e-01,1.189989e+08
7.416667e+01,2.561818e-02,7.418133e-02,1.550457e-01,7.451548e-01,1.189714e+08
7.433333e+01,2.428158e-02,7.462687e-02,1.503676e-01,7.507240e-01,1.188603e+08
7.450000e+01,2.339051e-02,7.373580e-02,1.485854e-01,7.542883e-01,1.184941e+08
7.466667e+01,2.227668e-02,7.306750e-02,1.454667e-01,7.591891e-01,1.178237e+08
7.483333e+01,2.138561e-02,7.217643e-02,1.441301e-01,7.623079e-01,1.171707e+08
7.500000e+01,2.071731e-02,7.195366e-02,1.412341e-01,7.660949e-01,1.161393e+08
7.516667e+01,1.982624e-02,7.039430e-02,1.394520e-01,7.703275e-01,1.152102e+08
7.533333e+01,1.893517e-02,6.972600e-02,1.376699e-01,7.736690e-01,1.141552e+08
7.550000e+01,1.759857e-02,6.928046e-02,1.347739e-01,7.783471e-01,1.130571e+08
7.566667e+01,1.648474e-02,6.749833e-02,1.343284e-01,7.816886e-01,1.119551e+08
7.583333e+01,1.559367e-02,6.660726e-02,1.318779e-01,7.859211e-01,1.106348e+08
7.600000e+01,1.425707e-02,6.527066e-02,1.305413e-01,7.899309e-01,1.094139e+08
7.616667e+01,1.381154e-02,6.348853e-02,1.296503e-01,7.930497e-01,1.080949e+08
7.633333e+01,1.358877e-02,6.215193e-02,1.280909e-01,7.961684e-01,1.067443e+08
7.650000e+01,1.269771e-02,6.036979e-02,1.271998e-01,7.997327e-01,1.055135e+08
7.666667e+01,1.225217e-02,5.947873e-02,1.249722e-01,8.032969e-01,1.044835e+08
7.683333e+01,1.136110e-02,5.903319e-02,1.218534e-01,8.077523e-01,1.035811e+08
7.700000e+01,1.069280e-02,5.814213e-02,1.196258e-01,8.115393e-01,1.026868e+08
7.716667e+01,1.047004e-02,5.635999e-02,1.167298e-01,8.164402e-01,1.015732e+08
7.733333e+01,1.047004e-02,5.569169e-02,1.122744e-01,8.215638e-01,1.004908e+08
7.750000e+01,1.002450e-02,5.480062e-02,1.104923e-01,8.246826e-01,9.905107e+07
7.766667e+01,8.910671e-03,5.368679e-02,1.089329e-01,8.284696e-01,9.725000e+07
7.783333e+01,7.128536e-03,5.390956e-02,1.078191e-01,8.311428e-01,9.550284e+07
7.800000e+01,6.905770e-03,5.279572e-02,1.064825e-01,8.338160e-01,9.374389e+07
7.816667e+01,6.237469e-03,5.079082e-02,1.062597e-01,8.367120e-01,9.208340e+07
7.833333e+01,6.014703e-03,4.834039e-02,1.064825e-01,8.391624e-01,9.042639e+07
7.850000e+01,5.791936e-03,4.767209e-02,1.038093e-01,8.427267e-01,8.882273e+07
7.866667e+01,5.346402e-03,4.588995e-02,1.031410e-01,8.456226e-01,8.731614e+07
7.883333e+01,4.900869e-03,4.499889e-02,1.022499e-01,8.478503e-01,8.573749e+07
7.900000e+01,4.900869e-03,4.366229e-02,9.957674e-02,8.518601e-01,8.422127e+07
7.916667e+01,4.678102e-03,4.165738e-02,9.890844e-02,8.547561e-01,8.278097e+07
7.933333e+01,4.232569e-03,4.098908e-02,9.668078e-02,8.580976e-01,8.126984e+07
7.950000e+01,4.232569e-03,3.942972e-02,9.534417e-02,8.609935e-01,7.987778e+07
7.966667e+01,3.564268e-03,3.920695e-02,9.400757e-02,8.632212e-01,7.848219e+07
7.983333e+01,3.118735e-03,3.831588e-02,9.177991e-02,8.667855e-01,7.699531e+07
