Time,U,I1,I2,D,Ve
0.000000e+00,9.997772e-01,0.000000e+00,2.227668e-04,0.000000e+00,0.000000e+00
1.666667e-01,9.997772e-01,0.000000e+00,2.227668e-04,0.000000e+00,0.000000e+00
3.333333e-01,9.997772e-01,0.000000e+00,2.227668e-04,0.000000e+00,2.830192e-03
5.000000e-01,9.997772e-01,0.000000e+00,2.227668e-04,0.000000e+00,6.122421e-03
6.666667e-01,9.997772e-01,0.000000e+00,2.227668e-04,0.000000e+00,1.001372e-02
8.333333e-01,9.997772e-01,0.000000e+00,2.227668e-04,0.000000e+00,1.467351e-02
1.000000e+00,9.997772e-01,0.000000e+00,2.227668e-04,0.000000e+00,2.031207e-02
1.166667e+00,9.997772e-01,0.000000e+00,2.227668e-04,0.000000e+00,2.719054e-02
1.333333e+00,9.997772e-01,0.000000e+00,2.227668e-04,0.000000e+00,3.563429e-02
1.500000e+00,9.997772e-01,0.000000e+00,2.227668e-04,0.000000e+00,4.604853e-02
1.666667e+00,9.997772e-01,0.000000e+00,2.227668e-04,0.000000e+00,5.893873e-02
1.833333e+00,9.997772e-01,0.000000e+00,2.227668e-04,0.000000e+00,7.493580e-02
2.000000e+00,9.997772e-01,0.000000e+00,2.227668e-04,0.000000e+00,9.482751e-02
2.166667e+00,9.997772e-01,0.000000e+00,2.227668e-04,0.000000e+00,1.195979e-01
2.333333e+00,9.997772e-01,0.000000e+00,2.227668e-04,0.000000e+00,1.504765e-01
2.500000e+00,9.997772e-01,0.000000e+00,2.227668e-04,0.000000e+00,1.889997e-01
2.666667e+00,9.997772e-01,0.000000e+00,2.227668e-04,0.000000e+00,2.370876e-01
2.833333e+00,9.997772e-01,0.000000e+00,2.227668e-04,0.000000e+00,2.971405e-01
3.000000e+00,9.997772e-01,0.000000e+00,2.227668e-04,0.000000e+00,3.721584e-01
3.166667e+00,9.997772e-01,0.000000e+00,2.227668e-04,0.000000e+00,4.658918e-01
3.333333e+00,9.997772e-01,0.000000e+00,2.227668e-04,0.000000e+00,5.830290e-01
3.500000e+00,9.997772e-01,0.000000e+00,2.227668e-04,0.000000e+00,7.294313e-01
3.666667e+00,9.997772e-01,0.000000e+00,2.227668e-04,0.000000e+00,9.124261e-01
3.833333e+00,9.997772e-01,0.000000e+00,2.227668e-04,0.000000e+00,1.141174e+00
4.000000e+00,9.997772e-01,0.000000e+00,2.227668e-04,0.000000e+00,1.427128e+00
4.166667e+00,9.997772e-01,0.000000e+00,2.227668e-04,0.000000e+00,1.784607e+00
4.333333e+00,9.997772e-01,0.000000e+00,2.227668e-04,0.000000e+00,2.231510e+00
4.500000e+00,9.997772e-01,0.000000e+00,2.227668e-04,0.000000e+00,2.790220e+00
4.666667e+00,9.997772e-01,0.000000e+00,2.227668e-04,0.000000e+00,3.488715e+00
4.833333e+00,9.997772e-01,0.000000e+00,2.227668e-04,0.000000e+00,4.361977e+00
5.000000e+00,9.997772e-01,0.000000e+00,2.227668e-04,0.000000e+00,5.453741e+00
5.166667e+00,9.997772e-01,0.000000e+00,2.227668e-04,0.000000e+00,6.818682e+00
5.333333e+00,9.997772e-01,0.000000e+00,2.227668e-04,0.000000e+00,8.525159e+00
5.500000e+00,9.997772e-01,0.000000e+00,2.227668e-04,0.000000e+00,1.065863e+01
5.666667e+00,9.997772e-01,0.000000e+00,2.227668e-04,0.000000e+00,1.332594e+01
5.833333e+00,9.997772e-01,0.000000e+00,2.227668e-04,0.000000e+00,1.666065e+01
6.000000e+00,9.997772e-01,0.000000e+00,2.227668e-04,0.000000e+00,2.082976e+01
6.166667e+00,9.997772e-01,0.000000e+00,2.227668e-04,0.000000e+00,2.604200e+01
6.333333e+00,9.997772e-01,0.000000e+00,2.227668e-04,0.000000e+00,3.255834e+01
6.500000e+00,9.997772e-01,0.000000e+00,2.227668e-04,0.000000e+00,4.070500e+01
6.666667e+00,9.997772e-01,0.000000e+00,2.227668e-04,0.000000e+00,5.088976e+01
6.833333e+00,9.995545e-01,2.227668e-04,2.227668e-04,0.000000e+00,6.362234e+01
7.000000e+00,9.995545e-01,2.227668e-04,2.227668e-04,0.000000e+00,7.953984e+01
7.166667e+00,9.993317e-01,4.455335e-04,2.227668e-04,0.000000e+00,9.943852e+01
7.333333e+00,9.988862e-01,8.910671e-04,2.227668e-04,0.000000e+00,1.243135e+02
7.500000e+00,9.988862e-01,8.910671e-04,2.227668e-04,0.000000e+00,1.554082e+02
7.666667e+00,9.986634e-01,1.113834e-03,2.227668e-04,0.000000e+00,1.942763e+02
7.833333e+00,9.982179e-01,1.559367e-03,2.227668e-04,0.000000e+00,2.428585e+02
8.000000e+00,9.977723e-01,2.004901e-03,2.227668e-04,0.000000e+00,3.035789e+02
8.166667e+00,9.975496e-01,2.227668e-03,2.227668e-04,0.000000e+00,3.794641e+02
8.333333e+00,9.973268e-01,2.450434e-03,2.227668e-04,0.000000e+00,4.742922e+02
8.500000e+00,9.971040e-01,2.673201e-03,2.227668e-04,0.000000e+00,5.927770e+02
8.666667e+00,9.971040e-01,2.673201e-03,2.227668e-04,0.000000e+00,7.407973e+02
8.833333e+00,9.964357e-01,3.341501e-03,2.227668e-04,0.000000e+00,9.256800e+02
9.000000e+00,9.964357e-01,3.118735e-03,4.455335e-04,0.000000e+00,1.156550e+03
9.166667e+00,9.959902e-01,3.564268e-03,4.455335e-04,0.000000e+00,1.444758e+03
9.333333e+00,9.953219e-01,4.232569e-03,4.455335e-04,0.000000e+00,1.804428e+03
9.500000e+00,9.950991e-01,4.455335e-03,4.455335e-04,0.000000e+00,2.253046e+03
9.666667e+00,9.948764e-01,4.678102e-03,4.455335e-04,0.000000e+00,2.812284e+03
9.833333e+00,9.946536e-01,4.900869e-03,4.455335e-04,0.000000e+00,3.508915e+03
1.000000e+01,9.939853e-01,5.346402e-03,6.683003e-04,0.000000e+00,4.375912e+03
1.016667e+01,9.933170e-01,6.014703e-03,6.683003e-04,0.000000e+00,5.453734e+03
1.033333e+01,9.924259e-01,6.683003e-03,8.910671e-04,0.000000e+00,6.791802e+03
1.050000e+01,9.922032e-01,6.683003e-03,1.113834e-03,0.000000e+00,8.450093e+03
1.066667e+01,9.919804e-01,6.683003e-03,1.336601e-03,0.000000e+00,1.050090e+04
1.083333e+01,9.919804e-01,6.460236e-03,1.559367e-03,0.000000e+00,1.303055e+04
1.100000e+01,9.913121e-01,7.128536e-03,1.559367e-03,0.000000e+00,1.614091e+04
1.116667e+01,9.908666e-01,7.128536e-03,2.004901e-03,0.000000e+00,1.995082e+04
1.133333e+01,9.904210e-01,7.351303e-03,2.227668e-03,0.000000e+00,2.459521e+04
1.150000e+01,9.897527e-01,7.574070e-03,2.673201e-03,0.000000e+00,3.022503e+04
1.166667e+01,9.888617e-01,8.242370e-03,2.895968e-03,0.000000e+00,3.700316e+04
1.183333e+01,9.877478e-01,8.687904e-03,3.564268e-03,0.000000e+00,4.509908e+04
1.200000e+01,9.870795e-01,9.356204e-03,3.564268e-03,0.000000e+00,5.467883e+04
1.216667e+01,9.857429e-01,1.024727e-02,4.009802e-03,0.000000e+00,6.589343e+04
1.233333e+01,9.857429e-01,1.002450e-02,4.232569e-03,0.000000e+00,7.886158e+04
1.250000e+01,9.852974e-01,1.002450e-02,4.678102e-03,0.000000e+00,9.365412e+04
1.266667e+01,9.848519e-01,9.578971e-03,5.569169e-03,0.000000e+00,1.102769e+05
1.283333e+01,9.832925e-01,1.002450e-02,6.683003e-03,0.000000e+00,1.286579e+05
1.300000e+01,9.824014e-01,1.002450e-02,7.574070e-03,0.000000e+00,1.486445e+05
1.316667e+01,9.824014e-01,9.578971e-03,8.019603e-03,0.000000e+00,1.699960e+05
1.333333e+01,9.815104e-01,1.047004e-02,8.019603e-03,0.000000e+00,1.924102e+05
1.350000e+01,9.812876e-01,1.047004e-02,8.242370e-03,0.000000e+00,2.155195e+05
1.366667e+01,9.806193e-01,1.113834e-02,8.242370e-03,0.000000e+00,2.389354e+05
1.383333e+01,9.797282e-01,1.180664e-02,8.242370e-03,2.227668e-04,2.622658e+05
1.400000e+01,9.781689e-01,1.314324e-02,8.465137e-03,2.227668e-04,2.851380e+05
1.416667e+01,9.768323e-01,1.358877e-02,9.356204e-03,2.227668e-04,2.604126e+05
1.433333e+01,9.754957e-01,1.425707e-02,1.002450e-02,2.227668e-04,2.378661e+05
1.450000e+01,9.741591e-01,1.537091e-02,1.024727e-02,2.227668e-04,2.173159e+05
1.466667e+01,9.732680e-01,1.626197e-02,1.024727e-02,2.227668e-04,1.986137e+05
1.483333e+01,9.725997e-01,1.670751e-02,1.047004e-02,2.227668e-04,1.815951e+05
1.500000e+01,9.717086e-01,1.715304e-02,1.091557e-02,2.227668e-04,1.661276e+05
1.516667e+01,9.708176e-01,1.737581e-02,1.158387e-02,2.227668e-04,1.520943e+05
1.533333e+01,9.690354e-01,1.848964e-02,1.225217e-02,2.227668e-04,1.393912e+05
1.550000e+01,9.683671e-01,1.782134e-02,1.358877e-02,2.227668e-04,1.279300e+05
1.566667e+01,9.676988e-01,1.715304e-02,1.492537e-02,2.227668e-04,1.176432e+05
1.583333e+01,9.665850e-01,1.759857e-02,1.559367e-02,2.227668e-04,1.084660e+05
1.600000e+01,9.656939e-01,1.826687e-02,1.581644e-02,2.227668e-04,1.003543e+05
1.616667e+01,9.645801e-01,1.893517e-02,1.626197e-02,2.227668e-04,9.328621e+04
1.633333e+01,9.632435e-01,2.004901e-02,1.648474e-02,2.227668e-04,8.725146e+04
1.650000e+01,9.621297e-01,2.027178e-02,1.737581e-02,2.227668e-04,8.226245e+04
1.666667e+01,9.612386e-01,2.049454e-02,1.804411e-02,2.227668e-04,7.835874e+04
1.683333e+01,9.601247e-01,2.138561e-02,1.826687e-02,2.227668e-04,7.560494e+04
1.700000e+01,9.592337e-01,2.205391e-02,1.848964e-02,2.227668e-04,7.410033e+04
1.716667e+01,9.578971e-01,2.272221e-02,1.915794e-02,2.227668e-04,7.398373e+04
1.733333e+01,9.576743e-01,2.227668e-02,1.982624e-02,2.227668e-04,7.544129e+04
1.750000e+01,9.572288e-01,2.227668e-02,2.027178e-02,2.227668e-04,7.872202e+04
1.766667e+01,9.561149e-01,2.272221e-02,2.094008e-02,2.227668e-04,8.413004e+04
1.783333e+01,9.547783e-01,2.383604e-02,2.116284e-02,2.227668e-04,9.205504e+04
1.800000e+01,9.538873e-01,2.383604e-02,2.205391e-02,2.227668e-04,1.029906e+05
1.816667e+01,9.527734e-01,2.383604e-02,2.316774e-02,2.227668e-04,1.175253e+05
1.833333e+01,9.521051e-01,2.383604e-02,2.383604e-02,2.227668e-04,1.441613e+05
1.850000e+01,9.512141e-01,2.405881e-02,2.450434e-02,2.227668e-04,1.773494e+05
1.866667e+01,9.505458e-01,2.383604e-02,2.539541e-02,2.227668e-04,2.179778e+05
1.883333e+01,9.498775e-01,2.405881e-02,2.584094e-02,2.227668e-04,2.716977e+05
1.900000e+01,9.489864e-01,2.428158e-02,2.650924e-02,2.227668e-04,3.364403e+05
1.916667e+01,9.487636e-01,2.428158e-02,2.673201e-02,2.227668e-04,4.183191e+05
1.933333e+01,9.480953e-01,2.450434e-02,2.717755e-02,2.227668e-04,5.156925e+05
1.950000e+01,9.472043e-01,2.450434e-02,2.806861e-02,2.227668e-04,6.322451e+05
1.966667e+01,9.463132e-01,2.472711e-02,2.873691e-02,2.227668e-04,7.690176e+05
1.983333e+01,9.451994e-01,2.472711e-02,2.985075e-02,2.227668e-04,9.283566e+05
2.000000e+01,9.445311e-01,2.450434e-02,3.074181e-02,2.227668e-04,1.112342e+06
2.016667e+01,9.440855e-01,2.450434e-02,3.118735e-02,2.227668e-04,1.322924e+06
2.033333e+01,9.438628e-01,2.383604e-02,3.185565e-02,4.455335e-04,1.561760e+06
2.050000e+01,9.436400e-01,2.405881e-02,3.163288e-02,6.683003e-04,1.830420e+06
2.066667e+01,9.427489e-01,2.450434e-02,3.207841e-02,6.683003e-04,2.085579e+06
2.083333e+01,9.418579e-01,2.472711e-02,3.274671e-02,6.683003e-04,2.334343e+06
2.100000e+01,9.418579e-01,2.361328e-02,3.341501e-02,1.113834e-03,2.618117e+06
2.116667e+01,9.411896e-01,2.339051e-02,3.408331e-02,1.336601e-03,2.942442e+06
2.133333e+01,9.405213e-01,2.361328e-02,3.430608e-02,1.559367e-03,3.225880e+06
2.150000e+01,9.400757e-01,2.294498e-02,3.541992e-02,1.559367e-03,3.503135e+06
2.166667e+01,9.389619e-01,2.316774e-02,3.631098e-02,1.559367e-03,3.807383e+06
2.183333e+01,9.387391e-01,2.316774e-02,3.631098e-02,1.782134e-03,4.151895e+06
2.200000e+01,9.374025e-01,2.339051e-02,3.720205e-02,2.004901e-03,4.536346e+06
2.216667e+01,9.349521e-01,2.517264e-02,3.787035e-02,2.004901e-03,4.912846e+06
2.233333e+01,9.331700e-01,2.673201e-02,3.809312e-02,2.004901e-03,5.290106e+06
2.250000e+01,9.318334e-01,2.740031e-02,3.831588e-02,2.450434e-03,5.713965e+06
2.266667e+01,9.300512e-01,2.895968e-02,3.831588e-02,2.673201e-03,6.184148e+06
2.283333e+01,9.291602e-01,2.829138e-02,3.876142e-02,3.787035e-03,6.633581e+06
2.300000e+01,9.271553e-01,2.918245e-02,3.987525e-02,3.787035e-03,7.083816e+06
2.316667e+01,9.258187e-01,2.962798e-02,4.032078e-02,4.232569e-03,7.400084e+06
2.333333e+01,9.240365e-01,3.096458e-02,4.054355e-02,4.455335e-03,7.774830e+06
2.350000e+01,9.222544e-01,3.141011e-02,4.121185e-02,5.123636e-03,8.113545e+06
2.366667e+01,9.206950e-01,3.274671e-02,4.121185e-02,5.346402e-03,8.468704e+06
2.383333e+01,9.198040e-01,3.252395e-02,4.210292e-02,5.569169e-03,8.764184e+06
2.400000e+01,9.180218e-01,3.386055e-02,4.232569e-02,5.791936e-03,9.084794e+06
2.416667e+01,9.169080e-01,3.452885e-02,4.210292e-02,6.460236e-03,9.435203e+06
2.433333e+01,9.142348e-01,3.675652e-02,4.232569e-02,6.683003e-03,9.817518e+06
2.450000e+01,9.128982e-01,3.697928e-02,4.299399e-02,7.128536e-03,1.014236e+07
2.466667e+01,9.117844e-01,3.653375e-02,4.455335e-02,7.128536e-03,1.052290e+07
2.483333e+01,9.108933e-01,3.564268e-02,4.522165e-02,8.242370e-03,1.090808e+07
2.500000e+01,9.088884e-01,3.720205e-02,4.455335e-02,9.356204e-03,1.138984e+07
2.516667e+01,9.082201e-01,3.653375e-02,4.588995e-02,9.356204e-03,1.181339e+07
2.533333e+01,9.062152e-01,3.742482e-02,4.678102e-02,9.578971e-03,1.211957e+07
2.550000e+01,9.039875e-01,3.853865e-02,4.678102e-02,1.069280e-02,1.252130e+07
2.566667e+01,9.024282e-01,3.920695e-02,4.655825e-02,1.180664e-02,1.296678e+07
2.583333e+01,8.995322e-01,4.098908e-02,4.700379e-02,1.247494e-02,1.327661e+07
2.600000e+01,8.968590e-01,4.210292e-02,4.811762e-02,1.292047e-02,1.356549e+07
2.616667e+01,8.941858e-01,4.388505e-02,4.811762e-02,1.381154e-02,1.386046e+07
2.633333e+01,8.921809e-01,4.522165e-02,4.856315e-02,1.403431e-02,1.423791e+07
2.650000e+01,8.903988e-01,4.566719e-02,4.945422e-02,1.447984e-02,1.456372e+07
2.666667e+01,8.881711e-01,4.588995e-02,5.056806e-02,1.537091e-02,1.495628e+07
2.683333e+01,8.852751e-01,4.767209e-02,5.101359e-02,1.603921e-02,1.540573e+07
2.700000e+01,8.828247e-01,4.856315e-02,5.212742e-02,1.648474e-02,1.580029e+07
2.716667e+01,8.810425e-01,4.900869e-02,5.324126e-02,1.670751e-02,1.622260e+07
2.733333e+01,8.790376e-01,5.012252e-02,5.257296e-02,1.826687e-02,1.667623e+07
2.750000e+01,8.765872e-01,5.123636e-02,5.324126e-02,1.893517e-02,1.722950e+07
2.766667e+01,8.748051e-01,5.123636e-02,5.435509e-02,1.960348e-02,1.765997e+07
2.783333e+01,8.723546e-01,5.235019e-02,5.435509e-02,2.094008e-02,1.807936e+07
2.800000e+01,8.696814e-01,5.301849e-02,5.613722e-02,2.116284e-02,1.856901e+07
2.816667e+01,8.678993e-01,5.368679e-02,5.591446e-02,2.249944e-02,1.890161e+07
2.833333e+01,8.654489e-01,5.457786e-02,5.702829e-02,2.294498e-02,1.935745e+07
2.850000e+01,8.632212e-01,5.524616e-02,5.747382e-02,2.405881e-02,1.975419e+07
2.866667e+01,8.621074e-01,5.457786e-02,5.814213e-02,2.517264e-02,2.019413e+07
2.883333e+01,8.601025e-01,5.591446e-02,5.791936e-02,2.606371e-02,2.052639e+07
2.900000e+01,8.580976e-01,5.658276e-02,5.769659e-02,2.762308e-02,2.078147e+07
2.916667e+01,8.556471e-01,5.702829e-02,5.881043e-02,2.851415e-02,2.101034e+07
2.933333e+01,8.534195e-01,5.791936e-02,5.947873e-02,2.918245e-02,2.110549e+07
2.950000e+01,8.514146e-01,5.858766e-02,5.970149e-02,3.029628e-02,2.118077e+07
2.966667e+01,8.498552e-01,5.947873e-02,5.970149e-02,3.096458e-02,2.127387e+07
2.983333e+01,8.471820e-01,6.036979e-02,6.126086e-02,3.118735e-02,2.127673e+07
3.000000e+01,8.440633e-01,6.192916e-02,6.192916e-02,3.207841e-02,2.129502e+07
3.016667e+01,8.411673e-01,6.304299e-02,6.304299e-02,3.274671e-02,2.143860e+07
3.033333e+01,8.382713e-01,6.460236e-02,6.304299e-02,3.408331e-02,2.153401e+07
3.050000e+01,8.355981e-01,6.527066e-02,6.460236e-02,3.452885e-02,2.161798e+07
3.066667e+01,8.331477e-01,6.616173e-02,6.504789e-02,3.564268e-02,2.159993e+07
3.083333e+01,8.298062e-01,6.838940e-02,6.482513e-02,3.697928e-02,2.167576e+07
3.100000e+01,8.275785e-01,6.905770e-02,6.616173e-02,3.720205e-02,2.168349e+07
3.116667e+01,8.251281e-01,6.950323e-02,6.660726e-02,3.876142e-02,2.158091e+07
3.133333e+01,8.224549e-01,7.017153e-02,6.838940e-02,3.898418e-02,2.156085e+07
3.150000e+01,8.208955e-01,7.039430e-02,6.905770e-02,3.965248e-02,2.147178e+07
3.166667e+01,8.195589e-01,6.883493e-02,7.083983e-02,4.076632e-02,2.147038e+07
3.183333e+01,8.179996e-01,6.727556e-02,7.306750e-02,4.165738e-02,2.143979e+07
3.200000e+01,8.157719e-01,6.705280e-02,7.484963e-02,4.232569e-02,2.131786e+07
3.216667e+01,8.128759e-01,6.861216e-02,7.596347e-02,4.254845e-02,2.114033e+07
3.233333e+01,8.113166e-01,6.705280e-02,7.863667e-02,4.299399e-02,2.107261e+07
3.250000e+01,8.088661e-01,6.683003e-02,8.064157e-02,4.366229e-02,2.111779e+07
3.266667e+01,8.068612e-01,6.638450e-02,8.242370e-02,4.433059e-02,2.126854e+07
3.283333e+01,8.037425e-01,6.660726e-02,8.442860e-02,4.522165e-02,2.141871e+07
3.300000e+01,8.010693e-01,6.794386e-02,8.509690e-02,4.588995e-02,2.153619e+07
3.316667e+01,7.986188e-01,6.838940e-02,8.621074e-02,4.678102e-02,2.158821e+07
3.333333e+01,7.972822e-01,6.838940e-02,8.665627e-02,4.767209e-02,2.162428e+07
3.350000e+01,7.937180e-01,6.928046e-02,8.888394e-02,4.811762e-02,2.159018e+07
3.366667e+01,7.917131e-01,6.928046e-02,9.022054e-02,4.878592e-02,2.152845e+07
3.383333e+01,7.883716e-01,7.128536e-02,9.088884e-02,4.945422e-02,2.157397e+07
3.400000e+01,7.865894e-01,7.083983e-02,9.244821e-02,5.012252e-02,2.163400e+07
3.416667e+01,7.845845e-01,6.972600e-02,9.489864e-02,5.079082e-02,2.174351e+07
3.433333e+01,7.830252e-01,6.838940e-02,9.623524e-02,5.235019e-02,2.189093e+07
3.450000e+01,7.792381e-01,7.017153e-02,9.757184e-02,5.301849e-02,2.208313e+07
3.466667e+01,7.774560e-01,7.039430e-02,9.890844e-02,5.324126e-02,2.219736e+07
3.483333e+01,7.732234e-01,7.239920e-02,9.979951e-02,5.457786e-02,2.239018e+07
3.500000e+01,7.692136e-01,7.373580e-02,1.020272e-01,5.502339e-02,2.276244e+07
3.516667e+01,7.656494e-01,7.507240e-02,1.022499e-01,5.702829e-02,2.316234e+07
3.533333e+01,7.636445e-01,7.440410e-02,1.035865e-01,5.836489e-02,2.366774e+07
3.550000e+01,7.609713e-01,7.551793e-02,1.042548e-01,5.925596e-02,2.407463e+07
3.566667e+01,7.580753e-01,7.640900e-02,1.060370e-01,5.947873e-02,2.446422e+07
3.583333e+01,7.545110e-01,7.685453e-02,1.084874e-01,6.014703e-02,2.490613e+07
3.600000e+01,7.518378e-01,7.752283e-02,1.098240e-01,6.081533e-02,2.552914e+07
3.616667e+01,7.500557e-01,7.663177e-02,1.111606e-01,6.215193e-02,2.623710e+07
3.633333e+01,7.476053e-01,7.640900e-02,1.129427e-01,6.304299e-02,2.705822e+07
3.650000e+01,7.460459e-01,7.685453e-02,1.129427e-01,6.415683e-02,2.785475e+07
3.666667e+01,7.418133e-01,7.930497e-02,1.140566e-01,6.482513e-02,2.873285e+07
3.683333e+01,7.398084e-01,7.930497e-02,1.153932e-01,6.549343e-02,2.960006e+07
3.700000e+01,7.384718e-01,7.930497e-02,1.147249e-01,6.749833e-02,3.055493e+07
3.716667e+01,7.357986e-01,7.997327e-02,1.153932e-01,6.883493e-02,3.157243e+07
3.733333e+01,7.329027e-01,8.108710e-02,1.160615e-01,6.994876e-02,3.242710e+07
3.750000e+01,7.311205e-01,8.086434e-02,1.158387e-01,7.217643e-02,3.322061e+07
3.766667e+01,7.275562e-01,8.264647e-02,1.162843e-01,7.351303e-02,3.403903e+07
3.783333e+01,7.264424e-01,8.286924e-02,1.156160e-01,7.507240e-02,3.471171e+07
3.800000e+01,7.224326e-01,8.509690e-02,1.158387e-01,7.663177e-02,3.541369e+07
3.816667e+01,7.197594e-01,8.554244e-02,1.167298e-01,7.796837e-02,3.611565e+07
3.833333e+01,7.170862e-01,8.531967e-02,1.173981e-01,8.019603e-02,3.680809e+07
3.850000e+01,7.155268e-01,8.331477e-02,1.194030e-01,8.175540e-02,3.759216e+07
3.866667e+01,7.130764e-01,8.376030e-02,1.200713e-01,8.309200e-02,3.829122e+07
3.883333e+01,7.088438e-01,8.554244e-02,1.214079e-01,8.420584e-02,3.903254e+07
3.900000e+01,7.063934e-01,8.598797e-02,1.220762e-01,8.554244e-02,3.984814e+07
3.916667e+01,7.032747e-01,8.687904e-02,1.222990e-01,8.754734e-02,4.076986e+07
3.933333e+01,6.999332e-01,8.799287e-02,1.234128e-01,8.866117e-02,4.172786e+07
3.950000e+01,6.965917e-01,8.866117e-02,1.249722e-01,8.977501e-02,4.261566e+07
3.966667e+01,6.941412e-01,8.977501e-02,1.243039e-01,9.177991e-02,4.360555e+07
3.983333e+01,6.925819e-01,8.866117e-02,1.240811e-01,9.467587e-02,4.472900e+07
4.000000e+01,6.887948e-01,8.977501e-02,1.249722e-01,9.645801e-02,4.579358e+07
4.016667e+01,6.856761e-01,8.999777e-02,1.265315e-01,9.779461e-02,4.660509e+07
4.033333e+01,6.825574e-01,8.999777e-02,1.276454e-01,9.979951e-02,4.744872e+07
4.050000e+01,6.789931e-01,9.066607e-02,1.280909e-01,1.022499e-01,4.844646e+07
4.066667e+01,6.765427e-01,9.133437e-02,1.276454e-01,1.044776e-01,4.935420e+07
4.083333e+01,6.738695e-01,9.155714e-02,1.280909e-01,1.064825e-01,5.008937e+07
4.100000e+01,6.705280e-01,9.177991e-02,1.296503e-01,1.080419e-01,5.068758e+07
4.116667e+01,6.674092e-01,9.244821e-02,1.298730e-01,1.102695e-01,5.126663e+07
4.133333e+01,6.640677e-01,9.155714e-02,1.318779e-01,1.124972e-01,5.187009e+07
4.150000e+01,6.600579e-01,9.177991e-02,1.343284e-01,1.138338e-01,5.239879e+07
4.166667e+01,6.560481e-01,9.378481e-02,1.341056e-01,1.160615e-01,5.288722e+07
4.183333e+01,6.538204e-01,9.311651e-02,1.358877e-01,1.171753e-01,5.351790e+07
4.200000e+01,6.498106e-01,9.356204e-02,1.376699e-01,1.189575e-01,5.418836e+07
4.216667e+01,6.473602e-01,9.267097e-02,1.392292e-01,1.207396e-01,5.496501e+07
4.233333e+01,6.433504e-01,9.423034e-02,1.396748e-01,1.227445e-01,5.570803e+07
4.250000e+01,6.409000e-01,9.333927e-02,1.405658e-01,1.251949e-01,5.645777e+07
4.266667e+01,6.386723e-01,9.267097e-02,1.412341e-01,1.274226e-01,5.724733e+07
4.283333e+01,6.344397e-01,9.467587e-02,1.412341e-01,1.296503e-01,5.797594e+07
4.300000e+01,6.302072e-01,9.623524e-02,1.423480e-01,1.312096e-01,5.862538e+07
4.316667e+01,6.250835e-01,9.957674e-02,1.407886e-01,1.345511e-01,5.922752e+07
4.333333e+01,6.219648e-01,1.000223e-01,1.412341e-01,1.367788e-01,5.989313e+07
4.350000e+01,6.197371e-01,1.000223e-01,1.403431e-01,1.398975e-01,6.023206e+07
4.366667e+01,6.170639e-01,9.824014e-02,1.425707e-01,1.421252e-01,6.055891e+07
4.383333e+01,6.137224e-01,1.000223e-01,1.419024e-01,1.443529e-01,6.069204e+07
4.400000e+01,6.103809e-01,9.935398e-02,1.436846e-01,1.465805e-01,6.084890e+07
4.416667e+01,6.063711e-01,1.002450e-01,1.447984e-01,1.485854e-01,6.102021e+07
4.433333e+01,6.036979e-01,1.004678e-01,1.454667e-01,1.503676e-01,6.116522e+07
4.450000e+01,6.003564e-01,1.004678e-01,1.468033e-01,1.523725e-01,6.131797e+07
4.466667e+01,5.963466e-01,1.006906e-01,1.483627e-01,1.546001e-01,6.153890e+07
4.483333e+01,5.932279e-01,9.935398e-02,1.492537e-01,1.581644e-01,6.184231e+07
4.500000e+01,5.878815e-01,1.018044e-01,1.501448e-01,1.601693e-01,6.205130e+07
4.516667e+01,5.832034e-01,1.040321e-01,1.503676e-01,1.623970e-01,6.194065e+07
4.533333e+01,5.796391e-01,1.044776e-01,1.508131e-01,1.650702e-01,6.181801e+07
4.550000e+01,5.762976e-01,1.058142e-01,1.514814e-01,1.664068e-01,6.170436e+07
4.566667e+01,5.720650e-01,1.069280e-01,1.528180e-01,1.681889e-01,6.151854e+07
4.583333e+01,5.682780e-01,1.080419e-01,1.523725e-01,1.713076e-01,6.161633e+07
4.600000e+01,5.644910e-01,1.091557e-01,1.532635e-01,1.730898e-01,6.179339e+07
4.616667e+01,5.593673e-01,1.118289e-01,1.534863e-01,1.753174e-01,6.181353e+07
4.633333e+01,5.560258e-01,1.116061e-01,1.550457e-01,1.773223e-01,6.194189e+07
4.650000e+01,5.506794e-01,1.147249e-01,1.543774e-01,1.802183e-01,6.217139e+07
4.666667e+01,5.462241e-01,1.162843e-01,1.539318e-01,1.835598e-01,6.238897e+07
4.683333e+01,5.417688e-01,1.171753e-01,1.554912e-01,1.855647e-01,6.251219e+07
4.700000e+01,5.370907e-01,1.173981e-01,1.586099e-01,1.869013e-01,6.255528e+07
4.716667e+01,5.335264e-01,1.167298e-01,1.610604e-01,1.886834e-01,6.269544e+07
4.733333e+01,5.304077e-01,1.176209e-01,1.606148e-01,1.913566e-01,6.309353e+07
4.750000e+01,5.252840e-01,1.182892e-01,1.641791e-01,1.922477e-01,6.367191e+07
4.766667e+01,5.212742e-01,1.187347e-01,1.646246e-01,1.953665e-01,6.416904e+07
4.783333e+01,5.163734e-01,1.205168e-01,1.648474e-01,1.982624e-01,6.503487e+07
4.800000e+01,5.125863e-01,1.202941e-01,1.664068e-01,2.007129e-01,6.574490e+07
4.816667e+01,5.085765e-01,1.205168e-01,1.686344e-01,2.022722e-01,6.635683e+07
4.833333e+01,5.045667e-01,1.202941e-01,1.706393e-01,2.044999e-01,6.700585e+07
4.850000e+01,5.003342e-01,1.214079e-01,1.704166e-01,2.078414e-01,6.795910e+07
4.866667e+01,4.969926e-01,1.196258e-01,1.724215e-01,2.109601e-01,6.888467e+07
4.883333e+01,4.927601e-01,1.220762e-01,1.699710e-01,2.151927e-01,6.951461e+07
4.900000e+01,4.894186e-01,1.227445e-01,1.699710e-01,2.178659e-01,7.013824e+07
4.916667e+01,4.851860e-01,1.222990e-01,1.717532e-01,2.207619e-01,7.044139e+07
4.933333e+01,4.805079e-01,1.236356e-01,1.715304e-01,2.243261e-01,7.064082e+07
4.950000e+01,4.762753e-01,1.245266e-01,1.726442e-01,2.265538e-01,7.073653e+07
4.966667e+01,4.718200e-01,1.245266e-01,1.748719e-01,2.287815e-01,7.069200e+07
4.983333e+01,4.700379e-01,1.238583e-01,1.742036e-01,2.319002e-01,7.069028e+07
5.000000e+01,4.655825e-01,1.240811e-01,1.773223e-01,2.330140e-01,7.084709e+07
5.016667e+01,4.613500e-01,1.245266e-01,1.779906e-01,2.361328e-01,7.088622e+07
5.033333e+01,4.568946e-01,1.258632e-01,1.784362e-01,2.388060e-01,7.125487e+07
5.050000e+01,4.528848e-01,1.269771e-01,1.793272e-01,2.408109e-01,7.147461e+07
5.066667e+01,4.490978e-01,1.276454e-01,1.808866e-01,2.423702e-01,7.167101e+07
5.083333e+01,4.433059e-01,1.287592e-01,1.826687e-01,2.452662e-01,7.197033e+07
5.100000e+01,4.390733e-01,1.296503e-01,1.826687e-01,2.486077e-01,7.239602e+07
5.116667e+01,4.364001e-01,1.285364e-01,1.840053e-01,2.510581e-01,7.276521e+07
5.133333e+01,4.323903e-01,1.296503e-01,1.828915e-01,2.550679e-01,7.299406e+07
5.150000e+01,4.290488e-01,1.296503e-01,1.840053e-01,2.572956e-01,7.322661e+07
5.166667e+01,4.257073e-01,1.298730e-01,1.848964e-01,2.595233e-01,7.316572e+07
5.183333e+01,4.205836e-01,1.316552e-01,1.857875e-01,2.619737e-01,7.326194e+07
5.200000e+01,4.163511e-01,1.309869e-01,1.882379e-01,2.644241e-01,7.343972e+07
5.216667e+01,4.130096e-01,1.309869e-01,1.880151e-01,2.679884e-01,7.377222e+07
5.233333e+01,4.101136e-01,1.309869e-01,1.860102e-01,2.728893e-01,7.416121e+07
5.250000e+01,4.056583e-01,1.323235e-01,1.869013e-01,2.751170e-01,7.443433e+07
5.266667e+01,4.003119e-01,1.334373e-01,1.884607e-01,2.777902e-01,7.441045e+07
5.283333e+01,3.965248e-01,1.334373e-01,1.902428e-01,2.797951e-01,7.446739e+07
5.300000e+01,3.931833e-01,1.343284e-01,1.900200e-01,2.824683e-01,7.462231e+07
5.316667e+01,3.887280e-01,1.338828e-01,1.920249e-01,2.853642e-01,7.486016e+07
5.333333e+01,3.840499e-01,1.343284e-01,1.933616e-01,2.882602e-01,7.508560e+07
5.350000e+01,3.791490e-01,1.363333e-01,1.944754e-01,2.900423e-01,7.522525e+07
5.366667e+01,3.749165e-01,1.378926e-01,1.933616e-01,2.938294e-01,7.540229e+07
5.383333e+01,3.695701e-01,1.405658e-01,1.940299e-01,2.958343e-01,7.578189e+07
5.400000e+01,3.640009e-01,1.443529e-01,1.929160e-01,2.987302e-01,7.597831e+07
5.416667e+01,3.591000e-01,1.452439e-01,1.931388e-01,3.025173e-01,7.630225e+07
5.433333e+01,3.555358e-01,1.450212e-01,1.946982e-01,3.047449e-01,7.666969e+07
5.450000e+01,3.526398e-01,1.432390e-01,1.967031e-01,3.074181e-01,7.683537e+07
5.466667e+01,3.492983e-01,1.430163e-01,1.980397e-01,3.096458e-01,7.712743e+07
5.483333e+01,3.448429e-01,1.443529e-01,1.980397e-01,3.127645e-01,7.754648e+07
5.500000e+01,3.406104e-01,1.454667e-01,1.978169e-01,3.161060e-01,7.805411e+07
5.516667e+01,3.368233e-01,1.456895e-01,1.980397e-01,3.194475e-01,7.852875e+07
5.533333e+01,3.345957e-01,1.450212e-01,1.989307e-01,3.214524e-01,7.900647e+07
5.550000e+01,3.312542e-01,1.441301e-01,2.018267e-01,3.227890e-01,7.940837e+07
5.566667e+01,3.259078e-01,1.447984e-01,2.033861e-01,3.259078e-01,8.007476e+07
5.583333e+01,3.212297e-01,1.459122e-01,2.033861e-01,3.294720e-01,8.101413e+07
5.600000e+01,3.154377e-01,1.488082e-01,2.031633e-01,3.325908e-01,8.192463e+07
5.616667e+01,3.120962e-01,1.474716e-01,2.044999e-01,3.359323e-01,8.285491e+07
5.633333e+01,3.096458e-01,1.456895e-01,2.062820e-01,3.383827e-01,8.372648e+07
5.650000e+01,3.051905e-01,1.465805e-01,2.078414e-01,3.403876e-01,8.446712e+07
5.666667e+01,3.009579e-01,1.463578e-01,2.102918e-01,3.423925e-01,8.532438e+07
5.683333e+01,2.965026e-01,1.474716e-01,2.100691e-01,3.459568e-01,8.650551e+07
5.700000e+01,2.933838e-01,1.463578e-01,2.098463e-01,3.504121e-01,8.780386e+07
5.716667e+01,2.889285e-01,1.485854e-01,2.100691e-01,3.524170e-01,8.892645e+07
5.733333e+01,2.855870e-01,1.488082e-01,2.102918e-01,3.553130e-01,8.978270e+07
5.750000e+01,2.797951e-01,1.503676e-01,2.102918e-01,3.595456e-01,9.082499e+07
5.766667e+01,2.748942e-01,1.508131e-01,2.100691e-01,3.642237e-01,9.200463e+07
5.783333e+01,2.711072e-01,1.519269e-01,2.091780e-01,3.677879e-01,9.295135e+07
5.800000e+01,2.666518e-01,1.532635e-01,2.091780e-01,3.709067e-01,9.367224e+07
5.816667e+01,2.621965e-01,1.532635e-01,2.105146e-01,3.740254e-01,9.434041e+07
5.833333e+01,2.575184e-01,1.552684e-01,2.091780e-01,3.780352e-01,9.502368e+07
5.850000e+01,2.519492e-01,1.561595e-01,2.107374e-01,3.811539e-01,9.582364e+07
5.866667e+01,2.466028e-01,1.581644e-01,2.098463e-01,3.853865e-01,9.648845e+07
5.883333e+01,2.432613e-01,1.561595e-01,2.116284e-01,3.889508e-01,9.728362e+07
5.900000e+01,2.385832e-01,1.561595e-01,2.131878e-01,3.920695e-01,9.791660e+07
5.916667e+01,2.334596e-01,1.554912e-01,2.151927e-01,3.958565e-01,9.854304e+07
5.933333e+01,2.296725e-01,1.568278e-01,2.143016e-01,3.991980e-01,9.928878e+07
5.950000e+01,2.258855e-01,1.550457e-01,2.167521e-01,4.023168e-01,1.000256e+08
5.966667e+01,2.214302e-01,1.548229e-01,2.165293e-01,4.072176e-01,1.009372e+08
5.983333e+01,2.163065e-01,1.563823e-01,2.163065e-01,4.110047e-01,1.020361e+08
6.000000e+01,2.136333e-01,1.550457e-01,2.169748e-01,4.143462e-01,1.028004e+08
6.016667e+01,2.076186e-01,1.583872e-01,2.165293e-01,4.174649e-01,1.034768e+08
6.033333e+01,2.029405e-01,1.586099e-01,2.171976e-01,4.212519e-01,1.041707e+08
6.050000e+01,2.000446e-01,1.577189e-01,2.187570e-01,4.234796e-01,1.049424e+08
6.066667e+01,1.949209e-01,1.606148e-01,2.163065e-01,4.281577e-01,1.056807e+08
6.083333e+01,1.920249e-01,1.588327e-01,2.171976e-01,4.319448e-01,1.065932e+08
6.100000e+01,1.871241e-01,1.608376e-01,2.169748e-01,4.350635e-01,1.072708e+08
6.116667e+01,1.840053e-01,1.590555e-01,2.171976e-01,4.397416e-01,1.079223e+08
6.133333e+01,1.822232e-01,1.554912e-01,2.178659e-01,4.444197e-01,1.085456e+08
6.150000e+01,1.786589e-01,1.559367e-01,2.171976e-01,4.482067e-01,1.089835e+08
6.166667e+01,1.744264e-01,1.566050e-01,2.158610e-01,4.531076e-01,1.092576e+08
6.183333e+01,1.730898e-01,1.539318e-01,2.174204e-01,4.555580e-01,1.094274e+08
6.200000e+01,1.701938e-01,1.512586e-01,2.189797e-01,4.595678e-01,1.093522e+08
6.216667e+01,1.668523e-01,1.496993e-01,2.194253e-01,4.640232e-01,1.095923e+08
6.233333e+01,1.623970e-01,1.503676e-01,2.183114e-01,4.689240e-01,1.098600e+08
6.250000e+01,1.588327e-01,1.508131e-01,2.165293e-01,4.738249e-01,1.101527e+08
6.266667e+01,1.546001e-01,1.512586e-01,2.171976e-01,4.769436e-01,1.102150e+08
6.283333e+01,1.525952e-01,1.492537e-01,2.167521e-01,4.813990e-01,1.100053e+08
6.300000e+01,1.488082e-01,1.494765e-01,2.174204e-01,4.842949e-01,1.099601e+08
6.316667e+01,1.463578e-01,1.483627e-01,2.178659e-01,4.874137e-01,1.098457e+08
6.333333e+01,1.430163e-01,1.481399e-01,2.178659e-01,4.909779e-01,1.098706e+08
6.350000e+01,1.403431e-01,1.479171e-01,2.154155e-01,4.963243e-01,1.100497e+08
6.366667e+01,1.387837e-01,1.425707e-01,2.185342e-01,5.001114e-01,1.102422e+08
6.383333e+01,1.347739e-01,1.421252e-01,2.198708e-01,5.032301e-01,1.101194e+08
6.400000e+01,1.312096e-01,1.407886e-01,2.216529e-01,5.063489e-01,1.100726e+08
6.416667e+01,1.274226e-01,1.394520e-01,2.241034e-01,5.090221e-01,1.102137e+08
6.433333e+01,1.247494e-01,1.390065e-01,2.238806e-01,5.123636e-01,1.105538e+08
6.450000e+01,1.216307e-01,1.383382e-01,2.232123e-01,5.168189e-01,1.110530e+08
6.466667e+01,1.196258e-01,1.356650e-01,2.223212e-01,5.223881e-01,1.115806e+08
6.483333e+01,1.167298e-01,1.343284e-01,2.198708e-01,5.290711e-01,1.119502e+08
6.500000e+01,1.153932e-01,1.300958e-01,2.220985e-01,5.324126e-01,1.120318e+08
6.516667e+01,1.127200e-01,1.296503e-01,2.216529e-01,5.359768e-01,1.116007e+08
6.533333e+01,1.109378e-01,1.276454e-01,2.218757e-01,5.395411e-01,1.115401e+08
6.550000e+01,1.082646e-01,1.260860e-01,2.238806e-01,5.417688e-01,1.115428e+08
6.566667e+01,1.064825e-01,1.247494e-01,2.220985e-01,5.466696e-01,1.116458e+08
6.583333e+01,1.040321e-01,1.229673e-01,2.216529e-01,5.513477e-01,1.120454e+08
6.600000e+01,1.024727e-01,1.209624e-01,2.209846e-01,5.555803e-01,1.123895e+08
6.616667e+01,9.979951e-02,1.202941e-01,2.196480e-01,5.602584e-01,1.126432e+08
6.633333e+01,9.846291e-02,1.182892e-01,2.192025e-01,5.640454e-01,1.129664e+08
6.650000e+01,9.645801e-02,1.173981e-01,2.174204e-01,5.687235e-01,1.131930e+08
6.666667e+01,9.267097e-02,1.178436e-01,2.180887e-01,5.713967e-01,1.134173e+08
6.683333e+01,9.088884e-02,1.180664e-01,2.140789e-01,5.769659e-01,1.134642e+08
6.700000e+01,8.710180e-02,1.187347e-01,2.136333e-01,5.805302e-01,1.138115e+08
6.716667e+01,8.465137e-02,1.165070e-01,2.140789e-01,5.847628e-01,1.137484e+08
6.733333e+01,8.376030e-02,1.138338e-01,2.136333e-01,5.887726e-01,1.137216e+08
6.750000e+01,8.220094e-02,1.122744e-01,2.122967e-01,5.932279e-01,1.137441e+08
6.766667e+01,8.019603e-02,1.118289e-01,2.096235e-01,5.983515e-01,1.137265e+08
6.783333e+01,7.730007e-02,1.122744e-01,2.080642e-01,6.023613e-01,1.136060e+08
6.800000e+01,7.551793e-02,1.098240e-01,2.087325e-01,6.059256e-01,1.130707e+08
6.816667e+01,7.418133e-02,1.078191e-01,2.080642e-01,6.099354e-01,1.125182e+08
6.833333e+01,7.395857e-02,1.042548e-01,2.080642e-01,6.137224e-01,1.120839e+08
6.850000e+01,7.262196e-02,1.018044e-01,2.078414e-01,6.177322e-01,1.116501e+08
6.866667e+01,7.017153e-02,9.913121e-02,2.096235e-01,6.210737e-01,1.112764e+08
6.883333e+01,6.794386e-02,9.734908e-02,2.098463e-01,6.248608e-01,1.108930e+08
6.900000e+01,6.616173e-02,9.690354e-02,2.076186e-01,6.293161e-01,1.106980e+08
6.916667e+01,6.482513e-02,9.556694e-02,2.053910e-01,6.342170e-01,1.107691e+08
6.933333e+01,6.326576e-02,9.356204e-02,2.040544e-01,6.391178e-01,1.106972e+08
6.950000e+01,6.192916e-02,9.244821e-02,2.022722e-01,6.433504e-01,1.105457e+08
6.966667e+01,6.036979e-02,9.022054e-02,2.031633e-01,6.462464e-01,1.102638e+08
6.983333e+01,5.858766e-02,8.910671e-02,2.031633e-01,6.491423e-01,1.100719e+08
7.000000e+01,5.791936e-02,8.598797e-02,2.027178e-01,6.533749e-01,1.102623e+08
7.016667e+01,5.680552e-02,8.487414e-02,1.991535e-01,6.591669e-01,1.108392e+08
7.033333e+01,5.390956e-02,8.665627e-02,1.962575e-01,6.631767e-01,1.114754e+08
7.050000e+01,5.123636e-02,8.643350e-02,1.951437e-01,6.671865e-01,1.118150e+08
7.066667e+01,4.878592e-02,8.687904e-02,1.935843e-01,6.707507e-01,1.122232e+08
7.083333e+01,4.722655e-02,8.509690e-02,1.931388e-01,6.745378e-01,1.127169e+08
7.100000e+01,4.544442e-02,8.465137e-02,1.900200e-01,6.798842e-01,1.132950e+08
7.116667e+01,4.410782e-02,8.398307e-02,1.873468e-01,6.845623e-01,1.140457e+08
7.133333e+01,4.366229e-02,8.242370e-02,1.840053e-01,6.899087e-01,1.145985e+08
7.150000e+01,4.121185e-02,8.309200e-02,1.820004e-01,6.936957e-01,1.150271e+08
7.166667e+01,3.965248e-02,8.309200e-02,1.797728e-01,6.974827e-01,1.152446e+08
7.183333e+01,3.876142e-02,8.197817e-02,1.791045e-01,7.001559e-01,1.155375e+08
7.200000e+01,3.787035e-02,8.130987e-02,1.768768e-01,7.039430e-01,1.158217e+08
7.216667e+01,3.586545e-02,8.175540e-02,1.750947e-01,7.072845e-01,1.163920e+08
7.233333e+01,3.497438e-02,8.019603e-02,1.737581e-01,7.110715e-01,1.169179e+08
7.250000e+01,3.430608e-02,7.841390e-02,1.721987e-01,7.150813e-01,1.175361e+08
7.266667e+01,3.363778e-02,7.663177e-02,1.699710e-01,7.197594e-01,1.181402e+08
7.283333e+01,3.319225e-02,7.484963e-02,1.681889e-01,7.237692e-01,1.185928e+08
7.300000e+01,3.163288e-02,7.484963e-02,1.639563e-01,7.295611e-01,1.188846e+08
7.316667e+01,3.051905e-02,7.462687e-02,1.599465e-01,7.349076e-01,1.190617e+08
7.333333e+01,2.918245e-02,7.329027e-02,1.581644e-01,7.393629e-01,1.187717e+08
7.350000e+01,2.762308e-02,7.395857e-02,1.539318e-01,7.444865e-01,1.181499e+08
7.366667e+01,2.517264e-02,7.529517e-02,1.512586e-01,7.482736e-01,1.174361e+08
7.383333e+01,2.316774e-02,7.462687e-02,1.494765e-01,7.527289e-01,1.165456e+08
7.400000e+01,2.316774e-02,7.262196e-02,1.470261e-01,7.571842e-01,1.155493e+08
7.416667e+01,2.227668e-02,7.128536e-02,1.463578e-01,7.600802e-01,1.143751e+08
7.433333e+01,2.094008e-02,7.106260e-02,1.419024e-01,7.660949e-01,1.130264e+08
7.450000e+01,2.027178e-02,6.950323e-02,1.412341e-01,7.689909e-01,1.119058e+08
7.466667e+01,2.027178e-02,6.794386e-02,1.387837e-01,7.730007e-01,1.104262e+08
7.483333e+01,1.982624e-02,6.660726e-02,1.358877e-01,7.776788e-01,1.090778e+08
7.500000e+01,1.915794e-02,6.549343e-02,1.347739e-01,7.805747e-01,1.076383e+08
7.516667e+01,1.848964e-02,6.460236e-02,1.321007e-01,7.848073e-01,1.059887e+08
7.533333e+01,1.648474e-02,6.504789e-02,1.292047e-01,7.892626e-01,1.046327e+08
7.550000e+01,1.603921e-02,6.482513e-02,1.267543e-01,7.923814e-01,1.032031e+08
7.566667e+01,1.514814e-02,6.437959e-02,1.254177e-01,7.950546e-01,1.015537e+08
7.583333e+01,1.403431e-02,6.393406e-02,1.236356e-01,7.983961e-01,1.000209e+08
7.600000e+01,1.381154e-02,6.103809e-02,1.236356e-01,8.015148e-01,9.870587e+07
7.616667e+01,1.292047e-02,5.947873e-02,1.229673e-01,8.046335e-01,9.739119e+07
7.633333e+01,1.225217e-02,5.903319e-02,1.207396e-01,8.079751e-01,9.610370e+07
7.650000e+01,1.202941e-02,5.791936e-02,1.180664e-01,8.119849e-01,9.491556e+07
7.666667e+01,1.091557e-02,5.747382e-02,1.167298e-01,8.148808e-01,9.372292e+07
7.683333e+01,9.801738e-03,5.725106e-02,1.151704e-01,8.177768e-01,9.241163e+07
7.700000e+01,8.910671e-03,5.613722e-02,1.145021e-01,8.204500e-01,9.120720e+07
7.716667e+01,7.574070e-03,5.680552e-02,1.129427e-01,8.226777e-01,9.006480e+07
7.733333e+01,7.128536e-03,5.591446e-02,1.118289e-01,8.251281e-01,8.902851e+07
7.750000e+01,6.460236e-03,5.591446e-02,1.087102e-01,8.289151e-01,8.807854e+07
7.766667e+01,5.791936e-03,5.546892e-02,1.062597e-01,8.324794e-01,8.720039e+07
7.783333e+01,5.123636e-03,5.480062e-02,1.058142e-01,8.342615e-01,8.607512e+07
7.800000e+01,4.678102e-03,5.435509e-02,1.047004e-01,8.362664e-01,8.481927e+07
7.816667e+01,4.455335e-03,5.346402e-02,1.035865e-01,8.384941e-01,8.374061e+07
7.833333e+01,4.455335e-03,5.212742e-02,1.022499e-01,8.411673e-01,8.271251e+07
7.850000e+01,4.232569e-03,5.101359e-02,1.006906e-01,8.440633e-01,8.172315e+07
7.866667e+01,4.232569e-03,5.034529e-02,9.824014e-02,8.471820e-01,8.073557e+07
7.883333e+01,3.787035e-03,4.945422e-02,9.734908e-02,8.494097e-01,7.970501e+07
7.900000e+01,3.564268e-03,4.834039e-02,9.489864e-02,8.531967e-01,7.857523e+07
7.916667e+01,2.227668e-03,4.856315e-02,9.289374e-02,8.563154e-01,7.750561e+07
7.933333e+01,1.782134e-03,4.834039e-02,9.222544e-02,8.576520e-01,7.638438e+07
7.950000e+01,1.559367e-03,4.744932e-02,8.955224e-02,8.614391e-01,7.517579e+07
7.966667e+01,1.559367e-03,4.566719e-02,8.732457e-02,8.654489e-01,7.423761e+07
7.983333e+01,6.683003e-04,4.611272e-02,8.665627e-02,8.665627e-01,7.313157e+07
