Time,U,I1,I2,D,Ve
0.000000e+00,9.997772e-01,2.227668e-04,0.000000e+00,0.000000e+00,0.000000e+00
1.666667e-01,9.997772e-01,2.227668e-04,0.000000e+00,0.000000e+00,0.000000e+00
3.333333e-01,9.997772e-01,2.227668e-04,0.000000e+00,0.000000e+00,0.000000e+00
5.000000e-01,9.997772e-01,2.227668e-04,0.000000e+00,0.000000e+00,0.000000e+00
6.666667e-01,9.997772e-01,2.227668e-04,0.000000e+00,0.000000e+00,0.000000e+00
8.333333e-01,9.997772e-01,2.227668e-04,0.000000e+00,0.000000e+00,0.000000e+00
1.000000e+00,9.997772e-01,2.227668e-04,0.000000e+00,0.000000e+00,0.000000e+00
1.166667e+00,9.997772e-01,2.227668e-04,0.000000e+00,0.000000e+00,0.000000e+00
1.333333e+00,9.997772e-01,2.227668e-04,0.000000e+00,0.000000e+00,0.000000e+00
1.500000e+00,9.997772e-01,2.227668e-04,0.000000e+00,0.000000e+00,0.000000e+00
1.666667e+00,9.997772e-01,2.227668e-04,0.000000e+00,0.000000e+00,0.000000e+00
1.833333e+00,9.997772e-01,2.227668e-04,0.000000e+00,0.000000e+00,0.000000e+00
2.000000e+00,9.997772e-01,2.227668e-04,0.000000e+00,0.000000e+00,0.000000e+00
2.166667e+00,9.997772e-01,2.227668e-04,0.000000e+00,0.000000e+00,0.000000e+00
2.333333e+00,9.997772e-01,2.227668e-04,0.000000e+00,0.000000e+00,0.000000e+00
2.500000e+00,9.997772e-01,2.227668e-04,0.000000e+00,0.000000e+00,0.000000e+00
2.666667e+00,9.997772e-01,2.227668e-04,0.000000e+00,0.000000e+00,0.000000e+00
2.833333e+00,9.997772e-01,2.227668e-04,0.000000e+00,0.000000e+00,0.000000e+00
3.000000e+00,9.997772e-01,2.227668e-04,0.000000e+00,0.000000e+00,0.000000e+00
3.166667e+00,9.997772e-01,2.227668e-04,0.000000e+00,0.000000e+00,0.000000e+00
3.333333e+00,9.997772e-01,0.000000e+00,2.227668e-04,0.000000e+00,0.000000e+00
3.500000e+00,9.997772e-01,0.000000e+00,2.227668e-04,0.000000e+00,0.000000e+00
3.666667e+00,9.997772e-01,0.000000e+00,2.227668e-04,0.000000e+00,2.465108e-01
3.833333e+00,9.997772e-01,0.000000e+00,2.227668e-04,0.000000e+00,5.332442e-01
4.000000e+00,9.997772e-01,0.000000e+00,2.227668e-04,0.000000e+00,8.721345e-01
4.166667e+00,9.997772e-01,0.000000e+00,2.227668e-04,0.000000e+00,1.277940e+00
4.333333e+00,9.997772e-01,0.000000e+00,2.227668e-04,0.000000e+00,1.768962e+00
4.500000e+00,9.997772e-01,0.000000e+00,2.227668e-04,0.000000e+00,2.367948e+00
4.666667e+00,9.997772e-01,0.000000e+00,2.227668e-04,0.000000e+00,3.103213e+00
4.833333e+00,9.997772e-01,0.000000e+00,2.227668e-04,0.000000e+00,4.010043e+00
5.000000e+00,9.997772e-01,0.000000e+00,2.227668e-04,0.000000e+00,5.132451e+00
5.166667e+00,9.997772e-01,0.000000e+00,2.227668e-04,0.000000e+00,6.525369e+00
5.333333e+00,9.997772e-01,0.000000e+00,2.227668e-04,0.000000e+00,8.257386e+00
5.500000e+00,9.997772e-01,0.000000e+00,2.227668e-04,0.000000e+00,1.041417e+01
5.666667e+00,9.997772e-01,0.000000e+00,2.227668e-04,0.000000e+00,1.310277e+01
5.833333e+00,9.997772e-01,0.000000e+00,2.227668e-04,0.000000e+00,1.645692e+01
6.000000e+00,9.997772e-01,0.000000e+00,2.227668e-04,0.000000e+00,2.064376e+01
6.166667e+00,9.997772e-01,0.000000e+00,2.227668e-04,0.000000e+00,2.587220e+01
6.333333e+00,9.997772e-01,0.000000e+00,2.227668e-04,0.000000e+00,3.240332e+01
6.500000e+00,9.995545e-01,2.227668e-04,2.227668e-04,0.000000e+00,4.056348e+01
6.666667e+00,9.995545e-01,2.227668e-04,2.227668e-04,0.000000e+00,5.076056e+01
6.833333e+00,9.988862e-01,8.910671e-04,2.227668e-04,0.000000e+00,6.350439e+01
7.000000e+00,9.988862e-01,8.910671e-04,2.227668e-04,0.000000e+00,7.943216e+01
7.166667e+00,9.988862e-01,8.910671e-04,2.227668e-04,0.000000e+00,9.934022e+01
7.333333e+00,9.988862e-01,8.910671e-04,2.227668e-04,0.000000e+00,1.242237e+02
7.500000e+00,9.986634e-01,1.113834e-03,2.227668e-04,0.000000e+00,1.553263e+02
7.666667e+00,9.984406e-01,1.113834e-03,4.455335e-04,0.000000e+00,1.942015e+02
7.833333e+00,9.984406e-01,1.113834e-03,4.455335e-04,0.000000e+00,2.427903e+02
8.000000e+00,9.979951e-01,1.559367e-03,4.455335e-04,0.000000e+00,3.035252e+02
8.166667e+00,9.977723e-01,1.782134e-03,4.455335e-04,0.000000e+00,3.794259e+02
8.333333e+00,9.975496e-01,2.004901e-03,4.455335e-04,0.000000e+00,4.742708e+02
8.500000e+00,9.973268e-01,2.227668e-03,4.455335e-04,0.000000e+00,5.927744e+02
8.666667e+00,9.973268e-01,2.227668e-03,4.455335e-04,0.000000e+00,7.408160e+02
8.833333e+00,9.971040e-01,2.450434e-03,4.455335e-04,0.000000e+00,9.257236e+02
9.000000e+00,9.968813e-01,2.673201e-03,4.455335e-04,0.000000e+00,1.156622e+03
9.166667e+00,9.964357e-01,2.895968e-03,6.683003e-04,0.000000e+00,1.444866e+03
9.333333e+00,9.959902e-01,2.895968e-03,1.113834e-03,0.000000e+00,1.804561e+03
9.500000e+00,9.957674e-01,3.118735e-03,1.113834e-03,0.000000e+00,2.253214e+03
9.666667e+00,9.955447e-01,3.118735e-03,1.336601e-03,0.000000e+00,2.812531e+03
9.833333e+00,9.950991e-01,3.341501e-03,1.559367e-03,0.000000e+00,3.509258e+03
1.000000e+01,9.948764e-01,3.564268e-03,1.559367e-03,0.000000e+00,4.376389e+03
1.016667e+01,9.942081e-01,4.232569e-03,1.559367e-03,0.000000e+00,5.454378e+03
1.033333e+01,9.935398e-01,4.900869e-03,1.559367e-03,0.000000e+00,6.792638e+03
1.050000e+01,9.933170e-01,4.900869e-03,1.782134e-03,0.000000e+00,8.451164e+03
1.066667e+01,9.928715e-01,5.346402e-03,1.782134e-03,0.000000e+00,1.050226e+04
1.083333e+01,9.922032e-01,6.014703e-03,1.782134e-03,0.000000e+00,1.303227e+04
1.100000e+01,9.913121e-01,6.683003e-03,2.004901e-03,0.000000e+00,1.614306e+04
1.116667e+01,9.910893e-01,6.905770e-03,2.004901e-03,0.000000e+00,1.995313e+04
1.133333e+01,9.901983e-01,7.796837e-03,2.004901e-03,0.000000e+00,2.459777e+04
1.150000e+01,9.888617e-01,8.910671e-03,2.227668e-03,0.000000e+00,3.022775e+04
1.166667e+01,9.881934e-01,9.133437e-03,2.673201e-03,0.000000e+00,3.700612e+04
1.183333e+01,9.870795e-01,9.801738e-03,3.118735e-03,0.000000e+00,4.510243e+04
1.200000e+01,9.861885e-01,1.024727e-02,3.564268e-03,0.000000e+00,5.468279e+04
1.216667e+01,9.855202e-01,1.002450e-02,4.455335e-03,0.000000e+00,6.589764e+04
1.233333e+01,9.852974e-01,9.801738e-03,4.900869e-03,0.000000e+00,7.886620e+04
1.250000e+01,9.848519e-01,1.002450e-02,5.123636e-03,0.000000e+00,9.366294e+04
1.266667e+01,9.835153e-01,1.113834e-02,5.346402e-03,0.000000e+00,1.102916e+05
1.283333e+01,9.821787e-01,1.247494e-02,5.346402e-03,0.000000e+00,1.286796e+05
1.300000e+01,9.819559e-01,1.247494e-02,5.569169e-03,0.000000e+00,1.486711e+05
1.316667e+01,9.806193e-01,1.314324e-02,6.014703e-03,2.227668e-04,1.700277e+05
1.333333e+01,9.797282e-01,1.358877e-02,6.460236e-03,2.227668e-04,1.924407e+05
1.350000e+01,9.790599e-01,1.358877e-02,7.128536e-03,2.227668e-04,1.757336e+05
1.366667e+01,9.779461e-01,1.447984e-02,7.351303e-03,2.227668e-04,1.604940e+05
1.383333e+01,9.770550e-01,1.537091e-02,7.351303e-03,2.227668e-04,1.465970e+05
1.400000e+01,9.761640e-01,1.581644e-02,7.796837e-03,2.227668e-04,1.339298e+05
1.416667e+01,9.748274e-01,1.693027e-02,8.019603e-03,2.227668e-04,1.223902e+05
1.433333e+01,9.743818e-01,1.715304e-02,8.242370e-03,2.227668e-04,1.118860e+05
1.450000e+01,9.732680e-01,1.715304e-02,9.356204e-03,2.227668e-04,1.023348e+05
1.466667e+01,9.719314e-01,1.804411e-02,9.801738e-03,2.227668e-04,9.366340e+04
1.483333e+01,9.712631e-01,1.804411e-02,1.047004e-02,2.227668e-04,8.580791e+04
1.500000e+01,9.705948e-01,1.804411e-02,1.113834e-02,2.227668e-04,7.871155e+04
1.516667e+01,9.699265e-01,1.737581e-02,1.247494e-02,2.227668e-04,7.232824e+04
1.533333e+01,9.685899e-01,1.804411e-02,1.314324e-02,2.227668e-04,6.687493e+04
1.550000e+01,9.683671e-01,1.804411e-02,1.336601e-02,2.227668e-04,6.210761e+04
1.566667e+01,9.674761e-01,1.804411e-02,1.425707e-02,2.227668e-04,5.801877e+04
1.583333e+01,9.665850e-01,1.871241e-02,1.447984e-02,2.227668e-04,5.461458e+04
1.600000e+01,9.661395e-01,1.848964e-02,1.514814e-02,2.227668e-04,5.191956e+04
1.616667e+01,9.654712e-01,1.826687e-02,1.603921e-02,2.227668e-04,4.997203e+04
1.633333e+01,9.652484e-01,1.826687e-02,1.626197e-02,2.227668e-04,4.883245e+04
1.650000e+01,9.639118e-01,1.938071e-02,1.648474e-02,2.227668e-04,4.859786e+04
1.666667e+01,9.632435e-01,2.004901e-02,1.648474e-02,2.227668e-04,4.937490e+04
1.683333e+01,9.623524e-01,2.049454e-02,1.693027e-02,2.227668e-04,5.131584e+04
1.700000e+01,9.610158e-01,2.116284e-02,1.759857e-02,2.227668e-04,5.461537e+04
1.716667e+01,9.603475e-01,2.094008e-02,1.848964e-02,2.227668e-04,5.952057e+04
1.733333e+01,9.596792e-01,2.116284e-02,1.893517e-02,2.227668e-04,6.860653e+04
1.750000e+01,9.587881e-01,2.071731e-02,2.027178e-02,2.227668e-04,8.032584e+04
1.766667e+01,9.581198e-01,2.071731e-02,2.094008e-02,2.227668e-04,9.522362e+04
1.783333e+01,9.570060e-01,2.094008e-02,2.183114e-02,2.227668e-04,1.139763e+05
1.800000e+01,9.561149e-01,2.160838e-02,2.205391e-02,2.227668e-04,1.373426e+05
1.816667e+01,9.552239e-01,2.160838e-02,2.294498e-02,2.227668e-04,1.662617e+05
1.833333e+01,9.541100e-01,2.205391e-02,2.361328e-02,2.227668e-04,2.018879e+05
1.850000e+01,9.532190e-01,2.272221e-02,2.383604e-02,2.227668e-04,2.452443e+05
1.866667e+01,9.525507e-01,2.316774e-02,2.361328e-02,6.683003e-04,2.976012e+05
1.883333e+01,9.518824e-01,2.316774e-02,2.428158e-02,6.683003e-04,3.603082e+05
1.900000e+01,9.512141e-01,2.249944e-02,2.561818e-02,6.683003e-04,3.971336e+05
1.916667e+01,9.509913e-01,2.227668e-02,2.606371e-02,6.683003e-04,4.445541e+05
1.933333e+01,9.503230e-01,2.227668e-02,2.673201e-02,6.683003e-04,5.037767e+05
1.950000e+01,9.496547e-01,2.183114e-02,2.784585e-02,6.683003e-04,5.760944e+05
1.966667e+01,9.492092e-01,2.205391e-02,2.806861e-02,6.683003e-04,6.627786e+05
1.983333e+01,9.480953e-01,2.272221e-02,2.829138e-02,8.910671e-04,7.651088e+05
2.000000e+01,9.474270e-01,2.339051e-02,2.806861e-02,1.113834e-03,8.842924e+05
2.016667e+01,9.472043e-01,2.294498e-02,2.873691e-02,1.113834e-03,9.843043e+05
2.033333e+01,9.465360e-01,2.227668e-02,3.007351e-02,1.113834e-03,1.090510e+06
2.050000e+01,9.447538e-01,2.227668e-02,3.185565e-02,1.113834e-03,1.216616e+06
2.066667e+01,9.436400e-01,2.227668e-02,3.296948e-02,1.113834e-03,1.363549e+06
2.083333e+01,9.429717e-01,2.249944e-02,3.341501e-02,1.113834e-03,1.532420e+06
2.100000e+01,9.425262e-01,2.227668e-02,3.408331e-02,1.113834e-03,1.724308e+06
2.116667e+01,9.414123e-01,2.249944e-02,3.497438e-02,1.113834e-03,1.940317e+06
2.133333e+01,9.398530e-01,2.294498e-02,3.608822e-02,1.113834e-03,2.181614e+06
2.150000e+01,9.398530e-01,2.227668e-02,3.653375e-02,1.336601e-03,2.465617e+06
2.166667e+01,9.389619e-01,2.227668e-02,3.742482e-02,1.336601e-03,2.781683e+06
2.183333e+01,9.382936e-01,2.249944e-02,3.742482e-02,1.782134e-03,3.081122e+06
2.200000e+01,9.371798e-01,2.316774e-02,3.787035e-02,1.782134e-03,3.424586e+06
2.216667e+01,9.353976e-01,2.450434e-02,3.787035e-02,2.227668e-03,3.725254e+06
2.233333e+01,9.336155e-01,2.628648e-02,3.764758e-02,2.450434e-03,4.070962e+06
2.250000e+01,9.318334e-01,2.762308e-02,3.742482e-02,3.118735e-03,4.378594e+06
2.266667e+01,9.307195e-01,2.784585e-02,3.831588e-02,3.118735e-03,4.692480e+06
2.283333e+01,9.284919e-01,2.940521e-02,3.898418e-02,3.118735e-03,5.004792e+06
2.300000e+01,9.276008e-01,2.985075e-02,3.942972e-02,3.118735e-03,5.381241e+06
2.316667e+01,9.264870e-01,3.007351e-02,3.987525e-02,3.564268e-03,5.819264e+06
2.333333e+01,9.253731e-01,3.074181e-02,3.987525e-02,4.009802e-03,6.319785e+06
2.350000e+01,9.240365e-01,3.185565e-02,4.009802e-02,4.009802e-03,6.809089e+06
2.366667e+01,9.224772e-01,3.207841e-02,4.076632e-02,4.678102e-03,7.300272e+06
2.383333e+01,9.211406e-01,3.207841e-02,4.165738e-02,5.123636e-03,7.858387e+06
2.400000e+01,9.189129e-01,3.296948e-02,4.232569e-02,5.791936e-03,8.356457e+06
2.416667e+01,9.175763e-01,3.363778e-02,4.277122e-02,6.014703e-03,8.856043e+06
2.433333e+01,9.151259e-01,3.519715e-02,4.277122e-02,6.905770e-03,9.372713e+06
2.450000e+01,9.131210e-01,3.675652e-02,4.299399e-02,7.128536e-03,9.933243e+06
2.466667e+01,9.120071e-01,3.675652e-02,4.343952e-02,7.796837e-03,1.039096e+07
2.483333e+01,9.102250e-01,3.720205e-02,4.366229e-02,8.910671e-03,1.089556e+07
2.500000e+01,9.082201e-01,3.853865e-02,4.388505e-02,9.356204e-03,1.135528e+07
2.516667e+01,9.059924e-01,4.054355e-02,4.366229e-02,9.801738e-03,1.169560e+07
2.533333e+01,9.039875e-01,4.076632e-02,4.522165e-02,1.002450e-02,1.207010e+07
2.550000e+01,9.028737e-01,4.143462e-02,4.544442e-02,1.024727e-02,1.245132e+07
2.566667e+01,9.004233e-01,4.254845e-02,4.588995e-02,1.113834e-02,1.289524e+07
2.583333e+01,8.984184e-01,4.388505e-02,4.544442e-02,1.225217e-02,1.339487e+07
2.600000e+01,8.959679e-01,4.522165e-02,4.588995e-02,1.292047e-02,1.388450e+07
2.616667e+01,8.946313e-01,4.544442e-02,4.611272e-02,1.381154e-02,1.430380e+07
2.633333e+01,8.926264e-01,4.633549e-02,4.700379e-02,1.403431e-02,1.474487e+07
2.650000e+01,8.897305e-01,4.834039e-02,4.633549e-02,1.559367e-02,1.509642e+07
2.666667e+01,8.861662e-01,5.034529e-02,4.744932e-02,1.603921e-02,1.551736e+07
2.683333e+01,8.841613e-01,5.123636e-02,4.789485e-02,1.670751e-02,1.575757e+07
2.700000e+01,8.826019e-01,5.079082e-02,4.811762e-02,1.848964e-02,1.602558e+07
2.716667e+01,8.801515e-01,5.212742e-02,4.923145e-02,1.848964e-02,1.630728e+07
2.733333e+01,8.788149e-01,5.212742e-02,4.989975e-02,1.915794e-02,1.640608e+07
2.750000e+01,8.770327e-01,5.212742e-02,5.123636e-02,1.960348e-02,1.666393e+07
2.766667e+01,8.734685e-01,5.502339e-02,5.123636e-02,2.027178e-02,1.689027e+07
2.783333e+01,8.719091e-01,5.591446e-02,5.145912e-02,2.071731e-02,1.722703e+07
2.800000e+01,8.701270e-01,5.591446e-02,5.279572e-02,2.116284e-02,1.754538e+07
2.816667e+01,8.681221e-01,5.725106e-02,5.212742e-02,2.249944e-02,1.786512e+07
2.833333e+01,8.661172e-01,5.858766e-02,5.235019e-02,2.294498e-02,1.821795e+07
2.850000e+01,8.652261e-01,5.791936e-02,5.235019e-02,2.450434e-02,1.841974e+07
2.866667e+01,8.623301e-01,5.858766e-02,5.324126e-02,2.584094e-02,1.863727e+07
2.883333e+01,8.598797e-01,5.881043e-02,5.502339e-02,2.628648e-02,1.875546e+07
2.900000e+01,8.580976e-01,5.858766e-02,5.613722e-02,2.717755e-02,1.874106e+07
2.916667e+01,8.556471e-01,5.925596e-02,5.725106e-02,2.784585e-02,1.878848e+07
2.933333e+01,8.531967e-01,6.059256e-02,5.791936e-02,2.829138e-02,1.883407e+07
2.950000e+01,8.511918e-01,5.992426e-02,5.970149e-02,2.918245e-02,1.888016e+07
2.966667e+01,8.474048e-01,6.237469e-02,6.014703e-02,3.007351e-02,1.895053e+07
2.983333e+01,8.445088e-01,6.348853e-02,6.126086e-02,3.074181e-02,1.896880e+07
3.000000e+01,8.431722e-01,6.348853e-02,6.126086e-02,3.207841e-02,1.899945e+07
3.016667e+01,8.407218e-01,6.482513e-02,6.215193e-02,3.230118e-02,1.901723e+07
3.033333e+01,8.387169e-01,6.504789e-02,6.304299e-02,3.319225e-02,1.895549e+07
3.050000e+01,8.358209e-01,6.660726e-02,6.415683e-02,3.341501e-02,1.897827e+07
3.066667e+01,8.322566e-01,6.883493e-02,6.393406e-02,3.497438e-02,1.900843e+07
3.083333e+01,8.295834e-01,6.994876e-02,6.482513e-02,3.564268e-02,1.913748e+07
3.100000e+01,8.282468e-01,6.883493e-02,6.638450e-02,3.653375e-02,1.910275e+07
3.116667e+01,8.271330e-01,6.727556e-02,6.838940e-02,3.720205e-02,1.906593e+07
3.133333e+01,8.242370e-01,6.905770e-02,6.928046e-02,3.742482e-02,1.903863e+07
3.150000e+01,8.213411e-01,7.017153e-02,6.950323e-02,3.898418e-02,1.906098e+07
3.166667e+01,8.191134e-01,7.061706e-02,7.083983e-02,3.942972e-02,1.915739e+07
3.183333e+01,8.173313e-01,7.106260e-02,7.195366e-02,3.965248e-02,1.911283e+07
3.200000e+01,8.148808e-01,7.150813e-02,7.373580e-02,3.987525e-02,1.911660e+07
3.216667e+01,8.133215e-01,7.195366e-02,7.395857e-02,4.076632e-02,1.920052e+07
3.233333e+01,8.122076e-01,7.128536e-02,7.462687e-02,4.188015e-02,1.935738e+07
3.250000e+01,8.095344e-01,7.284473e-02,7.507240e-02,4.254845e-02,1.949782e+07
3.266667e+01,8.070840e-01,7.395857e-02,7.596347e-02,4.299399e-02,1.956576e+07
3.283333e+01,8.055246e-01,7.351303e-02,7.730007e-02,4.366229e-02,1.962623e+07
3.300000e+01,8.032969e-01,7.329027e-02,7.863667e-02,4.477612e-02,1.977381e+07
3.316667e+01,8.010693e-01,7.373580e-02,8.019603e-02,4.499889e-02,1.989975e+07
3.333333e+01,7.992871e-01,7.395857e-02,8.108710e-02,4.566719e-02,1.995439e+07
3.350000e+01,7.975050e-01,7.395857e-02,8.242370e-02,4.611272e-02,2.009483e+07
3.366667e+01,7.955001e-01,7.551793e-02,8.175540e-02,4.722655e-02,2.025604e+07
3.383333e+01,7.930497e-01,7.574070e-02,8.376030e-02,4.744932e-02,2.053694e+07
3.400000e+01,7.910448e-01,7.484963e-02,8.598797e-02,4.811762e-02,2.077862e+07
3.416667e+01,7.894854e-01,7.440410e-02,8.710180e-02,4.900869e-02,2.113516e+07
3.433333e+01,7.870350e-01,7.373580e-02,8.955224e-02,4.967699e-02,2.149193e+07
3.450000e+01,7.841390e-01,7.484963e-02,9.044331e-02,5.056806e-02,2.183823e+07
3.466667e+01,7.810203e-01,7.551793e-02,9.222544e-02,5.123636e-02,2.226736e+07
3.483333e+01,7.790154e-01,7.529517e-02,9.378481e-02,5.190466e-02,2.274177e+07
3.500000e+01,7.765649e-01,7.574070e-02,9.489864e-02,5.279572e-02,2.329084e+07
3.516667e+01,7.732234e-01,7.640900e-02,9.623524e-02,5.413232e-02,2.391198e+07
3.533333e+01,7.705502e-01,7.596347e-02,9.868568e-02,5.480062e-02,2.459894e+07
3.550000e+01,7.674315e-01,7.730007e-02,9.868568e-02,5.658276e-02,2.523683e+07
3.566667e+01,7.649811e-01,7.752283e-02,1.004678e-01,5.702829e-02,2.600962e+07
3.583333e+01,7.618623e-01,7.885943e-02,1.011361e-01,5.814213e-02,2.665802e+07
3.600000e+01,7.609713e-01,7.730007e-02,1.022499e-01,5.947873e-02,2.749293e+07
3.616667e+01,7.580753e-01,7.819113e-02,1.031410e-01,6.059256e-02,2.829308e+07
3.633333e+01,7.554021e-01,7.618623e-02,1.064825e-01,6.192916e-02,2.904386e+07
3.650000e+01,7.531744e-01,7.574070e-02,1.071508e-01,6.393406e-02,2.978824e+07
3.666667e+01,7.527289e-01,7.507240e-02,1.071508e-01,6.504789e-02,3.054924e+07
3.683333e+01,7.502785e-01,7.618623e-02,1.073736e-01,6.616173e-02,3.113762e+07
3.700000e+01,7.484963e-01,7.618623e-02,1.080419e-01,6.727556e-02,3.176066e+07
3.716667e+01,7.449321e-01,7.796837e-02,1.071508e-01,6.994876e-02,3.241727e+07
3.733333e+01,7.435955e-01,7.774560e-02,1.069280e-01,7.173090e-02,3.309842e+07
3.750000e+01,7.413678e-01,7.663177e-02,1.080419e-01,7.395857e-02,3.350936e+07
3.766667e+01,7.386946e-01,7.707730e-02,1.091557e-01,7.507240e-02,3.390006e+07
3.783333e+01,7.362442e-01,7.863667e-02,1.084874e-01,7.663177e-02,3.418801e+07
3.800000e+01,7.333482e-01,7.885943e-02,1.102695e-01,7.752283e-02,3.456425e+07
3.816667e+01,7.313433e-01,7.908220e-02,1.104923e-01,7.908220e-02,3.492141e+07
3.833333e+01,7.286701e-01,7.885943e-02,1.113834e-01,8.108710e-02,3.543400e+07
3.850000e+01,7.257741e-01,7.930497e-02,1.131655e-01,8.175540e-02,3.599466e+07
3.866667e+01,7.226554e-01,8.064157e-02,1.129427e-01,8.376030e-02,3.649325e+07
3.883333e+01,7.204277e-01,8.108710e-02,1.136110e-01,8.487414e-02,3.719102e+07
3.900000e+01,7.175317e-01,8.130987e-02,1.145021e-01,8.665627e-02,3.780079e+07
3.916667e+01,7.164179e-01,8.041880e-02,1.147249e-01,8.843840e-02,3.845688e+07
3.933333e+01,7.137447e-01,8.108710e-02,1.151704e-01,8.999777e-02,3.911217e+07
3.950000e+01,7.110715e-01,8.197817e-02,1.147249e-01,9.222544e-02,3.976846e+07
3.966667e+01,7.079528e-01,8.309200e-02,1.151704e-01,9.378481e-02,4.051864e+07
3.983333e+01,7.066162e-01,8.286924e-02,1.160615e-01,9.445311e-02,4.115929e+07
4.000000e+01,7.034974e-01,8.442860e-02,1.158387e-01,9.623524e-02,4.184998e+07
4.016667e+01,7.006015e-01,8.554244e-02,1.160615e-01,9.779461e-02,4.267266e+07
4.033333e+01,6.983738e-01,8.687904e-02,1.153932e-01,9.935398e-02,4.346055e+07
4.050000e+01,6.957006e-01,8.754734e-02,1.151704e-01,1.015816e-01,4.426157e+07
4.066667e+01,6.925819e-01,8.799287e-02,1.169526e-01,1.024727e-01,4.502117e+07
4.083333e+01,6.910225e-01,8.621074e-02,1.189575e-01,1.038093e-01,4.560954e+07
4.100000e+01,6.874582e-01,8.687904e-02,1.196258e-01,1.060370e-01,4.632181e+07
4.116667e+01,6.850078e-01,8.598797e-02,1.218534e-01,1.071508e-01,4.709616e+07
4.133333e+01,6.805525e-01,8.821564e-02,1.216307e-01,1.096012e-01,4.776085e+07
4.150000e+01,6.752061e-01,9.066607e-02,1.227445e-01,1.113834e-01,4.853386e+07
4.166667e+01,6.711963e-01,9.133437e-02,1.231900e-01,1.142793e-01,4.921627e+07
4.183333e+01,6.685231e-01,9.200267e-02,1.231900e-01,1.162843e-01,4.985911e+07
4.200000e+01,6.656271e-01,9.378481e-02,1.214079e-01,1.191802e-01,5.036363e+07
4.216667e+01,6.613945e-01,9.467587e-02,1.225217e-01,1.214079e-01,5.096889e+07
4.233333e+01,6.591669e-01,9.489864e-02,1.231900e-01,1.227445e-01,5.133692e+07
4.250000e+01,6.547115e-01,9.779461e-02,1.227445e-01,1.247494e-01,5.171500e+07
4.266667e+01,6.500334e-01,9.890844e-02,1.236356e-01,1.274226e-01,5.225081e+07
4.283333e+01,6.475830e-01,9.913121e-02,1.245266e-01,1.287592e-01,5.284721e+07
4.300000e+01,6.451325e-01,9.935398e-02,1.245266e-01,1.309869e-01,5.341334e+07
4.316667e+01,6.420138e-01,1.006906e-01,1.236356e-01,1.336601e-01,5.414668e+07
4.333333e+01,6.380040e-01,1.015816e-01,1.251949e-01,1.352194e-01,5.483975e+07
4.350000e+01,6.331031e-01,1.044776e-01,1.240811e-01,1.383382e-01,5.531925e+07
4.366667e+01,6.304299e-01,1.047004e-01,1.240811e-01,1.407886e-01,5.596062e+07
4.383333e+01,6.279795e-01,1.049231e-01,1.247494e-01,1.423480e-01,5.628274e+07
4.400000e+01,6.255291e-01,1.049231e-01,1.251949e-01,1.443529e-01,5.642472e+07
4.416667e+01,6.230786e-01,1.060370e-01,1.240811e-01,1.468033e-01,5.660919e+07
4.433333e+01,6.204054e-01,1.062597e-01,1.247494e-01,1.485854e-01,5.673736e+07
4.450000e+01,6.177322e-01,1.069280e-01,1.243039e-01,1.510359e-01,5.682518e+07
4.466667e+01,6.123858e-01,1.096012e-01,1.256405e-01,1.523725e-01,5.696044e+07
4.483333e+01,6.079305e-01,1.116061e-01,1.256405e-01,1.548229e-01,5.697241e+07
4.500000e+01,6.043662e-01,1.113834e-01,1.278681e-01,1.563823e-01,5.716213e+07
4.516667e+01,6.005792e-01,1.124972e-01,1.280909e-01,1.588327e-01,5.723331e+07
4.533333e+01,5.952328e-01,1.149476e-01,1.300958e-01,1.597238e-01,5.752995e+07
4.550000e+01,5.934507e-01,1.124972e-01,1.327690e-01,1.612831e-01,5.771277e+07
4.566667e+01,5.898864e-01,1.118289e-01,1.347739e-01,1.635108e-01,5.809441e+07
4.583333e+01,5.860994e-01,1.127200e-01,1.338828e-01,1.672978e-01,5.856916e+07
4.600000e+01,5.825351e-01,1.133883e-01,1.354422e-01,1.686344e-01,5.896224e+07
4.616667e+01,5.787481e-01,1.133883e-01,1.363333e-01,1.715304e-01,5.899800e+07
4.633333e+01,5.738472e-01,1.147249e-01,1.378926e-01,1.735353e-01,5.912670e+07
4.650000e+01,5.702829e-01,1.149476e-01,1.392292e-01,1.755402e-01,5.915780e+07
4.666667e+01,5.664959e-01,1.140566e-01,1.412341e-01,1.782134e-01,5.921934e+07
4.683333e+01,5.624861e-01,1.151704e-01,1.430163e-01,1.793272e-01,5.934867e+07
4.700000e+01,5.595901e-01,1.147249e-01,1.425707e-01,1.831143e-01,5.951823e+07
4.716667e+01,5.564714e-01,1.151704e-01,1.439073e-01,1.844509e-01,5.988796e+07
4.733333e+01,5.537982e-01,1.131655e-01,1.474716e-01,1.855647e-01,6.001609e+07
4.750000e+01,5.506794e-01,1.122744e-01,1.485854e-01,1.884607e-01,6.028508e+07
4.766667e+01,5.482290e-01,1.116061e-01,1.494765e-01,1.906883e-01,6.081141e+07
4.783333e+01,5.439964e-01,1.118289e-01,1.501448e-01,1.940299e-01,6.135695e+07
4.800000e+01,5.399866e-01,1.127200e-01,1.503676e-01,1.969258e-01,6.196753e+07
4.816667e+01,5.359768e-01,1.127200e-01,1.525952e-01,1.987080e-01,6.240503e+07
4.833333e+01,5.304077e-01,1.142793e-01,1.546001e-01,2.007129e-01,6.268796e+07
4.850000e+01,5.257296e-01,1.153932e-01,1.550457e-01,2.038316e-01,6.310027e+07
4.866667e+01,5.221653e-01,1.151704e-01,1.548229e-01,2.078414e-01,6.349187e+07
4.883333e+01,5.179327e-01,1.153932e-01,1.566050e-01,2.100691e-01,6.374435e+07
4.900000e+01,5.137002e-01,1.153932e-01,1.574961e-01,2.134106e-01,6.361931e+07
4.916667e+01,5.103587e-01,1.158387e-01,1.572733e-01,2.165293e-01,6.353547e+07
4.933333e+01,5.059033e-01,1.180664e-01,1.581644e-01,2.178659e-01,6.315303e+07
4.950000e+01,5.001114e-01,1.214079e-01,1.588327e-01,2.196480e-01,6.257215e+07
4.966667e+01,4.983292e-01,1.196258e-01,1.610604e-01,2.209846e-01,6.210768e+07
4.983333e+01,4.943194e-01,1.196258e-01,1.632880e-01,2.227668e-01,6.173595e+07
5.000000e+01,4.898641e-01,1.209624e-01,1.644019e-01,2.247717e-01,6.156209e+07
5.016667e+01,4.862998e-01,1.202941e-01,1.666295e-01,2.267766e-01,6.142401e+07
5.033333e+01,4.829583e-01,1.196258e-01,1.684117e-01,2.290042e-01,6.125160e+07
5.050000e+01,4.802851e-01,1.189575e-01,1.686344e-01,2.321230e-01,6.112161e+07
5.066667e+01,4.760526e-01,1.198485e-01,1.686344e-01,2.354645e-01,6.093549e+07
5.083333e+01,4.707062e-01,1.214079e-01,1.710849e-01,2.368011e-01,6.068265e+07
5.100000e+01,4.669191e-01,1.209624e-01,1.733125e-01,2.388060e-01,6.036599e+07
5.116667e+01,4.629093e-01,1.220762e-01,1.750947e-01,2.399198e-01,6.021237e+07
5.133333e+01,4.595678e-01,1.220762e-01,1.753174e-01,2.430385e-01,6.025183e+07
5.150000e+01,4.553353e-01,1.236356e-01,1.746491e-01,2.463800e-01,6.051978e+07
5.166667e+01,4.511027e-01,1.245266e-01,1.750947e-01,2.492760e-01,6.063583e+07
5.183333e+01,4.473157e-01,1.238583e-01,1.757630e-01,2.530630e-01,6.065075e+07
5.200000e+01,4.428603e-01,1.254177e-01,1.764313e-01,2.552907e-01,6.055473e+07
5.216667e+01,4.395188e-01,1.265315e-01,1.762085e-01,2.577411e-01,6.019579e+07
5.233333e+01,4.355090e-01,1.258632e-01,1.791045e-01,2.595233e-01,5.996020e+07
5.250000e+01,4.310537e-01,1.263088e-01,1.815549e-01,2.610826e-01,5.979628e+07
5.266667e+01,4.277122e-01,1.251949e-01,1.842281e-01,2.628648e-01,5.981349e+07
5.283333e+01,4.237024e-01,1.258632e-01,1.860102e-01,2.644241e-01,6.006010e+07
5.300000e+01,4.188015e-01,1.274226e-01,1.862330e-01,2.675429e-01,6.047554e+07
5.316667e+01,4.150145e-01,1.267543e-01,1.889062e-01,2.693250e-01,6.108728e+07
5.333333e+01,4.107819e-01,1.287592e-01,1.886834e-01,2.717755e-01,6.167396e+07
5.350000e+01,4.072176e-01,1.298730e-01,1.869013e-01,2.760080e-01,6.257509e+07
5.366667e+01,4.032078e-01,1.300958e-01,1.886834e-01,2.780129e-01,6.342852e+07
5.383333e+01,3.991980e-01,1.296503e-01,1.909111e-01,2.802406e-01,6.400588e+07
5.400000e+01,3.951882e-01,1.283137e-01,1.931388e-01,2.833593e-01,6.477980e+07
5.416667e+01,3.927378e-01,1.249722e-01,1.964803e-01,2.858098e-01,6.567013e+07
5.433333e+01,3.885052e-01,1.256405e-01,1.951437e-01,2.907106e-01,6.649826e+07
5.450000e+01,3.838271e-01,1.263088e-01,1.964803e-01,2.933838e-01,6.744584e+07
5.466667e+01,3.782580e-01,1.292047e-01,1.969258e-01,2.956115e-01,6.820734e+07
5.483333e+01,3.738026e-01,1.303186e-01,1.967031e-01,2.991758e-01,6.915573e+07
5.500000e+01,3.695701e-01,1.305413e-01,1.978169e-01,3.020717e-01,7.019706e+07
5.516667e+01,3.648920e-01,1.314324e-01,2.000446e-01,3.036311e-01,7.111136e+07
5.533333e+01,3.608822e-01,1.332145e-01,1.984852e-01,3.074181e-01,7.200450e+07
5.550000e+01,3.577634e-01,1.336601e-01,1.969258e-01,3.116507e-01,7.309696e+07
5.566667e+01,3.535309e-01,1.336601e-01,1.982624e-01,3.145467e-01,7.397675e+07
5.583333e+01,3.499666e-01,1.329918e-01,2.007129e-01,3.163288e-01,7.455671e+07
5.600000e+01,3.464023e-01,1.341056e-01,2.009356e-01,3.185565e-01,7.510077e+07
5.616667e+01,3.419470e-01,1.361105e-01,1.998218e-01,3.221207e-01,7.585972e+07
5.633333e+01,3.388282e-01,1.347739e-01,2.007129e-01,3.256850e-01,7.673507e+07
5.650000e+01,3.332591e-01,1.363333e-01,2.004901e-01,3.299176e-01,7.749246e+07
5.666667e+01,3.281354e-01,1.361105e-01,2.022722e-01,3.334818e-01,7.810081e+07
5.683333e+01,3.232346e-01,1.378926e-01,2.018267e-01,3.370461e-01,7.856877e+07
5.700000e+01,3.158833e-01,1.423480e-01,2.022722e-01,3.394965e-01,7.888679e+07
5.716667e+01,3.118735e-01,1.434618e-01,2.022722e-01,3.423925e-01,7.912847e+07
5.733333e+01,3.065271e-01,1.450212e-01,2.033861e-01,3.450657e-01,7.951602e+07
5.750000e+01,3.036311e-01,1.434618e-01,2.049454e-01,3.479617e-01,7.992740e+07
5.766667e+01,2.991758e-01,1.410114e-01,2.076186e-01,3.521943e-01,8.042654e+07
5.783333e+01,2.958343e-01,1.410114e-01,2.091780e-01,3.539764e-01,8.102911e+07
5.800000e+01,2.887057e-01,1.447984e-01,2.094008e-01,3.570951e-01,8.145006e+07
5.816667e+01,2.846959e-01,1.445756e-01,2.091780e-01,3.615505e-01,8.215876e+07
5.833333e+01,2.813544e-01,1.441301e-01,2.100691e-01,3.644464e-01,8.292544e+07
5.850000e+01,2.771219e-01,1.430163e-01,2.125195e-01,3.673424e-01,8.343904e+07
5.866667e+01,2.728893e-01,1.452439e-01,2.111829e-01,3.706839e-01,8.400746e+07
5.883333e+01,2.697706e-01,1.434618e-01,2.129650e-01,3.738026e-01,8.472764e+07
5.900000e+01,2.628648e-01,1.454667e-01,2.122967e-01,3.793718e-01,8.540823e+07
5.916667e+01,2.593005e-01,1.452439e-01,2.118512e-01,3.836044e-01,8.618526e+07
5.933333e+01,2.550679e-01,1.470261e-01,2.127423e-01,3.851637e-01,8.667949e+07
5.950000e+01,2.512809e-01,1.450212e-01,2.151927e-01,3.885052e-01,8.689672e+07
5.966667e+01,2.450434e-01,1.470261e-01,2.167521e-01,3.911784e-01,8.742734e+07
5.983333e+01,2.410336e-01,1.476944e-01,2.167521e-01,3.945199e-01,8.802430e+07
6.000000e+01,2.365783e-01,1.474716e-01,2.178659e-01,3.980842e-01,8.874712e+07
6.016667e+01,2.312319e-01,1.496993e-01,2.171976e-01,4.018712e-01,8.951032e+07
6.033333e+01,2.265538e-01,1.492537e-01,2.183114e-01,4.058810e-01,9.020024e+07
6.050000e+01,2.212074e-01,1.503676e-01,2.196480e-01,4.087770e-01,9.078285e+07
6.066667e+01,2.156382e-01,1.534863e-01,2.185342e-01,4.123413e-01,9.145558e+07
6.083333e+01,2.109601e-01,1.532635e-01,2.198708e-01,4.159055e-01,9.216782e+07
6.100000e+01,2.051682e-01,1.548229e-01,2.189797e-01,4.210292e-01,9.281750e+07
6.116667e+01,2.009356e-01,1.548229e-01,2.176431e-01,4.265984e-01,9.355827e+07
6.133333e+01,1.969258e-01,1.537091e-01,2.205391e-01,4.288260e-01,9.403902e+07
6.150000e+01,1.922477e-01,1.534863e-01,2.227668e-01,4.314992e-01,9.408931e+07
6.166667e+01,1.866785e-01,1.539318e-01,2.256627e-01,4.337269e-01,9.441707e+07
6.183333e+01,1.835598e-01,1.539318e-01,2.256627e-01,4.368456e-01,9.488406e+07
6.200000e+01,1.799955e-01,1.525952e-01,2.261083e-01,4.413010e-01,9.575403e+07
6.216667e+01,1.757630e-01,1.517042e-01,2.254400e-01,4.470929e-01,9.676390e+07
6.233333e+01,1.721987e-01,1.534863e-01,2.232123e-01,4.511027e-01,9.760237e+07
6.250000e+01,1.681889e-01,1.537091e-01,2.236578e-01,4.544442e-01,9.807516e+07
6.266667e+01,1.652929e-01,1.521497e-01,2.234351e-01,4.591223e-01,9.841618e+07
6.283333e+01,1.617287e-01,1.523725e-01,2.238806e-01,4.620183e-01,9.882332e+07
6.300000e+01,1.590555e-01,1.514814e-01,2.238806e-01,4.655825e-01,9.899724e+07
6.316667e+01,1.557140e-01,1.508131e-01,2.256627e-01,4.678102e-01,9.934181e+07
6.333333e+01,1.528180e-01,1.490310e-01,2.236578e-01,4.744932e-01,9.963172e+07
6.350000e+01,1.490310e-01,1.485854e-01,2.232123e-01,4.791713e-01,1.001160e+08
6.366667e+01,1.465805e-01,1.474716e-01,2.238806e-01,4.820673e-01,1.000162e+08
6.383333e+01,1.447984e-01,1.456895e-01,2.227668e-01,4.867454e-01,9.976519e+07
6.400000e+01,1.430163e-01,1.425707e-01,2.243261e-01,4.900869e-01,9.963968e+07
6.416667e+01,1.392292e-01,1.419024e-01,2.265538e-01,4.923145e-01,9.946494e+07
6.433333e+01,1.358877e-01,1.416797e-01,2.265538e-01,4.958788e-01,9.954203e+07
6.450000e+01,1.332145e-01,1.421252e-01,2.249944e-01,4.996658e-01,1.000279e+08
6.466667e+01,1.303186e-01,1.423480e-01,2.236578e-01,5.036757e-01,1.005486e+08
6.483333e+01,1.265315e-01,1.416797e-01,2.234351e-01,5.083538e-01,1.010357e+08
6.500000e+01,1.254177e-01,1.398975e-01,2.220985e-01,5.125863e-01,1.014421e+08
6.516667e+01,1.234128e-01,1.390065e-01,2.218757e-01,5.157051e-01,1.017687e+08
6.533333e+01,1.202941e-01,1.398975e-01,2.214302e-01,5.183783e-01,1.019451e+08
6.550000e+01,1.176209e-01,1.381154e-01,2.212074e-01,5.230564e-01,1.022905e+08
6.566667e+01,1.156160e-01,1.365560e-01,2.205391e-01,5.272889e-01,1.027115e+08
6.583333e+01,1.133883e-01,1.343284e-01,2.209846e-01,5.312987e-01,1.029908e+08
6.600000e+01,1.111606e-01,1.336601e-01,2.192025e-01,5.359768e-01,1.032080e+08
6.616667e+01,1.080419e-01,1.341056e-01,2.183114e-01,5.395411e-01,1.033774e+08
6.633333e+01,1.060370e-01,1.321007e-01,2.189797e-01,5.428826e-01,1.033610e+08
6.650000e+01,1.038093e-01,1.300958e-01,2.198708e-01,5.462241e-01,1.033705e+08
6.666667e+01,1.011361e-01,1.307641e-01,2.171976e-01,5.509022e-01,1.035478e+08
6.683333e+01,9.913121e-02,1.303186e-01,2.167521e-01,5.537982e-01,1.039099e+08
6.700000e+01,9.690354e-02,1.280909e-01,2.176431e-01,5.573624e-01,1.040887e+08
6.716667e+01,9.467587e-02,1.247494e-01,2.183114e-01,5.622633e-01,1.044801e+08
6.733333e+01,9.400757e-02,1.214079e-01,2.189797e-01,5.656048e-01,1.049064e+08
6.750000e+01,9.088884e-02,1.191802e-01,2.216529e-01,5.682780e-01,1.051626e+08
6.766667e+01,8.777010e-02,1.196258e-01,2.205391e-01,5.720650e-01,1.054744e+08
6.783333e+01,8.465137e-02,1.207396e-01,2.196480e-01,5.749610e-01,1.060704e+08
6.800000e+01,8.353754e-02,1.173981e-01,2.209846e-01,5.780798e-01,1.066164e+08
6.816667e+01,8.175540e-02,1.173981e-01,2.203163e-01,5.805302e-01,1.073334e+08
6.833333e+01,7.930497e-02,1.149476e-01,2.200936e-01,5.856538e-01,1.082456e+08
6.850000e+01,7.841390e-02,1.107151e-01,2.192025e-01,5.916685e-01,1.093932e+08
6.866667e+01,7.640900e-02,1.078191e-01,2.196480e-01,5.961239e-01,1.102147e+08
6.883333e+01,7.395857e-02,1.073736e-01,2.176431e-01,6.010247e-01,1.106422e+08
6.900000e+01,7.195366e-02,1.067053e-01,2.165293e-01,6.048118e-01,1.111008e+08
6.916667e+01,7.061706e-02,1.049231e-01,2.149699e-01,6.094899e-01,1.115103e+08
6.933333e+01,6.928046e-02,1.042548e-01,2.125195e-01,6.139452e-01,1.119405e+08
6.950000e+01,6.794386e-02,1.042548e-01,2.098463e-01,6.179550e-01,1.122791e+08
6.966667e+01,6.571620e-02,1.040321e-01,2.082869e-01,6.219648e-01,1.124695e+08
6.983333e+01,6.326576e-02,1.035865e-01,2.069503e-01,6.261974e-01,1.126594e+08
7.000000e+01,6.170639e-02,1.033638e-01,2.056137e-01,6.293161e-01,1.130390e+08
7.016667e+01,6.014703e-02,1.026955e-01,2.058365e-01,6.313210e-01,1.135084e+08
7.033333e+01,5.836489e-02,1.006906e-01,2.047227e-01,6.362219e-01,1.142628e+08
7.050000e+01,5.769659e-02,9.824014e-02,2.013812e-01,6.426821e-01,1.153759e+08
7.066667e+01,5.502339e-02,9.734908e-02,2.000446e-01,6.475830e-01,1.163667e+08
7.083333e+01,5.368679e-02,9.489864e-02,1.993763e-01,6.520383e-01,1.168173e+08
7.100000e+01,5.212742e-02,9.512141e-02,1.960348e-01,6.567164e-01,1.172731e+08
7.116667e+01,5.123636e-02,9.400757e-02,1.938071e-01,6.609490e-01,1.176669e+08
7.133333e+01,4.945422e-02,9.289374e-02,1.922477e-01,6.654043e-01,1.179581e+08
7.150000e+01,4.722655e-02,9.267097e-02,1.906883e-01,6.694141e-01,1.182223e+08
7.166667e+01,4.566719e-02,9.200267e-02,1.880151e-01,6.743150e-01,1.184168e+08
7.183333e+01,4.388505e-02,9.044331e-02,1.869013e-01,6.787703e-01,1.187131e+08
7.200000e+01,4.321675e-02,8.732457e-02,1.851192e-01,6.843395e-01,1.188503e+08
7.216667e+01,4.165738e-02,8.687904e-02,1.815549e-01,6.899087e-01,1.189205e+08
7.233333e+01,4.032078e-02,8.732457e-02,1.793272e-01,6.930274e-01,1.187948e+08
7.250000e+01,3.898418e-02,8.531967e-02,1.793272e-01,6.963689e-01,1.184561e+08
7.266667e+01,3.742482e-02,8.531967e-02,1.773223e-01,6.999332e-01,1.182601e+08
7.283333e+01,3.564268e-02,8.576520e-02,1.750947e-01,7.034974e-01,1.184689e+08
7.300000e+01,3.207841e-02,8.732457e-02,1.706393e-01,7.099577e-01,1.187899e+08
7.316667e+01,3.096458e-02,8.687904e-02,1.681889e-01,7.139675e-01,1.191735e+08
7.333333e+01,3.007351e-02,8.554244e-02,1.652929e-01,7.190911e-01,1.190892e+08
7.350000e+01,2.985075e-02,8.420584e-02,1.630653e-01,7.228781e-01,1.190299e+08
7.366667e+01,2.873691e-02,8.242370e-02,1.626197e-01,7.262196e-01,1.187754e+08
7.383333e+01,2.695478e-02,8.197817e-02,1.608376e-01,7.302294e-01,1.186231e+08
7.400000e+01,2.606371e-02,8.019603e-02,1.586099e-01,7.351303e-01,1.186258e+08
7.416667e+01,2.494988e-02,7.952773e-02,1.557140e-01,7.398084e-01,1.186117e+08
7.433333e+01,2.428158e-02,7.885943e-02,1.528180e-01,7.440410e-01,1.185278e+08
7.450000e+01,2.361328e-02,7.819113e-02,1.492537e-01,7.489419e-01,1.182967e+08
7.466667e+01,2.227668e-02,7.752283e-02,1.472488e-01,7.529517e-01,1.179743e+08
7.483333e+01,2.094008e-02,7.707730e-02,1.456895e-01,7.562932e-01,1.173650e+08
7.500000e+01,1.982624e-02,7.551793e-02,1.425707e-01,7.620851e-01,1.167857e+08
7.516667e+01,1.915794e-02,7.395857e-02,1.407886e-01,7.660949e-01,1.163462e+08
7.533333e+01,1.871241e-02,7.351303e-02,1.390065e-01,7.687681e-01,1.154578e+08
7.550000e+01,1.826687e-02,7.106260e-02,1.370016e-01,7.736690e-01,1.145419e+08
7.566667e+01,1.737581e-02,6.972600e-02,1.341056e-01,7.787926e-01,1.137247e+08
7.583333e+01,1.670751e-02,6.861216e-02,1.329918e-01,7.816886e-01,1.129664e+08
7.600000e+01,1.581644e-02,6.727556e-02,1.300958e-01,7.868122e-01,1.118984e+08
7.616667e+01,1.492537e-02,6.593896e-02,1.283137e-01,7.908220e-01,1.108931e+08
7.633333e+01,1.447984e-02,6.371129e-02,1.283137e-01,7.934952e-01,1.097288e+08
7.650000e+01,1.381154e-02,6.215193e-02,1.260860e-01,7.979505e-01,1.084366e+08
7.666667e+01,1.314324e-02,6.059256e-02,1.258632e-01,8.004010e-01,1.072994e+08
7.683333e+01,1.292047e-02,5.881043e-02,1.247494e-01,8.035197e-01,1.060239e+08
7.700000e+01,1.180664e-02,5.814213e-02,1.214079e-01,8.086434e-01,1.048791e+08
7.716667e+01,1.113834e-02,5.747382e-02,1.185119e-01,8.128759e-01,1.037064e+08
7.733333e+01,1.069280e-02,5.680552e-02,1.151704e-01,8.173313e-01,1.021884e+08
7.750000e+01,1.024727e-02,5.591446e-02,1.140566e-01,8.197817e-01,1.004795e+08
7.766667e+01,9.356204e-03,5.435509e-02,1.133883e-01,8.229004e-01,9.855745e+07
7.783333e+01,8.465137e-03,5.480062e-02,1.113834e-01,8.253509e-01,9.688418e+07
7.800000e+01,8.019603e-03,5.435509e-02,1.082646e-01,8.293607e-01,9.534988e+07
7.816667e+01,7.351303e-03,5.279572e-02,1.069280e-01,8.329249e-01,9.391655e+07
7.833333e+01,6.905770e-03,5.212742e-02,1.062597e-01,8.347071e-01,9.232975e+07
7.850000e+01,6.683003e-03,5.056806e-02,1.055914e-01,8.371575e-01,9.071517e+07
7.866667e+01,6.460236e-03,4.923145e-02,1.038093e-01,8.404990e-01,8.937462e+07
7.883333e+01,6.237469e-03,4.789485e-02,1.022499e-01,8.436177e-01,8.810505e+07
7.900000e+01,6.014703e-03,4.678102e-02,1.000223e-01,8.471820e-01,8.680560e+07
7.916667e+01,5.569169e-03,4.588995e-02,9.890844e-02,8.496324e-01,8.546294e+07
7.933333e+01,4.900869e-03,4.410782e-02,9.668078e-02,8.543105e-01,8.395986e+07
7.950000e+01,4.678102e-03,4.321675e-02,9.378481e-02,8.583203e-01,8.254533e+07
7.966667e+01,4.009802e-03,4.343952e-02,9.244821e-02,8.601025e-01,8.081607e+07
7.983333e+01,3.341501e-03,4.254845e-02,9.222544e-02,8.618846e-01,7.895726e+07
