Time,U,I1,I2,D,Ve
0.000000e+00,9.997772e-01,2.227668e-04,0.000000e+00,0.000000e+00,0.000000e+00
1.666667e-01,9.997772e-01,2.227668e-04,0.000000e+00,0.000000e+00,0.000000e+00
3.333333e-01,9.997772e-01,2.227668e-04,0.000000e+00,0.000000e+00,0.000000e+00
5.000000e-01,9.997772e-01,2.227668e-04,0.000000e+00,0.000000e+00,0.000000e+00
6.666667e-01,9.997772e-01,2.227668e-04,0.000000e+00,0.000000e+00,0.000000e+00
8.333333e-01,9.997772e-01,2.227668e-04,0.000000e+00,0.000000e+00,0.000000e+00
1.000000e+00,9.997772e-01,2.227668e-04,0.000000e+00,0.000000e+00,0.000000e+00
1.166667e+00,9.997772e-01,2.227668e-04,0.000000e+00,0.000000e+00,0.000000e+00
1.333333e+00,9.997772e-01,2.227668e-04,0.000000e+00,0.000000e+00,0.000000e+00
1.500000e+00,9.997772e-01,2.227668e-04,0.000000e+00,0.000000e+00,0.000000e+00
1.666667e+00,9.997772e-01,2.227668e-04,0.000000e+00,0.000000e+00,0.000000e+00
1.833333e+00,9.997772e-01,2.227668e-04,0.000000e+00,0.000000e+00,0.000000e+00
2.000000e+00,9.997772e-01,2.227668e-04,0.000000e+00,0.000000e+00,0.000000e+00
2.166667e+00,9.997772e-01,2.227668e-04,0.000000e+00,0.000000e+00,0.000000e+00
2.333333e+00,9.997772e-01,2.227668e-04,0.000000e+00,0.000000e+00,0.000000e+00
2.500000e+00,9.997772e-01,0.000000e+00,2.227668e-04,0.000000e+00,0.000000e+00
2.666667e+00,9.997772e-01,0.000000e+00,2.227668e-04,0.000000e+00,0.000000e+00
2.833333e+00,9.997772e-01,0.000000e+00,2.227668e-04,0.000000e+00,8.069753e-02
3.000000e+00,9.997772e-01,0.000000e+00,2.227668e-04,0.000000e+00,1.745625e-01
3.166667e+00,9.997772e-01,0.000000e+00,2.227668e-04,0.000000e+00,2.855017e-01
3.333333e+00,9.997772e-01,0.000000e+00,2.227668e-04,0.000000e+00,4.183466e-01
3.500000e+00,9.997772e-01,0.000000e+00,2.227668e-04,0.000000e+00,5.790888e-01
3.666667e+00,9.997772e-01,0.000000e+00,2.227668e-04,0.000000e+00,7.751749e-01
3.833333e+00,9.997772e-01,0.000000e+00,2.227668e-04,0.000000e+00,1.015874e+00
4.000000e+00,9.997772e-01,0.000000e+00,2.227668e-04,0.000000e+00,1.312739e+00
4.166667e+00,9.997772e-01,0.000000e+00,2.227668e-04,0.000000e+00,1.680178e+00
4.333333e+00,9.997772e-01,0.000000e+00,2.227668e-04,0.000000e+00,2.136175e+00
4.500000e+00,9.997772e-01,0.000000e+00,2.227668e-04,0.000000e+00,2.703186e+00
4.666667e+00,9.997772e-01,0.000000e+00,2.227668e-04,0.000000e+00,3.409259e+00
4.833333e+00,9.997772e-01,0.000000e+00,2.227668e-04,0.000000e+00,4.289440e+00
5.000000e+00,9.997772e-01,0.000000e+00,2.227668e-04,0.000000e+00,5.387520e+00
5.166667e+00,9.997772e-01,0.000000e+00,2.227668e-04,0.000000e+00,6.758227e+00
5.333333e+00,9.997772e-01,0.000000e+00,2.227668e-04,0.000000e+00,8.469968e+00
5.500000e+00,9.997772e-01,0.000000e+00,2.227668e-04,0.000000e+00,1.060825e+01
5.666667e+00,9.997772e-01,0.000000e+00,2.227668e-04,0.000000e+00,1.327994e+01
5.833333e+00,9.997772e-01,0.000000e+00,2.227668e-04,0.000000e+00,1.661866e+01
6.000000e+00,9.997772e-01,0.000000e+00,2.227668e-04,0.000000e+00,2.079142e+01
6.166667e+00,9.997772e-01,0.000000e+00,2.227668e-04,0.000000e+00,2.600700e+01
6.333333e+00,9.997772e-01,0.000000e+00,2.227668e-04,0.000000e+00,3.252639e+01
6.500000e+00,9.997772e-01,0.000000e+00,2.227668e-04,0.000000e+00,4.067583e+01
6.666667e+00,9.995545e-01,2.227668e-04,2.227668e-04,0.000000e+00,5.086313e+01
6.833333e+00,9.995545e-01,2.227668e-04,2.227668e-04,0.000000e+00,6.359803e+01
7.000000e+00,9.995545e-01,2.227668e-04,2.227668e-04,0.000000e+00,7.951764e+01
7.166667e+00,9.993317e-01,4.455335e-04,2.227668e-04,0.000000e+00,9.941826e+01
7.333333e+00,9.993317e-01,4.455335e-04,2.227668e-04,0.000000e+00,1.242950e+02
7.500000e+00,9.993317e-01,4.455335e-04,2.227668e-04,0.000000e+00,1.553913e+02
7.666667e+00,9.991089e-01,6.683003e-04,2.227668e-04,0.000000e+00,1.942609e+02
7.833333e+00,9.988862e-01,8.910671e-04,2.227668e-04,0.000000e+00,2.428445e+02
8.000000e+00,9.984406e-01,1.336601e-03,2.227668e-04,0.000000e+00,3.035661e+02
8.166667e+00,9.984406e-01,1.336601e-03,2.227668e-04,0.000000e+00,3.794524e+02
8.333333e+00,9.982179e-01,1.336601e-03,4.455335e-04,0.000000e+00,4.742815e+02
8.500000e+00,9.979951e-01,1.559367e-03,4.455335e-04,0.000000e+00,5.927672e+02
8.666667e+00,9.977723e-01,1.782134e-03,4.455335e-04,0.000000e+00,7.408148e+02
8.833333e+00,9.968813e-01,2.673201e-03,4.455335e-04,0.000000e+00,9.257290e+02
9.000000e+00,9.968813e-01,2.450434e-03,6.683003e-04,0.000000e+00,1.156636e+03
9.166667e+00,9.959902e-01,3.118735e-03,8.910671e-04,0.000000e+00,1.444888e+03
9.333333e+00,9.957674e-01,3.341501e-03,8.910671e-04,0.000000e+00,1.804600e+03
9.500000e+00,9.955447e-01,3.341501e-03,1.113834e-03,0.000000e+00,2.253310e+03
9.666667e+00,9.953219e-01,3.564268e-03,1.113834e-03,0.000000e+00,2.812660e+03
9.833333e+00,9.950991e-01,3.564268e-03,1.336601e-03,0.000000e+00,3.509434e+03
1.000000e+01,9.942081e-01,4.455335e-03,1.336601e-03,0.000000e+00,4.376605e+03
1.016667e+01,9.937625e-01,4.678102e-03,1.559367e-03,0.000000e+00,5.454651e+03
1.033333e+01,9.930942e-01,5.123636e-03,1.782134e-03,0.000000e+00,6.792983e+03
1.050000e+01,9.922032e-01,5.791936e-03,2.004901e-03,0.000000e+00,8.451650e+03
1.066667e+01,9.919804e-01,5.791936e-03,2.227668e-03,0.000000e+00,1.050292e+04
1.083333e+01,9.908666e-01,6.905770e-03,2.227668e-03,0.000000e+00,1.303314e+04
1.100000e+01,9.906438e-01,7.128536e-03,2.227668e-03,0.000000e+00,1.614420e+04
1.116667e+01,9.901983e-01,7.574070e-03,2.227668e-03,0.000000e+00,1.995460e+04
1.133333e+01,9.899755e-01,7.574070e-03,2.450434e-03,0.000000e+00,2.459962e+04
1.150000e+01,9.893072e-01,7.796837e-03,2.895968e-03,0.000000e+00,3.023009e+04
1.166667e+01,9.890844e-01,8.019603e-03,2.895968e-03,0.000000e+00,3.700907e+04
1.183333e+01,9.884161e-01,8.687904e-03,2.895968e-03,0.000000e+00,4.510597e+04
1.200000e+01,9.877478e-01,8.910671e-03,3.341501e-03,0.000000e+00,5.468696e+04
1.216667e+01,9.873023e-01,9.133437e-03,3.564268e-03,0.000000e+00,6.590257e+04
1.233333e+01,9.870795e-01,8.910671e-03,4.009802e-03,0.000000e+00,7.887231e+04
1.250000e+01,9.864112e-01,9.356204e-03,4.232569e-03,0.000000e+00,9.366696e+04
1.266667e+01,9.850746e-01,1.069280e-02,4.009802e-03,2.227668e-04,1.102925e+05
1.283333e+01,9.841836e-01,1.091557e-02,4.678102e-03,2.227668e-04,1.286776e+05
1.300000e+01,9.826242e-01,1.225217e-02,4.900869e-03,2.227668e-04,1.174920e+05
1.316667e+01,9.824014e-01,1.247494e-02,4.900869e-03,2.227668e-04,1.072855e+05
1.333333e+01,9.815104e-01,1.336601e-02,4.900869e-03,2.227668e-04,9.797388e+04
1.350000e+01,9.797282e-01,1.447984e-02,5.569169e-03,2.227668e-04,8.948066e+04
1.366667e+01,9.792827e-01,1.470261e-02,5.791936e-03,2.227668e-04,8.173649e+04
1.383333e+01,9.783916e-01,1.514814e-02,6.237469e-03,2.227668e-04,7.468011e+04
1.400000e+01,9.775006e-01,1.559367e-02,6.683003e-03,2.227668e-04,6.825342e+04
1.416667e+01,9.772778e-01,1.581644e-02,6.683003e-03,2.227668e-04,6.240551e+04
1.433333e+01,9.761640e-01,1.626197e-02,7.351303e-03,2.227668e-04,5.709072e+04
1.450000e+01,9.759412e-01,1.603921e-02,7.796837e-03,2.227668e-04,5.226854e+04
1.466667e+01,9.750501e-01,1.648474e-02,8.242370e-03,2.227668e-04,4.792503e+04
1.483333e+01,9.741591e-01,1.670751e-02,8.910671e-03,2.227668e-04,4.401185e+04
1.500000e+01,9.741591e-01,1.603921e-02,9.578971e-03,2.227668e-04,4.050465e+04
1.516667e+01,9.739363e-01,1.581644e-02,1.002450e-02,2.227668e-04,3.738546e+04
1.533333e+01,9.725997e-01,1.693027e-02,1.024727e-02,2.227668e-04,3.463981e+04
1.550000e+01,9.717086e-01,1.693027e-02,1.113834e-02,2.227668e-04,3.226374e+04
1.566667e+01,9.708176e-01,1.670751e-02,1.225217e-02,2.227668e-04,3.025440e+04
1.583333e+01,9.692582e-01,1.826687e-02,1.225217e-02,2.227668e-04,2.861963e+04
1.600000e+01,9.683671e-01,1.915794e-02,1.225217e-02,2.227668e-04,2.740344e+04
1.616667e+01,9.676988e-01,1.871241e-02,1.336601e-02,2.227668e-04,2.661073e+04
1.633333e+01,9.665850e-01,1.938071e-02,1.381154e-02,2.227668e-04,2.628313e+04
1.650000e+01,9.661395e-01,1.960348e-02,1.403431e-02,2.227668e-04,2.647816e+04
1.666667e+01,9.661395e-01,1.848964e-02,1.514814e-02,2.227668e-04,2.727130e+04
1.683333e+01,9.650256e-01,1.893517e-02,1.581644e-02,2.227668e-04,2.876083e+04
1.700000e+01,9.639118e-01,1.938071e-02,1.648474e-02,2.227668e-04,3.107389e+04
1.716667e+01,9.630207e-01,1.982624e-02,1.693027e-02,2.227668e-04,3.475665e+04
1.733333e+01,9.630207e-01,1.982624e-02,1.693027e-02,2.227668e-04,3.968003e+04
1.750000e+01,9.625752e-01,2.004901e-02,1.715304e-02,2.227668e-04,4.610757e+04
1.766667e+01,9.616841e-01,2.027178e-02,1.782134e-02,2.227668e-04,5.435961e+04
1.783333e+01,9.603475e-01,2.116284e-02,1.826687e-02,2.227668e-04,6.482726e+04
1.800000e+01,9.599020e-01,2.116284e-02,1.871241e-02,2.227668e-04,7.799313e+04
1.816667e+01,9.596792e-01,2.094008e-02,1.915794e-02,2.227668e-04,9.441062e+04
1.833333e+01,9.590109e-01,2.071731e-02,2.004901e-02,2.227668e-04,1.147469e+05
1.850000e+01,9.574515e-01,2.205391e-02,2.027178e-02,2.227668e-04,1.402611e+05
1.866667e+01,9.570060e-01,2.205391e-02,2.071731e-02,2.227668e-04,1.714360e+05
1.883333e+01,9.567832e-01,2.160838e-02,2.138561e-02,2.227668e-04,2.093050e+05
1.900000e+01,9.567832e-01,1.982624e-02,2.316774e-02,2.227668e-04,2.550200e+05
1.916667e+01,9.565605e-01,1.982624e-02,2.339051e-02,2.227668e-04,3.098500e+05
1.933333e+01,9.561149e-01,2.004901e-02,2.339051e-02,4.455335e-04,3.751635e+05
1.950000e+01,9.554466e-01,1.960348e-02,2.450434e-02,4.455335e-04,4.524180e+05
1.966667e+01,9.552239e-01,1.915794e-02,2.517264e-02,4.455335e-04,5.137854e+05
1.983333e+01,9.545556e-01,1.960348e-02,2.517264e-02,6.683003e-04,5.928967e+05
2.000000e+01,9.538873e-01,1.960348e-02,2.584094e-02,6.683003e-04,6.893057e+05
2.016667e+01,9.534417e-01,1.960348e-02,2.628648e-02,6.683003e-04,7.834848e+05
2.033333e+01,9.532190e-01,1.915794e-02,2.695478e-02,6.683003e-04,8.980414e+05
2.050000e+01,9.512141e-01,2.094008e-02,2.717755e-02,6.683003e-04,1.060081e+06
2.066667e+01,9.501002e-01,2.160838e-02,2.762308e-02,6.683003e-04,1.248242e+06
2.083333e+01,9.492092e-01,2.227668e-02,2.784585e-02,6.683003e-04,1.466235e+06
2.100000e+01,9.489864e-01,2.138561e-02,2.873691e-02,8.910671e-04,1.717846e+06
2.116667e+01,9.480953e-01,2.116284e-02,2.962798e-02,1.113834e-03,2.005203e+06
2.133333e+01,9.465360e-01,2.227668e-02,2.985075e-02,1.336601e-03,2.309278e+06
2.150000e+01,9.460904e-01,2.160838e-02,3.096458e-02,1.336601e-03,2.609778e+06
2.166667e+01,9.447538e-01,2.227668e-02,3.141011e-02,1.559367e-03,2.931857e+06
2.183333e+01,9.429717e-01,2.405881e-02,3.118735e-02,1.782134e-03,3.304992e+06
2.200000e+01,9.420806e-01,2.472711e-02,3.141011e-02,1.782134e-03,3.679855e+06
2.216667e+01,9.405213e-01,2.494988e-02,3.230118e-02,2.227668e-03,4.050163e+06
2.233333e+01,9.389619e-01,2.584094e-02,3.252395e-02,2.673201e-03,4.466661e+06
2.250000e+01,9.374025e-01,2.717755e-02,3.230118e-02,3.118735e-03,4.864671e+06
2.266667e+01,9.347293e-01,2.940521e-02,3.252395e-02,3.341501e-03,5.222829e+06
2.283333e+01,9.333927e-01,2.962798e-02,3.363778e-02,3.341501e-03,5.540046e+06
2.300000e+01,9.325017e-01,2.918245e-02,3.475162e-02,3.564268e-03,5.871823e+06
2.316667e+01,9.311651e-01,2.962798e-02,3.519715e-02,4.009802e-03,6.263500e+06
2.333333e+01,9.291602e-01,3.096458e-02,3.564268e-02,4.232569e-03,6.676547e+06
2.350000e+01,9.273780e-01,3.207841e-02,3.608822e-02,4.455335e-03,7.051252e+06
2.366667e+01,9.258187e-01,3.341501e-02,3.608822e-02,4.678102e-03,7.441775e+06
2.383333e+01,9.247048e-01,3.386055e-02,3.608822e-02,5.346402e-03,7.850574e+06
2.400000e+01,9.233682e-01,3.386055e-02,3.697928e-02,5.791936e-03,8.288147e+06
2.416667e+01,9.209178e-01,3.564268e-02,3.764758e-02,5.791936e-03,8.655225e+06
2.433333e+01,9.189129e-01,3.631098e-02,3.898418e-02,5.791936e-03,9.003809e+06
2.450000e+01,9.162397e-01,3.831588e-02,3.965248e-02,5.791936e-03,9.434866e+06
2.466667e+01,9.153486e-01,3.853865e-02,3.965248e-02,6.460236e-03,9.946766e+06
2.483333e+01,9.133437e-01,3.942972e-02,4.032078e-02,6.905770e-03,1.053696e+07
2.500000e+01,9.120071e-01,3.987525e-02,4.009802e-02,8.019603e-03,1.111127e+07
2.516667e+01,9.102250e-01,4.054355e-02,4.054355e-02,8.687904e-03,1.167912e+07
2.533333e+01,9.071063e-01,4.277122e-02,4.143462e-02,8.687904e-03,1.215274e+07
2.550000e+01,9.044331e-01,4.388505e-02,4.254845e-02,9.133437e-03,1.263887e+07
2.566667e+01,9.024282e-01,4.477612e-02,4.277122e-02,1.002450e-02,1.321062e+07
2.583333e+01,9.004233e-01,4.455335e-02,4.433059e-02,1.069280e-02,1.377114e+07
2.600000e+01,8.979728e-01,4.566719e-02,4.499889e-02,1.136110e-02,1.424962e+07
2.616667e+01,8.952996e-01,4.722655e-02,4.566719e-02,1.180664e-02,1.468073e+07
2.633333e+01,8.944086e-01,4.655825e-02,4.700379e-02,1.202941e-02,1.506221e+07
2.650000e+01,8.928492e-01,4.566719e-02,4.834039e-02,1.314324e-02,1.545811e+07
2.666667e+01,8.899532e-01,4.744932e-02,4.878592e-02,1.381154e-02,1.590334e+07
2.683333e+01,8.879483e-01,4.811762e-02,4.945422e-02,1.447984e-02,1.622560e+07
2.700000e+01,8.857207e-01,4.945422e-02,4.878592e-02,1.603921e-02,1.652709e+07
2.716667e+01,8.834930e-01,5.034529e-02,4.923145e-02,1.693027e-02,1.681736e+07
2.733333e+01,8.814881e-01,5.145912e-02,4.945422e-02,1.759857e-02,1.693468e+07
2.750000e+01,8.803742e-01,5.056806e-02,5.123636e-02,1.782134e-02,1.699062e+07
2.766667e+01,8.790376e-01,5.034529e-02,5.145912e-02,1.915794e-02,1.704628e+07
2.783333e+01,8.770327e-01,5.056806e-02,5.279572e-02,1.960348e-02,1.719604e+07
2.800000e+01,8.739140e-01,5.212742e-02,5.257296e-02,2.138561e-02,1.718260e+07
2.816667e+01,8.725774e-01,5.235019e-02,5.279572e-02,2.227668e-02,1.724495e+07
2.833333e+01,8.701270e-01,5.279572e-02,5.435509e-02,2.272221e-02,1.706404e+07
2.850000e+01,8.674538e-01,5.435509e-02,5.480062e-02,2.339051e-02,1.681601e+07
2.866667e+01,8.654489e-01,5.546892e-02,5.524616e-02,2.383604e-02,1.664664e+07
2.883333e+01,8.629984e-01,5.680552e-02,5.635999e-02,2.383604e-02,1.651504e+07
2.900000e+01,8.603252e-01,5.769659e-02,5.747382e-02,2.450434e-02,1.642064e+07
2.916667e+01,8.563154e-01,6.036979e-02,5.791936e-02,2.539541e-02,1.648452e+07
2.933333e+01,8.552016e-01,6.059256e-02,5.836489e-02,2.584094e-02,1.652965e+07
2.950000e+01,8.527512e-01,6.148363e-02,5.881043e-02,2.695478e-02,1.655042e+07
2.966667e+01,8.500780e-01,6.259746e-02,5.992426e-02,2.740031e-02,1.661287e+07
2.983333e+01,8.478503e-01,6.282023e-02,6.170639e-02,2.762308e-02,1.660608e+07
3.000000e+01,8.451771e-01,6.482513e-02,6.192916e-02,2.806861e-02,1.661198e+07
3.016667e+01,8.427267e-01,6.460236e-02,6.415683e-02,2.851415e-02,1.668358e+07
3.033333e+01,8.407218e-01,6.504789e-02,6.482513e-02,2.940521e-02,1.679615e+07
3.050000e+01,8.376030e-01,6.616173e-02,6.593896e-02,3.029628e-02,1.696493e+07
3.066667e+01,8.347071e-01,6.794386e-02,6.660726e-02,3.074181e-02,1.704383e+07
3.083333e+01,8.324794e-01,6.928046e-02,6.571620e-02,3.252395e-02,1.703615e+07
3.100000e+01,8.306973e-01,6.972600e-02,6.616173e-02,3.341501e-02,1.705246e+07
3.116667e+01,8.284696e-01,6.950323e-02,6.838940e-02,3.363778e-02,1.680991e+07
3.133333e+01,8.264647e-01,6.905770e-02,7.017153e-02,3.430608e-02,1.649996e+07
3.150000e+01,8.249053e-01,6.905770e-02,7.106260e-02,3.497438e-02,1.626497e+07
3.166667e+01,8.229004e-01,6.994876e-02,7.106260e-02,3.608822e-02,1.600924e+07
3.183333e+01,8.211183e-01,6.950323e-02,7.329027e-02,3.608822e-02,1.572183e+07
3.200000e+01,8.188906e-01,6.972600e-02,7.484963e-02,3.653375e-02,1.536653e+07
3.216667e+01,8.168857e-01,6.994876e-02,7.596347e-02,3.720205e-02,1.513645e+07
3.233333e+01,8.153264e-01,6.950323e-02,7.774560e-02,3.742482e-02,1.498332e+07
3.250000e+01,8.128759e-01,7.061706e-02,7.819113e-02,3.831588e-02,1.487090e+07
3.266667e+01,8.113166e-01,7.061706e-02,7.952773e-02,3.853865e-02,1.491325e+07
3.283333e+01,8.099800e-01,7.017153e-02,8.064157e-02,3.920695e-02,1.502818e+07
3.300000e+01,8.077523e-01,6.994876e-02,8.264647e-02,3.965248e-02,1.522925e+07
3.316667e+01,8.059701e-01,6.972600e-02,8.420584e-02,4.009802e-02,1.544495e+07
3.333333e+01,8.046335e-01,7.017153e-02,8.420584e-02,4.098908e-02,1.574880e+07
3.350000e+01,8.030742e-01,6.950323e-02,8.598797e-02,4.143462e-02,1.613832e+07
3.366667e+01,8.017376e-01,6.950323e-02,8.687904e-02,4.188015e-02,1.650548e+07
3.383333e+01,7.999554e-01,6.905770e-02,8.843840e-02,4.254845e-02,1.694401e+07
3.400000e+01,7.968367e-01,7.083983e-02,8.932947e-02,4.299399e-02,1.748666e+07
3.416667e+01,7.943863e-01,7.128536e-02,9.088884e-02,4.343952e-02,1.808684e+07
3.433333e+01,7.919358e-01,7.173090e-02,9.222544e-02,4.410782e-02,1.879238e+07
3.450000e+01,7.888171e-01,7.239920e-02,9.423034e-02,4.455335e-02,1.960398e+07
3.466667e+01,7.865894e-01,7.239920e-02,9.578971e-02,4.522165e-02,2.046511e+07
3.483333e+01,7.854756e-01,7.128536e-02,9.779461e-02,4.544442e-02,2.140922e+07
3.500000e+01,7.814658e-01,7.373580e-02,9.801738e-02,4.678102e-02,2.241145e+07
3.516667e+01,7.779015e-01,7.462687e-02,1.000223e-01,4.744932e-02,2.352977e+07
3.533333e+01,7.743373e-01,7.685453e-02,1.002450e-01,4.856315e-02,2.458298e+07
3.550000e+01,7.721096e-01,7.663177e-02,1.015816e-01,4.967699e-02,2.585278e+07
3.566667e+01,7.689909e-01,7.752283e-02,1.022499e-01,5.123636e-02,2.709053e+07
3.583333e+01,7.672087e-01,7.640900e-02,1.038093e-01,5.257296e-02,2.829829e+07
3.600000e+01,7.665404e-01,7.551793e-02,1.040321e-01,5.390956e-02,2.940592e+07
3.616667e+01,7.631989e-01,7.730007e-02,1.047004e-01,5.480062e-02,3.047585e+07
3.633333e+01,7.614168e-01,7.640900e-02,1.053687e-01,5.680552e-02,3.148187e+07
3.650000e+01,7.596347e-01,7.484963e-02,1.067053e-01,5.881043e-02,3.251437e+07
3.666667e+01,7.578525e-01,7.329027e-02,1.078191e-01,6.103809e-02,3.339972e+07
3.683333e+01,7.558476e-01,7.217643e-02,1.098240e-01,6.215193e-02,3.409756e+07
3.700000e+01,7.536200e-01,7.061706e-02,1.116061e-01,6.415683e-02,3.469306e+07
3.716667e+01,7.498329e-01,7.262196e-02,1.122744e-01,6.527066e-02,3.537404e+07
3.733333e+01,7.478280e-01,7.284473e-02,1.127200e-01,6.660726e-02,3.602916e+07
3.750000e+01,7.458231e-01,7.217643e-02,1.142793e-01,6.772110e-02,3.674809e+07
3.766667e+01,7.444865e-01,7.239920e-02,1.138338e-01,6.928046e-02,3.751457e+07
3.783333e+01,7.415906e-01,7.351303e-02,1.138338e-01,7.106260e-02,3.832953e+07
3.800000e+01,7.384718e-01,7.484963e-02,1.131655e-01,7.351303e-02,3.915494e+07
3.816667e+01,7.362442e-01,7.551793e-02,1.124972e-01,7.574070e-02,3.994742e+07
3.833333e+01,7.315661e-01,7.796837e-02,1.133883e-01,7.707730e-02,4.067063e+07
3.850000e+01,7.284473e-01,7.841390e-02,1.127200e-01,8.041880e-02,4.124021e+07
3.866667e+01,7.253286e-01,8.019603e-02,1.122744e-01,8.220094e-02,4.187857e+07
3.883333e+01,7.224326e-01,8.175540e-02,1.118289e-01,8.398307e-02,4.222748e+07
3.900000e+01,7.195366e-01,8.175540e-02,1.120517e-01,8.665627e-02,4.257122e+07
3.916667e+01,7.168634e-01,8.197817e-02,1.136110e-01,8.754734e-02,4.291359e+07
3.933333e+01,7.130764e-01,8.242370e-02,1.153932e-01,8.910671e-02,4.309635e+07
3.950000e+01,7.104032e-01,8.376030e-02,1.147249e-01,9.111161e-02,4.345378e+07
3.966667e+01,7.088438e-01,8.286924e-02,1.149476e-01,9.333927e-02,4.388339e+07
3.983333e+01,7.061706e-01,8.353754e-02,1.142793e-01,9.601247e-02,4.422844e+07
4.000000e+01,7.046113e-01,8.353754e-02,1.153932e-01,9.645801e-02,4.450353e+07
4.016667e+01,7.010470e-01,8.465137e-02,1.160615e-01,9.824014e-02,4.459850e+07
4.033333e+01,6.974827e-01,8.732457e-02,1.149476e-01,1.002450e-01,4.493601e+07
4.050000e+01,6.921363e-01,9.022054e-02,1.160615e-01,1.015816e-01,4.525700e+07
4.066667e+01,6.896859e-01,8.910671e-02,1.187347e-01,1.024727e-01,4.548461e+07
4.083333e+01,6.872355e-01,8.955224e-02,1.198485e-01,1.033638e-01,4.586278e+07
4.100000e+01,6.856761e-01,8.821564e-02,1.211851e-01,1.049231e-01,4.643991e+07
4.116667e+01,6.825574e-01,8.777010e-02,1.229673e-01,1.067053e-01,4.722563e+07
4.133333e+01,6.785476e-01,8.977501e-02,1.227445e-01,1.089329e-01,4.803642e+07
4.150000e+01,6.752061e-01,8.977501e-02,1.240811e-01,1.109378e-01,4.885843e+07
4.166667e+01,6.711963e-01,9.133437e-02,1.247494e-01,1.127200e-01,4.968946e+07
4.183333e+01,6.676320e-01,9.289374e-02,1.245266e-01,1.149476e-01,5.054284e+07
4.200000e+01,6.654043e-01,9.289374e-02,1.245266e-01,1.171753e-01,5.141330e+07
4.216667e+01,6.600579e-01,9.556694e-02,1.251949e-01,1.191802e-01,5.224333e+07
4.233333e+01,6.576075e-01,9.601247e-02,1.251949e-01,1.211851e-01,5.305529e+07
4.250000e+01,6.538204e-01,9.734908e-02,1.247494e-01,1.240811e-01,5.379881e+07
4.266667e+01,6.504789e-01,9.957674e-02,1.231900e-01,1.267543e-01,5.449132e+07
4.283333e+01,6.471374e-01,1.004678e-01,1.243039e-01,1.280909e-01,5.503572e+07
4.300000e+01,6.422366e-01,1.031410e-01,1.249722e-01,1.296503e-01,5.537196e+07
4.316667e+01,6.377812e-01,1.047004e-01,1.260860e-01,1.314324e-01,5.582197e+07
4.333333e+01,6.353308e-01,1.044776e-01,1.269771e-01,1.332145e-01,5.639497e+07
4.350000e+01,6.326576e-01,1.042548e-01,1.283137e-01,1.347739e-01,5.693189e+07
4.366667e+01,6.277567e-01,1.067053e-01,1.271998e-01,1.383382e-01,5.746538e+07
4.383333e+01,6.233014e-01,1.080419e-01,1.271998e-01,1.414569e-01,5.801261e+07
4.400000e+01,6.195144e-01,1.084874e-01,1.278681e-01,1.441301e-01,5.822004e+07
4.416667e+01,6.163956e-01,1.084874e-01,1.298730e-01,1.452439e-01,5.822725e+07
4.433333e+01,6.126086e-01,1.089329e-01,1.321007e-01,1.463578e-01,5.806830e+07
4.450000e+01,6.077077e-01,1.109378e-01,1.323235e-01,1.490310e-01,5.801048e+07
4.466667e+01,6.041435e-01,1.120517e-01,1.327690e-01,1.510359e-01,5.815782e+07
4.483333e+01,6.008020e-01,1.116061e-01,1.345511e-01,1.530408e-01,5.808870e+07
4.500000e+01,5.981288e-01,1.113834e-01,1.347739e-01,1.557140e-01,5.801104e+07
4.516667e+01,5.954556e-01,1.102695e-01,1.361105e-01,1.581644e-01,5.792305e+07
4.533333e+01,5.918913e-01,1.111606e-01,1.374471e-01,1.595010e-01,5.769695e+07
4.550000e+01,5.887726e-01,1.116061e-01,1.376699e-01,1.619514e-01,5.751766e+07
4.566667e+01,5.852083e-01,1.131655e-01,1.365560e-01,1.650702e-01,5.749659e+07
4.583333e+01,5.827579e-01,1.124972e-01,1.372243e-01,1.675206e-01,5.738514e+07
4.600000e+01,5.787481e-01,1.138338e-01,1.383382e-01,1.690800e-01,5.705024e+07
4.616667e+01,5.747382e-01,1.138338e-01,1.392292e-01,1.721987e-01,5.666764e+07
4.633333e+01,5.709512e-01,1.145021e-01,1.412341e-01,1.733125e-01,5.643376e+07
4.650000e+01,5.678325e-01,1.160615e-01,1.396748e-01,1.764313e-01,5.603917e+07
4.666667e+01,5.651593e-01,1.149476e-01,1.416797e-01,1.782134e-01,5.586336e+07
4.683333e+01,5.627088e-01,1.142793e-01,1.434618e-01,1.795500e-01,5.557157e+07
4.700000e+01,5.595901e-01,1.149476e-01,1.439073e-01,1.815549e-01,5.541298e+07
4.716667e+01,5.573624e-01,1.127200e-01,1.443529e-01,1.855647e-01,5.539535e+07
4.733333e+01,5.524616e-01,1.133883e-01,1.461350e-01,1.880151e-01,5.541388e+07
4.750000e+01,5.484518e-01,1.158387e-01,1.472488e-01,1.884607e-01,5.526630e+07
4.766667e+01,5.439964e-01,1.171753e-01,1.483627e-01,1.904656e-01,5.512277e+07
4.783333e+01,5.411005e-01,1.176209e-01,1.490310e-01,1.922477e-01,5.531486e+07
4.800000e+01,5.366451e-01,1.187347e-01,1.501448e-01,1.944754e-01,5.550295e+07
4.816667e+01,5.317443e-01,1.200713e-01,1.517042e-01,1.964803e-01,5.580621e+07
4.833333e+01,5.277345e-01,1.216307e-01,1.525952e-01,1.980397e-01,5.615691e+07
4.850000e+01,5.239474e-01,1.236356e-01,1.514814e-01,2.009356e-01,5.659448e+07
4.866667e+01,5.226108e-01,1.225217e-01,1.510359e-01,2.038316e-01,5.715348e+07
4.883333e+01,5.183783e-01,1.222990e-01,1.532635e-01,2.060593e-01,5.753996e+07
4.900000e+01,5.168189e-01,1.202941e-01,1.550457e-01,2.078414e-01,5.773571e+07
4.916667e+01,5.123636e-01,1.222990e-01,1.543774e-01,2.109601e-01,5.792383e+07
4.933333e+01,5.094676e-01,1.220762e-01,1.539318e-01,2.145244e-01,5.815397e+07
4.950000e+01,5.056806e-01,1.218534e-01,1.563823e-01,2.160838e-01,5.816285e+07
4.966667e+01,5.016708e-01,1.218534e-01,1.583872e-01,2.180887e-01,5.794259e+07
4.983333e+01,4.985520e-01,1.220762e-01,1.592782e-01,2.200936e-01,5.785492e+07
5.000000e+01,4.943194e-01,1.238583e-01,1.599465e-01,2.218757e-01,5.777230e+07
5.016667e+01,4.891958e-01,1.254177e-01,1.612831e-01,2.241034e-01,5.777425e+07
5.033333e+01,4.849632e-01,1.263088e-01,1.619514e-01,2.267766e-01,5.784228e+07
5.050000e+01,4.800624e-01,1.276454e-01,1.635108e-01,2.287815e-01,5.793323e+07
5.066667e+01,4.756070e-01,1.271998e-01,1.664068e-01,2.307864e-01,5.795955e+07
5.083333e+01,4.729338e-01,1.260860e-01,1.695255e-01,2.314547e-01,5.805360e+07
5.100000e+01,4.687013e-01,1.260860e-01,1.719759e-01,2.332368e-01,5.831141e+07
5.116667e+01,4.651370e-01,1.276454e-01,1.724215e-01,2.347962e-01,5.896666e+07
5.133333e+01,4.617955e-01,1.263088e-01,1.750947e-01,2.368011e-01,5.971766e+07
5.150000e+01,4.577857e-01,1.265315e-01,1.766540e-01,2.390287e-01,6.052846e+07
5.166667e+01,4.544442e-01,1.263088e-01,1.764313e-01,2.428158e-01,6.148887e+07
5.183333e+01,4.502116e-01,1.285364e-01,1.773223e-01,2.439296e-01,6.245218e+07
5.200000e+01,4.479840e-01,1.265315e-01,1.786589e-01,2.468256e-01,6.313987e+07
5.216667e+01,4.446425e-01,1.258632e-01,1.811094e-01,2.483849e-01,6.403981e+07
5.233333e+01,4.408554e-01,1.251949e-01,1.826687e-01,2.512809e-01,6.488369e+07
5.250000e+01,4.361773e-01,1.276454e-01,1.822232e-01,2.539541e-01,6.590439e+07
5.266667e+01,4.319448e-01,1.296503e-01,1.815549e-01,2.568501e-01,6.677744e+07
5.283333e+01,4.286033e-01,1.296503e-01,1.822232e-01,2.595233e-01,6.756013e+07
5.300000e+01,4.254845e-01,1.303186e-01,1.833370e-01,2.608599e-01,6.835191e+07
5.316667e+01,4.219202e-01,1.314324e-01,1.817777e-01,2.648697e-01,6.917233e+07
5.333333e+01,4.190243e-01,1.298730e-01,1.813321e-01,2.697706e-01,7.027626e+07
5.350000e+01,4.143462e-01,1.312096e-01,1.835598e-01,2.708844e-01,7.104043e+07
5.366667e+01,4.103364e-01,1.318779e-01,1.842281e-01,2.735576e-01,7.132945e+07
5.383333e+01,4.052127e-01,1.334373e-01,1.853419e-01,2.760080e-01,7.194617e+07
5.400000e+01,3.998663e-01,1.341056e-01,1.877924e-01,2.782357e-01,7.252117e+07
5.416667e+01,3.960793e-01,1.329918e-01,1.886834e-01,2.822455e-01,7.324706e+07
5.433333e+01,3.934061e-01,1.336601e-01,1.866785e-01,2.862553e-01,7.407910e+07
5.450000e+01,3.898418e-01,1.345511e-01,1.860102e-01,2.895968e-01,7.477067e+07
5.466667e+01,3.836044e-01,1.383382e-01,1.844509e-01,2.936066e-01,7.521839e+07
5.483333e+01,3.802629e-01,1.372243e-01,1.871241e-01,2.953887e-01,7.562404e+07
5.500000e+01,3.762531e-01,1.381154e-01,1.869013e-01,2.987302e-01,7.595488e+07
5.516667e+01,3.722433e-01,1.383382e-01,1.866785e-01,3.027400e-01,7.654946e+07
5.533333e+01,3.673424e-01,1.398975e-01,1.869013e-01,3.058588e-01,7.713297e+07
5.550000e+01,3.611049e-01,1.439073e-01,1.860102e-01,3.089775e-01,7.748418e+07
5.566667e+01,3.557585e-01,1.454667e-01,1.869013e-01,3.118735e-01,7.792320e+07
5.583333e+01,3.517487e-01,1.470261e-01,1.869013e-01,3.143239e-01,7.834440e+07
5.600000e+01,3.455112e-01,1.492537e-01,1.869013e-01,3.183337e-01,7.883132e+07
5.616667e+01,3.419470e-01,1.488082e-01,1.880151e-01,3.212297e-01,7.946390e+07
5.633333e+01,3.368233e-01,1.501448e-01,1.875696e-01,3.254622e-01,8.007866e+07
5.650000e+01,3.316997e-01,1.508131e-01,1.895745e-01,3.279127e-01,8.078974e+07
5.666667e+01,3.259078e-01,1.534863e-01,1.897973e-01,3.308086e-01,8.133741e+07
5.683333e+01,3.225663e-01,1.528180e-01,1.900200e-01,3.345957e-01,8.212847e+07
5.700000e+01,3.196703e-01,1.519269e-01,1.900200e-01,3.383827e-01,8.303827e+07
5.716667e+01,3.147694e-01,1.525952e-01,1.911339e-01,3.415014e-01,8.379399e+07
5.733333e+01,3.085320e-01,1.550457e-01,1.922477e-01,3.441746e-01,8.447097e+07
5.750000e+01,3.031856e-01,1.561595e-01,1.929160e-01,3.477389e-01,8.522485e+07
5.766667e+01,3.000668e-01,1.546001e-01,1.951437e-01,3.501894e-01,8.611172e+07
5.783333e+01,2.947204e-01,1.566050e-01,1.942526e-01,3.544219e-01,8.685591e+07
5.800000e+01,2.887057e-01,1.583872e-01,1.942526e-01,3.586545e-01,8.788418e+07
5.816667e+01,2.831366e-01,1.597238e-01,1.955892e-01,3.615505e-01,8.862426e+07
5.833333e+01,2.795723e-01,1.583872e-01,1.964803e-01,3.655603e-01,8.920738e+07
5.850000e+01,2.728893e-01,1.601693e-01,1.967031e-01,3.702384e-01,8.974593e+07
5.866667e+01,2.691022e-01,1.592782e-01,1.989307e-01,3.726888e-01,9.010076e+07
5.883333e+01,2.635331e-01,1.612831e-01,1.969258e-01,3.782580e-01,9.014364e+07
5.900000e+01,2.570728e-01,1.635108e-01,1.987080e-01,3.807084e-01,9.032857e+07
5.916667e+01,2.517264e-01,1.648474e-01,1.982624e-01,3.851637e-01,9.013181e+07
5.933333e+01,2.461573e-01,1.659612e-01,2.004901e-01,3.873914e-01,9.001652e+07
5.950000e+01,2.414792e-01,1.657385e-01,2.016039e-01,3.911784e-01,8.970810e+07
5.966667e+01,2.361328e-01,1.655157e-01,2.038316e-01,3.945199e-01,8.967634e+07
5.983333e+01,2.314547e-01,1.650702e-01,2.065048e-01,3.969704e-01,8.963978e+07
6.000000e+01,2.267766e-01,1.670751e-01,2.058365e-01,4.003119e-01,8.970223e+07
6.016667e+01,2.223212e-01,1.666295e-01,2.058365e-01,4.052127e-01,8.992878e+07
6.033333e+01,2.169748e-01,1.672978e-01,2.082869e-01,4.074404e-01,9.005446e+07
6.050000e+01,2.136333e-01,1.664068e-01,2.098463e-01,4.101136e-01,8.987751e+07
6.066667e+01,2.094008e-01,1.637336e-01,2.143016e-01,4.125640e-01,8.991485e+07
6.083333e+01,2.056137e-01,1.630653e-01,2.158610e-01,4.154600e-01,9.001186e+07
6.100000e+01,2.000446e-01,1.652929e-01,2.167521e-01,4.179104e-01,9.030529e+07
6.116667e+01,1.973714e-01,1.630653e-01,2.185342e-01,4.210292e-01,9.067515e+07
6.133333e+01,1.938071e-01,1.610604e-01,2.214302e-01,4.237024e-01,9.116504e+07
6.150000e+01,1.904656e-01,1.595010e-01,2.238806e-01,4.261528e-01,9.168672e+07
6.166667e+01,1.826687e-01,1.626197e-01,2.258855e-01,4.288260e-01,9.236631e+07
6.183333e+01,1.784362e-01,1.628425e-01,2.254400e-01,4.332814e-01,9.320610e+07
6.200000e+01,1.748719e-01,1.628425e-01,2.247717e-01,4.375139e-01,9.402268e+07
6.216667e+01,1.715304e-01,1.603921e-01,2.265538e-01,4.415237e-01,9.456794e+07
6.233333e+01,1.690800e-01,1.572733e-01,2.278904e-01,4.457563e-01,9.488443e+07
6.250000e+01,1.657385e-01,1.568278e-01,2.276676e-01,4.497661e-01,9.510421e+07
6.266667e+01,1.626197e-01,1.546001e-01,2.298953e-01,4.528848e-01,9.513234e+07
6.283333e+01,1.590555e-01,1.548229e-01,2.301181e-01,4.560036e-01,9.516575e+07
6.300000e+01,1.541546e-01,1.557140e-01,2.305636e-01,4.595678e-01,9.529806e+07
6.316667e+01,1.512586e-01,1.548229e-01,2.316774e-01,4.622410e-01,9.553503e+07
6.333333e+01,1.463578e-01,1.546001e-01,2.343506e-01,4.646915e-01,9.566428e+07
6.350000e+01,1.445756e-01,1.510359e-01,2.350189e-01,4.693696e-01,9.589055e+07
6.366667e+01,1.425707e-01,1.474716e-01,2.356872e-01,4.742704e-01,9.645695e+07
6.383333e+01,1.401203e-01,1.452439e-01,2.388060e-01,4.758298e-01,9.680636e+07
6.400000e+01,1.365560e-01,1.452439e-01,2.368011e-01,4.813990e-01,9.711560e+07
6.416667e+01,1.338828e-01,1.419024e-01,2.396970e-01,4.845177e-01,9.773648e+07
6.433333e+01,1.318779e-01,1.403431e-01,2.403653e-01,4.874137e-01,9.802647e+07
6.450000e+01,1.292047e-01,1.401203e-01,2.401426e-01,4.905324e-01,9.836960e+07
6.466667e+01,1.249722e-01,1.387837e-01,2.412564e-01,4.949877e-01,9.881640e+07
6.483333e+01,1.225217e-01,1.372243e-01,2.419247e-01,4.983292e-01,9.935512e+07
6.500000e+01,1.196258e-01,1.354422e-01,2.405881e-01,5.043440e-01,9.979025e+07
6.516667e+01,1.169526e-01,1.356650e-01,2.388060e-01,5.085765e-01,1.002494e+08
6.533333e+01,1.142793e-01,1.352194e-01,2.388060e-01,5.116953e-01,1.001875e+08
6.550000e+01,1.133883e-01,1.345511e-01,2.374694e-01,5.145912e-01,1.000432e+08
6.566667e+01,1.120517e-01,1.316552e-01,2.379149e-01,5.183783e-01,1.000750e+08
6.583333e+01,1.091557e-01,1.307641e-01,2.383604e-01,5.217198e-01,1.002965e+08
6.600000e+01,1.073736e-01,1.287592e-01,2.385832e-01,5.252840e-01,1.005664e+08
6.616667e+01,1.035865e-01,1.280909e-01,2.399198e-01,5.284028e-01,1.008614e+08
6.633333e+01,1.006906e-01,1.289820e-01,2.376921e-01,5.326353e-01,1.012588e+08
6.650000e+01,9.779461e-02,1.292047e-01,2.361328e-01,5.368679e-01,1.018409e+08
6.666667e+01,9.489864e-02,1.280909e-01,2.363555e-01,5.406549e-01,1.023507e+08
6.683333e+01,9.177991e-02,1.269771e-01,2.383604e-01,5.428826e-01,1.028430e+08
6.700000e+01,8.932947e-02,1.256405e-01,2.381377e-01,5.468924e-01,1.033095e+08
6.716667e+01,8.621074e-02,1.240811e-01,2.392515e-01,5.504567e-01,1.042114e+08
6.733333e+01,8.465137e-02,1.222990e-01,2.381377e-01,5.549120e-01,1.053476e+08
6.750000e+01,8.242370e-02,1.205168e-01,2.374694e-01,5.595901e-01,1.067257e+08
6.766667e+01,8.019603e-02,1.194030e-01,2.365783e-01,5.638227e-01,1.079647e+08
6.783333e+01,7.841390e-02,1.187347e-01,2.347962e-01,5.680552e-01,1.090910e+08
6.800000e+01,7.618623e-02,1.169526e-01,2.334596e-01,5.734016e-01,1.101834e+08
6.816667e+01,7.618623e-02,1.140566e-01,2.314547e-01,5.783025e-01,1.112376e+08
6.833333e+01,7.529517e-02,1.129427e-01,2.298953e-01,5.818668e-01,1.119241e+08
6.850000e+01,7.329027e-02,1.109378e-01,2.314547e-01,5.843172e-01,1.124500e+08
6.866667e+01,7.173090e-02,1.096012e-01,2.278904e-01,5.907775e-01,1.131263e+08
6.883333e+01,7.017153e-02,1.080419e-01,2.267766e-01,5.950100e-01,1.141600e+08
6.900000e+01,6.816663e-02,1.069280e-01,2.254400e-01,5.994654e-01,1.148915e+08
6.916667e+01,6.727556e-02,1.040321e-01,2.232123e-01,6.054801e-01,1.157319e+08
6.933333e+01,6.415683e-02,1.053687e-01,2.196480e-01,6.108265e-01,1.165526e+08
6.950000e+01,6.148363e-02,1.049231e-01,2.178659e-01,6.157273e-01,1.171508e+08
6.966667e+01,6.059256e-02,1.020272e-01,2.192025e-01,6.181778e-01,1.176187e+08
6.983333e+01,5.881043e-02,1.006906e-01,2.171976e-01,6.233014e-01,1.180989e+08
7.000000e+01,5.658276e-02,1.002450e-01,2.156382e-01,6.275340e-01,1.189750e+08
7.016667e+01,5.569169e-02,9.645801e-02,2.163065e-01,6.315438e-01,1.198016e+08
7.033333e+01,5.502339e-02,9.489864e-02,2.145244e-01,6.355536e-01,1.207569e+08
7.050000e+01,5.301849e-02,9.489864e-02,2.118512e-01,6.402317e-01,1.219688e+08
7.066667e+01,5.168189e-02,9.378481e-02,2.087325e-01,6.458008e-01,1.233110e+08
7.083333e+01,4.923145e-02,9.289374e-02,2.078414e-01,6.500334e-01,1.244820e+08
7.100000e+01,4.767209e-02,9.133437e-02,2.058365e-01,6.551571e-01,1.253580e+08
7.116667e+01,4.611272e-02,8.977501e-02,2.036088e-01,6.605035e-01,1.263223e+08
7.133333e+01,4.433059e-02,8.999777e-02,2.002673e-01,6.654043e-01,1.272923e+08
7.150000e+01,4.410782e-02,8.843840e-02,1.967031e-01,6.707507e-01,1.280421e+08
7.166667e+01,4.299399e-02,8.843840e-02,1.931388e-01,6.754288e-01,1.287362e+08
7.183333e+01,4.165738e-02,8.621074e-02,1.933616e-01,6.787703e-01,1.293253e+08
7.200000e+01,4.098908e-02,8.487414e-02,1.920249e-01,6.821118e-01,1.298626e+08
7.216667e+01,3.965248e-02,8.309200e-02,1.882379e-01,6.890176e-01,1.306035e+08
7.233333e+01,3.876142e-02,8.153264e-02,1.851192e-01,6.945868e-01,1.314701e+08
7.250000e+01,3.809312e-02,8.064157e-02,1.811094e-01,7.001559e-01,1.319922e+08
7.266667e+01,3.720205e-02,8.019603e-02,1.795500e-01,7.030519e-01,1.323487e+08
7.283333e+01,3.586545e-02,7.885943e-02,1.762085e-01,7.090666e-01,1.324142e+08
7.300000e+01,3.497438e-02,7.752283e-02,1.730898e-01,7.144130e-01,1.326767e+08
7.316667e+01,3.252395e-02,7.841390e-02,1.706393e-01,7.184228e-01,1.325987e+08
7.333333e+01,3.118735e-02,7.819113e-02,1.677434e-01,7.228781e-01,1.322153e+08
7.350000e+01,3.051905e-02,7.685453e-02,1.644019e-01,7.282245e-01,1.320044e+08
7.366667e+01,2.962798e-02,7.640900e-02,1.612831e-01,7.326799e-01,1.317691e+08
7.383333e+01,2.740031e-02,7.618623e-02,1.577189e-01,7.386946e-01,1.312439e+08
7.400000e+01,2.717755e-02,7.351303e-02,1.554912e-01,7.438182e-01,1.307865e+08
7.416667e+01,2.673201e-02,7.061706e-02,1.534863e-01,7.491646e-01,1.300260e+08
7.433333e+01,2.539541e-02,6.972600e-02,1.523725e-01,7.525061e-01,1.290650e+08
7.450000e+01,2.428158e-02,7.017153e-02,1.481399e-01,7.574070e-01,1.278291e+08
7.466667e+01,2.339051e-02,6.794386e-02,1.468033e-01,7.618623e-01,1.267606e+08
7.483333e+01,2.227668e-02,6.749833e-02,1.443529e-01,7.658721e-01,1.255370e+08
7.500000e+01,2.183114e-02,6.727556e-02,1.419024e-01,7.689909e-01,1.241860e+08
7.516667e+01,2.138561e-02,6.437959e-02,1.419024e-01,7.723324e-01,1.228249e+08
7.533333e+01,2.027178e-02,6.326576e-02,1.407886e-01,7.756739e-01,1.215331e+08
7.550000e+01,2.004901e-02,6.192916e-02,1.392292e-01,7.787926e-01,1.205519e+08
7.566667e+01,1.848964e-02,6.215193e-02,1.354422e-01,7.839162e-01,1.195742e+08
7.583333e+01,1.782134e-02,6.170639e-02,1.323235e-01,7.881488e-01,1.186357e+08
7.600000e+01,1.737581e-02,6.126086e-02,1.292047e-01,7.921586e-01,1.173920e+08
7.616667e+01,1.603921e-02,6.014703e-02,1.269771e-01,7.968367e-01,1.159821e+08
7.633333e+01,1.470261e-02,5.947873e-02,1.251949e-01,8.006237e-01,1.146045e+08
7.650000e+01,1.381154e-02,5.947873e-02,1.231900e-01,8.035197e-01,1.129085e+08
7.666667e+01,1.358877e-02,5.836489e-02,1.194030e-01,8.086434e-01,1.111521e+08
7.683333e+01,1.314324e-02,5.635999e-02,1.165070e-01,8.139898e-01,1.094868e+08
7.700000e+01,1.158387e-02,5.680552e-02,1.147249e-01,8.168857e-01,1.074639e+08
7.716667e+01,1.069280e-02,5.613722e-02,1.129427e-01,8.202272e-01,1.052025e+08
7.733333e+01,9.801738e-03,5.480062e-02,1.120517e-01,8.233460e-01,1.030235e+08
7.750000e+01,9.356204e-03,5.368679e-02,1.111606e-01,8.257964e-01,1.009434e+08
7.766667e+01,8.242370e-03,5.368679e-02,1.104923e-01,8.275785e-01,9.888666e+07
7.783333e+01,6.683003e-03,5.301849e-02,1.098240e-01,8.304745e-01,9.708127e+07
7.800000e+01,6.014703e-03,5.279572e-02,1.067053e-01,8.344843e-01,9.555335e+07
7.816667e+01,5.346402e-03,5.123636e-02,1.067053e-01,8.367120e-01,9.415374e+07
7.833333e+01,4.678102e-03,5.056806e-02,1.047004e-01,8.400535e-01,9.253363e+07
7.850000e+01,3.787035e-03,5.056806e-02,1.038093e-01,8.418356e-01,9.110009e+07
7.866667e+01,3.118735e-03,4.989975e-02,1.020272e-01,8.449543e-01,8.966695e+07
7.883333e+01,2.450434e-03,4.856315e-02,1.022499e-01,8.467365e-01,8.844559e+07
7.900000e+01,2.227668e-03,4.700379e-02,1.009133e-01,8.498552e-01,8.712782e+07
7.916667e+01,1.559367e-03,4.633549e-02,9.935398e-02,8.527512e-01,8.620523e+07
7.933333e+01,1.113834e-03,4.611272e-02,9.668078e-02,8.560927e-01,8.517955e+07
7.950000e+01,8.910671e-04,4.522165e-02,9.512141e-02,8.587659e-01,8.420261e+07
7.966667e+01,8.910671e-04,4.410782e-02,9.445311e-02,8.605480e-01,8.314008e+07
7.983333e+01,6.683003e-04,4.165738e-02,9.512141e-02,8.625529e-01,8.204330e+07
