Time,U,I1,I2,D,Ve
0.000000e+00,9.997772e-01,2.227668e-04,0.000000e+00,0.000000e+00,0.000000e+00
1.666667e-01,9.997772e-01,2.227668e-04,0.000000e+00,0.000000e+00,0.000000e+00
3.333333e-01,9.997772e-01,2.227668e-04,0.000000e+00,0.000000e+00,0.000000e+00
5.000000e-01,9.997772e-01,2.227668e-04,0.000000e+00,0.000000e+00,0.000000e+00
6.666667e-01,9.997772e-01,2.227668e-04,0.000000e+00,0.000000e+00,0.000000e+00
8.333333e-01,9.997772e-01,2.227668e-04,0.000000e+00,0.000000e+00,0.000000e+00
1.000000e+00,9.997772e-01,2.227668e-04,0.000000e+00,0.000000e+00,0.000000e+00
1.166667e+00,9.997772e-01,2.227668e-04,0.000000e+00,0.000000e+00,0.000000e+00
1.333333e+00,9.997772e-01,2.227668e-04,0.000000e+00,0.000000e+00,0.000000e+00
1.500000e+00,9.997772e-01,0.000000e+00,2.227668e-04,0.000000e+00,0.000000e+00
1.666667e+00,9.997772e-01,0.000000e+00,2.227668e-04,0.000000e+00,0.000000e+00
1.833333e+00,9.997772e-01,0.000000e+00,2.227668e-04,0.000000e+00,2.112922e-02
2.000000e+00,9.997772e-01,0.000000e+00,2.227668e-04,0.000000e+00,4.570620e-02
2.166667e+00,9.997772e-01,0.000000e+00,2.227668e-04,0.000000e+00,7.475391e-02
2.333333e+00,9.997772e-01,0.000000e+00,2.227668e-04,0.000000e+00,1.095373e-01
2.500000e+00,9.997772e-01,0.000000e+00,2.227668e-04,0.000000e+00,1.516253e-01
2.666667e+00,9.997772e-01,0.000000e+00,2.227668e-04,0.000000e+00,2.029677e-01
2.833333e+00,9.997772e-01,0.000000e+00,2.227668e-04,0.000000e+00,2.659916e-01
3.000000e+00,9.997772e-01,0.000000e+00,2.227668e-04,0.000000e+00,3.437218e-01
3.166667e+00,9.997772e-01,0.000000e+00,2.227668e-04,0.000000e+00,4.399314e-01
3.333333e+00,9.997772e-01,0.000000e+00,2.227668e-04,0.000000e+00,5.593292e-01
3.500000e+00,9.997772e-01,0.000000e+00,2.227668e-04,0.000000e+00,7.077952e-01
3.666667e+00,9.997772e-01,0.000000e+00,2.227668e-04,0.000000e+00,8.926740e-01
3.833333e+00,9.997772e-01,0.000000e+00,2.227668e-04,0.000000e+00,1.123142e+00
4.000000e+00,9.997772e-01,0.000000e+00,2.227668e-04,0.000000e+00,1.410666e+00
4.166667e+00,9.997772e-01,0.000000e+00,2.227668e-04,0.000000e+00,1.769578e+00
4.333333e+00,9.997772e-01,0.000000e+00,2.227668e-04,0.000000e+00,2.217791e+00
4.500000e+00,9.997772e-01,0.000000e+00,2.227668e-04,0.000000e+00,2.777695e+00
4.666667e+00,9.997772e-01,0.000000e+00,2.227668e-04,0.000000e+00,3.477280e+00
4.833333e+00,9.997772e-01,0.000000e+00,2.227668e-04,0.000000e+00,4.351538e+00
5.000000e+00,9.997772e-01,0.000000e+00,2.227668e-04,0.000000e+00,5.444211e+00
5.166667e+00,9.997772e-01,0.000000e+00,2.227668e-04,0.000000e+00,6.809981e+00
5.333333e+00,9.997772e-01,0.000000e+00,2.227668e-04,0.000000e+00,8.517216e+00
5.500000e+00,9.997772e-01,0.000000e+00,2.227668e-04,0.000000e+00,1.065138e+01
5.666667e+00,9.997772e-01,0.000000e+00,2.227668e-04,0.000000e+00,1.331932e+01
5.833333e+00,9.997772e-01,0.000000e+00,2.227668e-04,0.000000e+00,1.665461e+01
6.000000e+00,9.997772e-01,0.000000e+00,2.227668e-04,0.000000e+00,2.082424e+01
6.166667e+00,9.997772e-01,0.000000e+00,2.227668e-04,0.000000e+00,2.603696e+01
6.333333e+00,9.997772e-01,0.000000e+00,2.227668e-04,0.000000e+00,3.255374e+01
6.500000e+00,9.997772e-01,0.000000e+00,2.227668e-04,0.000000e+00,4.070080e+01
6.666667e+00,9.997772e-01,0.000000e+00,2.227668e-04,0.000000e+00,5.088593e+01
6.833333e+00,9.997772e-01,0.000000e+00,2.227668e-04,0.000000e+00,6.361884e+01
7.000000e+00,9.995545e-01,2.227668e-04,2.227668e-04,0.000000e+00,7.953664e+01
7.166667e+00,9.995545e-01,2.227668e-04,2.227668e-04,0.000000e+00,9.943560e+01
7.333333e+00,9.995545e-01,2.227668e-04,2.227668e-04,0.000000e+00,1.243108e+02
7.500000e+00,9.995545e-01,2.227668e-04,2.227668e-04,0.000000e+00,1.554058e+02
7.666667e+00,9.993317e-01,4.455335e-04,2.227668e-04,0.000000e+00,1.942741e+02
7.833333e+00,9.988862e-01,8.910671e-04,2.227668e-04,0.000000e+00,2.428565e+02
8.000000e+00,9.979951e-01,1.782134e-03,2.227668e-04,0.000000e+00,3.035771e+02
8.166667e+00,9.977723e-01,2.004901e-03,2.227668e-04,0.000000e+00,3.794625e+02
8.333333e+00,9.975496e-01,2.004901e-03,4.455335e-04,0.000000e+00,4.742906e+02
8.500000e+00,9.975496e-01,2.004901e-03,4.455335e-04,0.000000e+00,5.927755e+02
8.666667e+00,9.971040e-01,2.450434e-03,4.455335e-04,0.000000e+00,7.408129e+02
8.833333e+00,9.971040e-01,2.227668e-03,6.683003e-04,0.000000e+00,9.257154e+02
9.000000e+00,9.968813e-01,2.450434e-03,6.683003e-04,0.000000e+00,1.156608e+03
9.166667e+00,9.968813e-01,2.450434e-03,6.683003e-04,0.000000e+00,1.444855e+03
9.333333e+00,9.966585e-01,2.673201e-03,6.683003e-04,0.000000e+00,1.804555e+03
9.500000e+00,9.966585e-01,2.673201e-03,6.683003e-04,0.000000e+00,2.253209e+03
9.666667e+00,9.964357e-01,2.895968e-03,6.683003e-04,0.000000e+00,2.812492e+03
9.833333e+00,9.953219e-01,4.009802e-03,6.683003e-04,0.000000e+00,3.509179e+03
1.000000e+01,9.944308e-01,4.900869e-03,6.683003e-04,0.000000e+00,4.376246e+03
1.016667e+01,9.942081e-01,4.900869e-03,8.910671e-04,0.000000e+00,5.454154e+03
1.033333e+01,9.935398e-01,5.123636e-03,1.336601e-03,0.000000e+00,6.792317e+03
1.050000e+01,9.930942e-01,5.346402e-03,1.559367e-03,0.000000e+00,8.450731e+03
1.066667e+01,9.922032e-01,6.014703e-03,1.782134e-03,0.000000e+00,1.050177e+04
1.083333e+01,9.913121e-01,6.683003e-03,2.004901e-03,0.000000e+00,1.303169e+04
1.100000e+01,9.904210e-01,7.574070e-03,2.004901e-03,0.000000e+00,1.614238e+04
1.116667e+01,9.895300e-01,8.019603e-03,2.450434e-03,0.000000e+00,1.995238e+04
1.133333e+01,9.884161e-01,9.133437e-03,2.450434e-03,0.000000e+00,2.459689e+04
1.150000e+01,9.877478e-01,9.801738e-03,2.450434e-03,0.000000e+00,3.022673e+04
1.166667e+01,9.873023e-01,9.801738e-03,2.895968e-03,0.000000e+00,3.700491e+04
1.183333e+01,9.873023e-01,9.801738e-03,2.895968e-03,0.000000e+00,4.510072e+04
1.200000e+01,9.859657e-01,1.024727e-02,3.787035e-03,0.000000e+00,5.468040e+04
1.216667e+01,9.855202e-01,9.801738e-03,4.678102e-03,0.000000e+00,6.589436e+04
1.233333e+01,9.850746e-01,1.024727e-02,4.678102e-03,0.000000e+00,7.886283e+04
1.250000e+01,9.848519e-01,1.002450e-02,5.123636e-03,0.000000e+00,9.365590e+04
1.266667e+01,9.839608e-01,1.069280e-02,5.346402e-03,0.000000e+00,1.102793e+05
1.283333e+01,9.832925e-01,1.136110e-02,5.346402e-03,0.000000e+00,1.286612e+05
1.300000e+01,9.826242e-01,1.136110e-02,6.014703e-03,0.000000e+00,1.486452e+05
1.316667e+01,9.817331e-01,1.202941e-02,6.237469e-03,0.000000e+00,1.699929e+05
1.333333e+01,9.801738e-01,1.314324e-02,6.683003e-03,0.000000e+00,1.923969e+05
1.350000e+01,9.792827e-01,1.381154e-02,6.905770e-03,0.000000e+00,2.154942e+05
1.366667e+01,9.786144e-01,1.403431e-02,7.351303e-03,0.000000e+00,2.388959e+05
1.383333e+01,9.777233e-01,1.425707e-02,8.019603e-03,0.000000e+00,2.622093e+05
1.400000e+01,9.768323e-01,1.514814e-02,8.019603e-03,0.000000e+00,2.850613e+05
1.416667e+01,9.759412e-01,1.603921e-02,8.019603e-03,0.000000e+00,3.071157e+05
1.433333e+01,9.750501e-01,1.693027e-02,8.019603e-03,0.000000e+00,3.280853e+05
1.450000e+01,9.741591e-01,1.759857e-02,8.019603e-03,2.227668e-04,3.477389e+05
1.466667e+01,9.723769e-01,1.848964e-02,8.910671e-03,2.227668e-04,3.659021e+05
1.483333e+01,9.712631e-01,1.960348e-02,8.910671e-03,2.227668e-04,3.342168e+05
1.500000e+01,9.710403e-01,1.938071e-02,9.356204e-03,2.227668e-04,3.053358e+05
1.516667e+01,9.701493e-01,2.004901e-02,9.578971e-03,2.227668e-04,2.790249e+05
1.533333e+01,9.694810e-01,2.027178e-02,1.002450e-02,2.227668e-04,2.550880e+05
1.550000e+01,9.681444e-01,2.160838e-02,1.002450e-02,2.227668e-04,2.333253e+05
1.566667e+01,9.672533e-01,2.205391e-02,1.047004e-02,2.227668e-04,2.136223e+05
1.583333e+01,9.668078e-01,2.160838e-02,1.136110e-02,2.227668e-04,1.957883e+05
1.600000e+01,9.668078e-01,2.049454e-02,1.247494e-02,2.227668e-04,1.796990e+05
1.616667e+01,9.650256e-01,2.160838e-02,1.314324e-02,2.227668e-04,1.653525e+05
1.633333e+01,9.641346e-01,2.183114e-02,1.381154e-02,2.227668e-04,1.525806e+05
1.650000e+01,9.634663e-01,2.205391e-02,1.425707e-02,2.227668e-04,1.413321e+05
1.666667e+01,9.616841e-01,2.383604e-02,1.425707e-02,2.227668e-04,1.315747e+05
1.683333e+01,9.607930e-01,2.428158e-02,1.470261e-02,2.227668e-04,1.233002e+05
1.700000e+01,9.592337e-01,2.561818e-02,1.492537e-02,2.227668e-04,1.165355e+05
1.716667e+01,9.587881e-01,2.561818e-02,1.537091e-02,2.227668e-04,1.113633e+05
1.733333e+01,9.583426e-01,2.494988e-02,1.648474e-02,2.227668e-04,1.078691e+05
1.750000e+01,9.572288e-01,2.539541e-02,1.715304e-02,2.227668e-04,1.062056e+05
1.766667e+01,9.570060e-01,2.494988e-02,1.782134e-02,2.227668e-04,1.065804e+05
1.783333e+01,9.552239e-01,2.561818e-02,1.893517e-02,2.227668e-04,1.092686e+05
1.800000e+01,9.550011e-01,2.539541e-02,1.938071e-02,2.227668e-04,1.146199e+05
1.816667e+01,9.541100e-01,2.517264e-02,2.049454e-02,2.227668e-04,1.230770e+05
1.833333e+01,9.532190e-01,2.494988e-02,2.160838e-02,2.227668e-04,1.351854e+05
1.850000e+01,9.525507e-01,2.494988e-02,2.227668e-02,2.227668e-04,1.517726e+05
1.866667e+01,9.516596e-01,2.472711e-02,2.339051e-02,2.227668e-04,1.735026e+05
1.883333e+01,9.509913e-01,2.494988e-02,2.383604e-02,2.227668e-04,2.013181e+05
1.900000e+01,9.501002e-01,2.539541e-02,2.428158e-02,2.227668e-04,2.363275e+05
1.916667e+01,9.494319e-01,2.494988e-02,2.539541e-02,2.227668e-04,2.832536e+05
1.933333e+01,9.489864e-01,2.494988e-02,2.584094e-02,2.227668e-04,3.405938e+05
1.950000e+01,9.485409e-01,2.472711e-02,2.650924e-02,2.227668e-04,4.100406e+05
1.966667e+01,9.474270e-01,2.450434e-02,2.784585e-02,2.227668e-04,4.933938e+05
1.983333e+01,9.467587e-01,2.428158e-02,2.873691e-02,2.227668e-04,5.927485e+05
2.000000e+01,9.463132e-01,2.428158e-02,2.918245e-02,2.227668e-04,7.099932e+05
2.016667e+01,9.458677e-01,2.428158e-02,2.962798e-02,2.227668e-04,8.474908e+05
2.033333e+01,9.454221e-01,2.361328e-02,3.074181e-02,2.227668e-04,1.006847e+06
2.050000e+01,9.449766e-01,2.361328e-02,3.118735e-02,2.227668e-04,1.189931e+06
2.066667e+01,9.449766e-01,2.294498e-02,3.185565e-02,2.227668e-04,1.399003e+06
2.083333e+01,9.440855e-01,2.339051e-02,3.230118e-02,2.227668e-04,1.634871e+06
2.100000e+01,9.434172e-01,2.339051e-02,3.296948e-02,2.227668e-04,1.898697e+06
2.116667e+01,9.429717e-01,2.361328e-02,3.319225e-02,2.227668e-04,2.191421e+06
2.133333e+01,9.414123e-01,2.450434e-02,3.363778e-02,4.455335e-04,2.553615e+06
2.150000e+01,9.402985e-01,2.539541e-02,3.341501e-02,8.910671e-04,2.944965e+06
2.166667e+01,9.389619e-01,2.606371e-02,3.408331e-02,8.910671e-04,3.363940e+06
2.183333e+01,9.369570e-01,2.717755e-02,3.497438e-02,8.910671e-04,3.735233e+06
2.200000e+01,9.358432e-01,2.784585e-02,3.541992e-02,8.910671e-04,4.140160e+06
2.216667e+01,9.349521e-01,2.829138e-02,3.541992e-02,1.336601e-03,4.580519e+06
2.233333e+01,9.331700e-01,2.985075e-02,3.519715e-02,1.782134e-03,5.057360e+06
2.250000e+01,9.318334e-01,3.029628e-02,3.608822e-02,1.782134e-03,5.499485e+06
2.266667e+01,9.309423e-01,3.029628e-02,3.608822e-02,2.673201e-03,5.895251e+06
2.283333e+01,9.300512e-01,3.029628e-02,3.675652e-02,2.895968e-03,6.350097e+06
2.300000e+01,9.280463e-01,3.163288e-02,3.720205e-02,3.118735e-03,6.753638e+06
2.316667e+01,9.273780e-01,3.141011e-02,3.697928e-02,4.232569e-03,7.176276e+06
2.333333e+01,9.258187e-01,3.230118e-02,3.697928e-02,4.900869e-03,7.649533e+06
2.350000e+01,9.235910e-01,3.386055e-02,3.742482e-02,5.123636e-03,8.038191e+06
2.366667e+01,9.224772e-01,3.430608e-02,3.764758e-02,5.569169e-03,8.395807e+06
2.383333e+01,9.213633e-01,3.430608e-02,3.764758e-02,6.683003e-03,8.789680e+06
2.400000e+01,9.195812e-01,3.497438e-02,3.853865e-02,6.905770e-03,9.158400e+06
2.416667e+01,9.180218e-01,3.452885e-02,4.009802e-02,7.351303e-03,9.392546e+06
2.433333e+01,9.166852e-01,3.541992e-02,4.009802e-02,7.796837e-03,9.656144e+06
2.450000e+01,9.160169e-01,3.519715e-02,4.054355e-02,8.242370e-03,9.910205e+06
2.466667e+01,9.140120e-01,3.608822e-02,4.098908e-02,8.910671e-03,1.016901e+07
2.483333e+01,9.124527e-01,3.653375e-02,4.188015e-02,9.133437e-03,1.049533e+07
2.500000e+01,9.108933e-01,3.675652e-02,4.277122e-02,9.578971e-03,1.080307e+07
2.516667e+01,9.082201e-01,3.853865e-02,4.299399e-02,1.024727e-02,1.115286e+07
2.533333e+01,9.062152e-01,3.898418e-02,4.410782e-02,1.069280e-02,1.154215e+07
2.550000e+01,9.037648e-01,3.987525e-02,4.477612e-02,1.158387e-02,1.192406e+07
2.566667e+01,9.019826e-01,4.009802e-02,4.588995e-02,1.202941e-02,1.232715e+07
2.583333e+01,8.997550e-01,4.121185e-02,4.633549e-02,1.269771e-02,1.273429e+07
2.600000e+01,8.968590e-01,4.299399e-02,4.655825e-02,1.358877e-02,1.319032e+07
2.616667e+01,8.952996e-01,4.410782e-02,4.655825e-02,1.403431e-02,1.362292e+07
2.633333e+01,8.928492e-01,4.499889e-02,4.678102e-02,1.537091e-02,1.397779e+07
2.650000e+01,8.910671e-01,4.588995e-02,4.767209e-02,1.537091e-02,1.442604e+07
2.666667e+01,8.890622e-01,4.678102e-02,4.767209e-02,1.648474e-02,1.472148e+07
2.683333e+01,8.861662e-01,4.878592e-02,4.811762e-02,1.693027e-02,1.515741e+07
2.700000e+01,8.841613e-01,5.012252e-02,4.856315e-02,1.715304e-02,1.550563e+07
2.716667e+01,8.828247e-01,4.967699e-02,4.945422e-02,1.804411e-02,1.597201e+07
2.733333e+01,8.803742e-01,5.056806e-02,5.034529e-02,1.871241e-02,1.655190e+07
2.750000e+01,8.785921e-01,5.168189e-02,4.989975e-02,1.982624e-02,1.706309e+07
2.766667e+01,8.770327e-01,5.190466e-02,5.101359e-02,2.004901e-02,1.755286e+07
2.783333e+01,8.748051e-01,5.212742e-02,5.212742e-02,2.094008e-02,1.794559e+07
2.800000e+01,8.730229e-01,5.279572e-02,5.235019e-02,2.183114e-02,1.841876e+07
2.816667e+01,8.705725e-01,5.457786e-02,5.212742e-02,2.272221e-02,1.884113e+07
2.833333e+01,8.676765e-01,5.569169e-02,5.346402e-02,2.316774e-02,1.921179e+07
2.850000e+01,8.641123e-01,5.881043e-02,5.324126e-02,2.383604e-02,1.954996e+07
2.866667e+01,8.616618e-01,5.903319e-02,5.502339e-02,2.428158e-02,1.991658e+07
2.883333e+01,8.585431e-01,6.059256e-02,5.613722e-02,2.472711e-02,2.025475e+07
2.900000e+01,8.569837e-01,5.947873e-02,5.747382e-02,2.606371e-02,2.064870e+07
2.916667e+01,8.547561e-01,6.059256e-02,5.791936e-02,2.673201e-02,2.108278e+07
2.933333e+01,8.523056e-01,6.170639e-02,5.791936e-02,2.806861e-02,2.137368e+07
2.950000e+01,8.503007e-01,6.170639e-02,5.836489e-02,2.962798e-02,2.168014e+07
2.966667e+01,8.480731e-01,6.170639e-02,5.925596e-02,3.096458e-02,2.184527e+07
2.983333e+01,8.449543e-01,6.215193e-02,6.036979e-02,3.252395e-02,2.188917e+07
3.000000e+01,8.420584e-01,6.371129e-02,6.036979e-02,3.386055e-02,2.187793e+07
3.016667e+01,8.404990e-01,6.348853e-02,6.170639e-02,3.430608e-02,2.179384e+07
3.033333e+01,8.378258e-01,6.415683e-02,6.304299e-02,3.497438e-02,2.161631e+07
3.050000e+01,8.353754e-01,6.393406e-02,6.460236e-02,3.608822e-02,2.148171e+07
3.066667e+01,8.338160e-01,6.437959e-02,6.437959e-02,3.742482e-02,2.138690e+07
3.083333e+01,8.329249e-01,6.348853e-02,6.504789e-02,3.853865e-02,2.128176e+07
3.100000e+01,8.309200e-01,6.282023e-02,6.705280e-02,3.920695e-02,2.106938e+07
3.116667e+01,8.295834e-01,6.215193e-02,6.816663e-02,4.009802e-02,2.080743e+07
3.133333e+01,8.280241e-01,6.259746e-02,6.816663e-02,4.121185e-02,2.057840e+07
3.150000e+01,8.266875e-01,6.192916e-02,6.950323e-02,4.188015e-02,2.035180e+07
3.166667e+01,8.253509e-01,6.237469e-02,6.905770e-02,4.321675e-02,2.006457e+07
3.183333e+01,8.224549e-01,6.371129e-02,7.039430e-02,4.343952e-02,1.981393e+07
3.200000e+01,8.197817e-01,6.571620e-02,7.017153e-02,4.433059e-02,1.949517e+07
3.216667e+01,8.175540e-01,6.660726e-02,7.106260e-02,4.477612e-02,1.932893e+07
3.233333e+01,8.139898e-01,6.816663e-02,7.262196e-02,4.522165e-02,1.913814e+07
3.250000e+01,8.119849e-01,6.772110e-02,7.440410e-02,4.588995e-02,1.899912e+07
3.266667e+01,8.093117e-01,6.794386e-02,7.663177e-02,4.611272e-02,1.892739e+07
3.283333e+01,8.057474e-01,6.994876e-02,7.752283e-02,4.678102e-02,1.885519e+07
3.300000e+01,8.039652e-01,7.039430e-02,7.841390e-02,4.722655e-02,1.887497e+07
3.316667e+01,8.017376e-01,7.150813e-02,7.885943e-02,4.789485e-02,1.895030e+07
3.333333e+01,7.995099e-01,7.239920e-02,7.952773e-02,4.856315e-02,1.908435e+07
3.350000e+01,7.972822e-01,7.239920e-02,8.086434e-02,4.945422e-02,1.923816e+07
3.366667e+01,7.946090e-01,7.262196e-02,8.286924e-02,4.989975e-02,1.938457e+07
3.383333e+01,7.914903e-01,7.373580e-02,8.442860e-02,5.034529e-02,1.949619e+07
3.400000e+01,7.890399e-01,7.418133e-02,8.576520e-02,5.101359e-02,1.971442e+07
3.416667e+01,7.859211e-01,7.484963e-02,8.754734e-02,5.168189e-02,2.002808e+07
3.433333e+01,7.845845e-01,7.418133e-02,8.843840e-02,5.279572e-02,2.038507e+07
3.450000e+01,7.819113e-01,7.440410e-02,8.955224e-02,5.413232e-02,2.079041e+07
3.466667e+01,7.776788e-01,7.707730e-02,8.999777e-02,5.524616e-02,2.117318e+07
3.483333e+01,7.763422e-01,7.685453e-02,9.066607e-02,5.613722e-02,2.149141e+07
3.500000e+01,7.738917e-01,7.730007e-02,9.155714e-02,5.725106e-02,2.184160e+07
3.516667e+01,7.712185e-01,7.796837e-02,9.222544e-02,5.858766e-02,2.217852e+07
3.533333e+01,7.687681e-01,7.841390e-02,9.333927e-02,5.947873e-02,2.248357e+07
3.550000e+01,7.663177e-01,7.819113e-02,9.378481e-02,6.170639e-02,2.277540e+07
3.566667e+01,7.649811e-01,7.863667e-02,9.467587e-02,6.170639e-02,2.309465e+07
3.583333e+01,7.634217e-01,7.796837e-02,9.556694e-02,6.304299e-02,2.319090e+07
3.600000e+01,7.607485e-01,7.752283e-02,9.801738e-02,6.371129e-02,2.348259e+07
3.616667e+01,7.582981e-01,7.796837e-02,9.868568e-02,6.504789e-02,2.382797e+07
3.633333e+01,7.574070e-01,7.752283e-02,9.890844e-02,6.616173e-02,2.427671e+07
3.650000e+01,7.554021e-01,7.819113e-02,9.890844e-02,6.749833e-02,2.470234e+07
3.666667e+01,7.518378e-01,8.064157e-02,9.913121e-02,6.838940e-02,2.512909e+07
3.683333e+01,7.491646e-01,8.130987e-02,1.011361e-01,6.838940e-02,2.554654e+07
3.700000e+01,7.473825e-01,8.041880e-02,1.029182e-01,6.928046e-02,2.602025e+07
3.716667e+01,7.453776e-01,8.086434e-02,1.038093e-01,6.994876e-02,2.670586e+07
3.733333e+01,7.440410e-01,8.086434e-02,1.040321e-01,7.106260e-02,2.744492e+07
3.750000e+01,7.413678e-01,8.041880e-02,1.058142e-01,7.239920e-02,2.827155e+07
3.766667e+01,7.391401e-01,8.064157e-02,1.071508e-01,7.306750e-02,2.912068e+07
3.783333e+01,7.366897e-01,8.197817e-02,1.067053e-01,7.462687e-02,3.002711e+07
3.800000e+01,7.337937e-01,8.353754e-02,1.078191e-01,7.484963e-02,3.103145e+07
3.816667e+01,7.322344e-01,8.286924e-02,1.080419e-01,7.685453e-02,3.204157e+07
3.833333e+01,7.291156e-01,8.442860e-02,1.075963e-01,7.885943e-02,3.326962e+07
3.850000e+01,7.268879e-01,8.331477e-02,1.093785e-01,8.041880e-02,3.438423e+07
3.866667e+01,7.253286e-01,8.175540e-02,1.113834e-01,8.153264e-02,3.545292e+07
3.883333e+01,7.231009e-01,8.264647e-02,1.113834e-01,8.286924e-02,3.656403e+07
3.900000e+01,7.202049e-01,8.353754e-02,1.100468e-01,8.621074e-02,3.778564e+07
3.916667e+01,7.170862e-01,8.398307e-02,1.107151e-01,8.821564e-02,3.902936e+07
3.933333e+01,7.144130e-01,8.420584e-02,1.120517e-01,8.932947e-02,3.992845e+07
3.950000e+01,7.115170e-01,8.509690e-02,1.124972e-01,9.088884e-02,4.076277e+07
3.966667e+01,7.081755e-01,8.621074e-02,1.133883e-01,9.222544e-02,4.168881e+07
3.983333e+01,7.052796e-01,8.665627e-02,1.149476e-01,9.311651e-02,4.259885e+07
4.000000e+01,7.019381e-01,8.687904e-02,1.162843e-01,9.489864e-02,4.360047e+07
4.016667e+01,7.003787e-01,8.643350e-02,1.162843e-01,9.690354e-02,4.475002e+07
4.033333e+01,6.974827e-01,8.799287e-02,1.165070e-01,9.801738e-02,4.594914e+07
4.050000e+01,6.934729e-01,8.999777e-02,1.160615e-01,1.004678e-01,4.708086e+07
4.066667e+01,6.916908e-01,9.022054e-02,1.149476e-01,1.031410e-01,4.827031e+07
4.083333e+01,6.885721e-01,8.999777e-02,1.151704e-01,1.062597e-01,4.931762e+07
4.100000e+01,6.852306e-01,9.044331e-02,1.162843e-01,1.080419e-01,5.010321e+07
4.116667e+01,6.830029e-01,8.977501e-02,1.158387e-01,1.113834e-01,5.065785e+07
4.133333e+01,6.794386e-01,9.177991e-02,1.156160e-01,1.131655e-01,5.130204e+07
4.150000e+01,6.763199e-01,9.267097e-02,1.151704e-01,1.158387e-01,5.171525e+07
4.166667e+01,6.714190e-01,9.445311e-02,1.160615e-01,1.180664e-01,5.218266e+07
4.183333e+01,6.671865e-01,9.489864e-02,1.178436e-01,1.200713e-01,5.251893e+07
4.200000e+01,6.647360e-01,9.534417e-02,1.189575e-01,1.209624e-01,5.285451e+07
4.216667e+01,6.605035e-01,9.757184e-02,1.187347e-01,1.231900e-01,5.319266e+07
4.233333e+01,6.576075e-01,9.801738e-02,1.189575e-01,1.254177e-01,5.367766e+07
4.250000e+01,6.544888e-01,9.801738e-02,1.196258e-01,1.278681e-01,5.405262e+07
4.266667e+01,6.509245e-01,1.000223e-01,1.194030e-01,1.296503e-01,5.440449e+07
4.283333e+01,6.473602e-01,1.015816e-01,1.196258e-01,1.314324e-01,5.470231e+07
4.300000e+01,6.426821e-01,1.026955e-01,1.202941e-01,1.343284e-01,5.499036e+07
4.316667e+01,6.384495e-01,1.029182e-01,1.214079e-01,1.372243e-01,5.526107e+07
4.333333e+01,6.353308e-01,1.033638e-01,1.214079e-01,1.398975e-01,5.529209e+07
4.350000e+01,6.326576e-01,1.013589e-01,1.249722e-01,1.410114e-01,5.505466e+07
4.366667e+01,6.302072e-01,1.009133e-01,1.263088e-01,1.425707e-01,5.464508e+07
4.383333e+01,6.253063e-01,1.029182e-01,1.276454e-01,1.441301e-01,5.441981e+07
4.400000e+01,6.212965e-01,1.044776e-01,1.287592e-01,1.454667e-01,5.429615e+07
4.416667e+01,6.192916e-01,1.049231e-01,1.294275e-01,1.463578e-01,5.421309e+07
4.433333e+01,6.168412e-01,1.044776e-01,1.300958e-01,1.485854e-01,5.418855e+07
4.450000e+01,6.132769e-01,1.058142e-01,1.298730e-01,1.510359e-01,5.436569e+07
4.466667e+01,6.106037e-01,1.055914e-01,1.312096e-01,1.525952e-01,5.443348e+07
4.483333e+01,6.079305e-01,1.047004e-01,1.314324e-01,1.559367e-01,5.444233e+07
4.500000e+01,6.030296e-01,1.058142e-01,1.325462e-01,1.586099e-01,5.459182e+07
4.516667e+01,5.985743e-01,1.060370e-01,1.352194e-01,1.601693e-01,5.458358e+07
4.533333e+01,5.952328e-01,1.073736e-01,1.343284e-01,1.630653e-01,5.459873e+07
4.550000e+01,5.905547e-01,1.091557e-01,1.354422e-01,1.648474e-01,5.484725e+07
4.566667e+01,5.867677e-01,1.111606e-01,1.358877e-01,1.661840e-01,5.496700e+07
4.583333e+01,5.840945e-01,1.118289e-01,1.347739e-01,1.693027e-01,5.523321e+07
4.600000e+01,5.789708e-01,1.138338e-01,1.358877e-01,1.713076e-01,5.557705e+07
4.616667e+01,5.754065e-01,1.136110e-01,1.372243e-01,1.737581e-01,5.583925e+07
4.633333e+01,5.716195e-01,1.133883e-01,1.387837e-01,1.762085e-01,5.613169e+07
4.650000e+01,5.680552e-01,1.145021e-01,1.398975e-01,1.775451e-01,5.640429e+07
4.666667e+01,5.651593e-01,1.149476e-01,1.401203e-01,1.797728e-01,5.671376e+07
4.683333e+01,5.604812e-01,1.167298e-01,1.416797e-01,1.811094e-01,5.723122e+07
4.700000e+01,5.566941e-01,1.173981e-01,1.430163e-01,1.828915e-01,5.777849e+07
4.716667e+01,5.529071e-01,1.169526e-01,1.441301e-01,1.860102e-01,5.850013e+07
4.733333e+01,5.495656e-01,1.173981e-01,1.439073e-01,1.891290e-01,5.920083e+07
4.750000e+01,5.453330e-01,1.173981e-01,1.463578e-01,1.909111e-01,5.969833e+07
4.766667e+01,5.417688e-01,1.162843e-01,1.479171e-01,1.940299e-01,6.001648e+07
4.783333e+01,5.373134e-01,1.180664e-01,1.476944e-01,1.969258e-01,6.033994e+07
4.800000e+01,5.328581e-01,1.189575e-01,1.490310e-01,1.991535e-01,6.044640e+07
4.816667e+01,5.295166e-01,1.196258e-01,1.501448e-01,2.007129e-01,6.042739e+07
4.833333e+01,5.250613e-01,1.211851e-01,1.519269e-01,2.018267e-01,6.038058e+07
4.850000e+01,5.208287e-01,1.227445e-01,1.517042e-01,2.047227e-01,6.048561e+07
4.866667e+01,5.174872e-01,1.229673e-01,1.519269e-01,2.076186e-01,6.082272e+07
4.883333e+01,5.125863e-01,1.238583e-01,1.541546e-01,2.094008e-01,6.096713e+07
4.900000e+01,5.087993e-01,1.245266e-01,1.539318e-01,2.127423e-01,6.092344e+07
4.916667e+01,5.041212e-01,1.249722e-01,1.568278e-01,2.140789e-01,6.095505e+07
4.933333e+01,5.003342e-01,1.258632e-01,1.583872e-01,2.154155e-01,6.075830e+07
4.950000e+01,4.978837e-01,1.245266e-01,1.603921e-01,2.171976e-01,6.073497e+07
4.966667e+01,4.943194e-01,1.260860e-01,1.599465e-01,2.196480e-01,6.094184e+07
4.983333e+01,4.900869e-01,1.267543e-01,1.610604e-01,2.220985e-01,6.119126e+07
5.000000e+01,4.854088e-01,1.267543e-01,1.626197e-01,2.252172e-01,6.136464e+07
5.016667e+01,4.807307e-01,1.258632e-01,1.659612e-01,2.274449e-01,6.147191e+07
5.033333e+01,4.764981e-01,1.263088e-01,1.677434e-01,2.294498e-01,6.146838e+07
5.050000e+01,4.736021e-01,1.243039e-01,1.708621e-01,2.312319e-01,6.150398e+07
5.066667e+01,4.702606e-01,1.254177e-01,1.724215e-01,2.319002e-01,6.166202e+07
5.083333e+01,4.673647e-01,1.251949e-01,1.721987e-01,2.352417e-01,6.189638e+07
5.100000e+01,4.613500e-01,1.283137e-01,1.719759e-01,2.383604e-01,6.241041e+07
5.116667e+01,4.580085e-01,1.292047e-01,1.735353e-01,2.392515e-01,6.276515e+07
5.133333e+01,4.537759e-01,1.296503e-01,1.735353e-01,2.430385e-01,6.292313e+07
5.150000e+01,4.502116e-01,1.305413e-01,1.744264e-01,2.448207e-01,6.337125e+07
5.166667e+01,4.477612e-01,1.296503e-01,1.753174e-01,2.472711e-01,6.347633e+07
5.183333e+01,4.430831e-01,1.305413e-01,1.773223e-01,2.490532e-01,6.364595e+07
5.200000e+01,4.377367e-01,1.327690e-01,1.777679e-01,2.517264e-01,6.390725e+07
5.216667e+01,4.339497e-01,1.338828e-01,1.788817e-01,2.532858e-01,6.428124e+07
5.233333e+01,4.301626e-01,1.361105e-01,1.784362e-01,2.552907e-01,6.466030e+07
5.250000e+01,4.283805e-01,1.361105e-01,1.779906e-01,2.575184e-01,6.522348e+07
5.266667e+01,4.241479e-01,1.358877e-01,1.811094e-01,2.588550e-01,6.585888e+07
5.283333e+01,4.192470e-01,1.354422e-01,1.844509e-01,2.608599e-01,6.658063e+07
5.300000e+01,4.152372e-01,1.349967e-01,1.853419e-01,2.644241e-01,6.746515e+07
5.316667e+01,4.123413e-01,1.358877e-01,1.848964e-01,2.668746e-01,6.845238e+07
5.333333e+01,4.085542e-01,1.358877e-01,1.840053e-01,2.715527e-01,6.932866e+07
5.350000e+01,4.034306e-01,1.374471e-01,1.846736e-01,2.744487e-01,7.023003e+07
5.366667e+01,4.007574e-01,1.343284e-01,1.873468e-01,2.775674e-01,7.068071e+07
5.383333e+01,3.967476e-01,1.343284e-01,1.893517e-01,2.795723e-01,7.106861e+07
5.400000e+01,3.945199e-01,1.345511e-01,1.891290e-01,2.818000e-01,7.138880e+07
5.416667e+01,3.909557e-01,1.336601e-01,1.922477e-01,2.831366e-01,7.187838e+07
5.433333e+01,3.862776e-01,1.343284e-01,1.918022e-01,2.875919e-01,7.250408e+07
5.450000e+01,3.840499e-01,1.345511e-01,1.918022e-01,2.895968e-01,7.340072e+07
5.466667e+01,3.787035e-01,1.361105e-01,1.920249e-01,2.931611e-01,7.402905e+07
5.483333e+01,3.744709e-01,1.372243e-01,1.915794e-01,2.967253e-01,7.483407e+07
5.500000e+01,3.706839e-01,1.367788e-01,1.933616e-01,2.991758e-01,7.561012e+07
5.516667e+01,3.662286e-01,1.387837e-01,1.933616e-01,3.016262e-01,7.633667e+07
5.533333e+01,3.628871e-01,1.383382e-01,1.949209e-01,3.038539e-01,7.722413e+07
5.550000e+01,3.562041e-01,1.423480e-01,1.955892e-01,3.058588e-01,7.814827e+07
5.566667e+01,3.517487e-01,1.439073e-01,1.964803e-01,3.078637e-01,7.922061e+07
5.583333e+01,3.477389e-01,1.441301e-01,1.969258e-01,3.112052e-01,8.046420e+07
5.600000e+01,3.441746e-01,1.434618e-01,1.982624e-01,3.141011e-01,8.181494e+07
5.616667e+01,3.397193e-01,1.423480e-01,2.004901e-01,3.174426e-01,8.305278e+07
5.633333e+01,3.352640e-01,1.423480e-01,2.011584e-01,3.212297e-01,8.425021e+07
5.650000e+01,3.314769e-01,1.427935e-01,2.016039e-01,3.241256e-01,8.550621e+07
5.666667e+01,3.267988e-01,1.439073e-01,2.000446e-01,3.292493e-01,8.649972e+07
5.683333e+01,3.223435e-01,1.450212e-01,2.007129e-01,3.319225e-01,8.750208e+07
5.700000e+01,3.201158e-01,1.416797e-01,2.013812e-01,3.368233e-01,8.803906e+07
5.716667e+01,3.125418e-01,1.445756e-01,2.016039e-01,3.412787e-01,8.860605e+07
5.733333e+01,3.074181e-01,1.450212e-01,2.024950e-01,3.450657e-01,8.889849e+07
5.750000e+01,3.036311e-01,1.450212e-01,2.020495e-01,3.492983e-01,8.897812e+07
5.766667e+01,2.998441e-01,1.443529e-01,2.049454e-01,3.508577e-01,8.890238e+07
5.783333e+01,2.982847e-01,1.405658e-01,2.062820e-01,3.548675e-01,8.873019e+07
5.800000e+01,2.920472e-01,1.425707e-01,2.069503e-01,3.584317e-01,8.902201e+07
5.816667e+01,2.873691e-01,1.430163e-01,2.080642e-01,3.615505e-01,8.915685e+07
5.833333e+01,2.824683e-01,1.443529e-01,2.094008e-01,3.637781e-01,8.932568e+07
5.850000e+01,2.789040e-01,1.452439e-01,2.082869e-01,3.675652e-01,8.956131e+07
5.866667e+01,2.746714e-01,1.461350e-01,2.078414e-01,3.713522e-01,9.003470e+07
5.883333e+01,2.706616e-01,1.456895e-01,2.096235e-01,3.740254e-01,9.054059e+07
5.900000e+01,2.653152e-01,1.479171e-01,2.091780e-01,3.775897e-01,9.092851e+07
5.916667e+01,2.608599e-01,1.481399e-01,2.098463e-01,3.811539e-01,9.156610e+07
5.933333e+01,2.539541e-01,1.508131e-01,2.100691e-01,3.851637e-01,9.225485e+07
5.950000e+01,2.481622e-01,1.514814e-01,2.125195e-01,3.878369e-01,9.291376e+07
5.966667e+01,2.445979e-01,1.503676e-01,2.136333e-01,3.914012e-01,9.349525e+07
5.983333e+01,2.399198e-01,1.517042e-01,2.122967e-01,3.960793e-01,9.422540e+07
6.000000e+01,2.350189e-01,1.530408e-01,2.114057e-01,4.005346e-01,9.497021e+07
6.016667e+01,2.303408e-01,1.534863e-01,2.129650e-01,4.032078e-01,9.554608e+07
6.033333e+01,2.265538e-01,1.539318e-01,2.131878e-01,4.063266e-01,9.590084e+07
6.050000e+01,2.227668e-01,1.554912e-01,2.120740e-01,4.096681e-01,9.647118e+07
6.066667e+01,2.185342e-01,1.563823e-01,2.122967e-01,4.127868e-01,9.710920e+07
6.083333e+01,2.145244e-01,1.563823e-01,2.122967e-01,4.167966e-01,9.781050e+07
6.100000e+01,2.096235e-01,1.583872e-01,2.105146e-01,4.214747e-01,9.861638e+07
6.116667e+01,2.056137e-01,1.595010e-01,2.102918e-01,4.245935e-01,9.931319e+07
6.133333e+01,2.018267e-01,1.590555e-01,2.114057e-01,4.277122e-01,9.984374e+07
6.150000e+01,1.971486e-01,1.608376e-01,2.076186e-01,4.343952e-01,1.006549e+08
6.166667e+01,1.913566e-01,1.626197e-01,2.091780e-01,4.368456e-01,1.016373e+08
6.183333e+01,1.884607e-01,1.606148e-01,2.102918e-01,4.406327e-01,1.019665e+08
6.200000e+01,1.826687e-01,1.617287e-01,2.111829e-01,4.444197e-01,1.024196e+08
6.216667e+01,1.784362e-01,1.606148e-01,2.134106e-01,4.475384e-01,1.027801e+08
6.233333e+01,1.755402e-01,1.588327e-01,2.163065e-01,4.493206e-01,1.030246e+08
6.250000e+01,1.737581e-01,1.559367e-01,2.169748e-01,4.533304e-01,1.034337e+08
6.266667e+01,1.704166e-01,1.550457e-01,2.169748e-01,4.575629e-01,1.041308e+08
6.283333e+01,1.684117e-01,1.525952e-01,2.158610e-01,4.631321e-01,1.046882e+08
6.300000e+01,1.652929e-01,1.519269e-01,2.140789e-01,4.687013e-01,1.050909e+08
6.316667e+01,1.623970e-01,1.503676e-01,2.160838e-01,4.711517e-01,1.051621e+08
6.333333e+01,1.583872e-01,1.501448e-01,2.151927e-01,4.762753e-01,1.048817e+08
6.350000e+01,1.548229e-01,1.499220e-01,2.158610e-01,4.793941e-01,1.047860e+08
6.366667e+01,1.519269e-01,1.488082e-01,2.149699e-01,4.842949e-01,1.044595e+08
6.383333e+01,1.481399e-01,1.488082e-01,2.143016e-01,4.887503e-01,1.042466e+08
6.400000e+01,1.447984e-01,1.488082e-01,2.138561e-01,4.925373e-01,1.038926e+08
6.416667e+01,1.421252e-01,1.470261e-01,2.154155e-01,4.954333e-01,1.033541e+08
6.433333e+01,1.394520e-01,1.463578e-01,2.145244e-01,4.996658e-01,1.029114e+08
6.450000e+01,1.372243e-01,1.445756e-01,2.145244e-01,5.036757e-01,1.026321e+08
6.466667e+01,1.343284e-01,1.443529e-01,2.125195e-01,5.087993e-01,1.022967e+08
6.483333e+01,1.305413e-01,1.436846e-01,2.127423e-01,5.130319e-01,1.019407e+08
6.500000e+01,1.280909e-01,1.419024e-01,2.147472e-01,5.152595e-01,1.013154e+08
6.516667e+01,1.265315e-01,1.394520e-01,2.163065e-01,5.177100e-01,1.005795e+08
6.533333e+01,1.240811e-01,1.385609e-01,2.147472e-01,5.226108e-01,1.001645e+08
6.550000e+01,1.209624e-01,1.376699e-01,2.154155e-01,5.259523e-01,1.000208e+08
6.566667e+01,1.165070e-01,1.378926e-01,2.145244e-01,5.310760e-01,9.958221e+07
6.583333e+01,1.142793e-01,1.345511e-01,2.174204e-01,5.337492e-01,9.922977e+07
6.600000e+01,1.120517e-01,1.327690e-01,2.180887e-01,5.370907e-01,9.867035e+07
6.616667e+01,1.104923e-01,1.312096e-01,2.176431e-01,5.406549e-01,9.832431e+07
6.633333e+01,1.082646e-01,1.280909e-01,2.189797e-01,5.446647e-01,9.803891e+07
6.650000e+01,1.067053e-01,1.265315e-01,2.196480e-01,5.471152e-01,9.777978e+07
6.666667e+01,1.049231e-01,1.258632e-01,2.185342e-01,5.506794e-01,9.761563e+07
6.683333e+01,1.035865e-01,1.236356e-01,2.194253e-01,5.533526e-01,9.769343e+07
6.700000e+01,1.004678e-01,1.243039e-01,2.169748e-01,5.582535e-01,9.785193e+07
6.716667e+01,9.779461e-02,1.218534e-01,2.183114e-01,5.620405e-01,9.822284e+07
6.733333e+01,9.578971e-02,1.196258e-01,2.176431e-01,5.669414e-01,9.832990e+07
6.750000e+01,9.378481e-02,1.185119e-01,2.171976e-01,5.705057e-01,9.845301e+07
6.766667e+01,9.066607e-02,1.189575e-01,2.165293e-01,5.738472e-01,9.849363e+07
6.783333e+01,8.821564e-02,1.167298e-01,2.156382e-01,5.794164e-01,9.858244e+07
6.800000e+01,8.621074e-02,1.165070e-01,2.140789e-01,5.832034e-01,9.888324e+07
6.816667e+01,8.487414e-02,1.145021e-01,2.140789e-01,5.865449e-01,9.901014e+07
6.833333e+01,8.398307e-02,1.120517e-01,2.131878e-01,5.907775e-01,9.925690e+07
6.850000e+01,8.197817e-02,1.100468e-01,2.131878e-01,5.947873e-01,9.959687e+07
6.866667e+01,8.086434e-02,1.093785e-01,2.105146e-01,5.992426e-01,9.989629e+07
6.883333e+01,7.774560e-02,1.107151e-01,2.082869e-01,6.032524e-01,1.001903e+08
6.900000e+01,7.640900e-02,1.089329e-01,2.089552e-01,6.057028e-01,1.004389e+08
6.916667e+01,7.440410e-02,1.089329e-01,2.062820e-01,6.103809e-01,1.006206e+08
6.933333e+01,7.239920e-02,1.075963e-01,2.051682e-01,6.148363e-01,1.011334e+08
6.950000e+01,7.061706e-02,1.067053e-01,2.033861e-01,6.192916e-01,1.015326e+08
6.966667e+01,6.905770e-02,1.047004e-01,2.042771e-01,6.219648e-01,1.018330e+08
6.983333e+01,6.705280e-02,1.035865e-01,2.036088e-01,6.257518e-01,1.020722e+08
7.000000e+01,6.504789e-02,1.040321e-01,2.002673e-01,6.306527e-01,1.027403e+08
7.016667e+01,6.437959e-02,1.026955e-01,1.975941e-01,6.353308e-01,1.035675e+08
7.033333e+01,6.348853e-02,9.957674e-02,1.969258e-01,6.400089e-01,1.042108e+08
7.050000e+01,6.282023e-02,9.623524e-02,1.973714e-01,6.435732e-01,1.047188e+08
7.066667e+01,6.170639e-02,9.512141e-02,1.955892e-01,6.475830e-01,1.051529e+08
7.083333e+01,6.059256e-02,9.311651e-02,1.946982e-01,6.515928e-01,1.056678e+08
7.100000e+01,5.747382e-02,9.333927e-02,1.931388e-01,6.560481e-01,1.061310e+08
7.116667e+01,5.613722e-02,9.133437e-02,1.926933e-01,6.598352e-01,1.065895e+08
7.133333e+01,5.524616e-02,8.866117e-02,1.933616e-01,6.627311e-01,1.070400e+08
7.150000e+01,5.457786e-02,8.687904e-02,1.929160e-01,6.656271e-01,1.076014e+08
7.166667e+01,5.324126e-02,8.732457e-02,1.902428e-01,6.691914e-01,1.084137e+08
7.183333e+01,5.235019e-02,8.643350e-02,1.871241e-01,6.740922e-01,1.095167e+08
7.200000e+01,5.123636e-02,8.509690e-02,1.844509e-01,6.792159e-01,1.105795e+08
7.216667e+01,4.923145e-02,8.531967e-02,1.815549e-01,6.838940e-01,1.114390e+08
7.233333e+01,4.811762e-02,8.442860e-02,1.786589e-01,6.887948e-01,1.121344e+08
7.250000e+01,4.655825e-02,8.286924e-02,1.777679e-01,6.928046e-01,1.126728e+08
7.266667e+01,4.499889e-02,8.264647e-02,1.735353e-01,6.988193e-01,1.131077e+08
7.283333e+01,4.388505e-02,8.220094e-02,1.721987e-01,7.017153e-01,1.136170e+08
7.300000e+01,4.299399e-02,7.997327e-02,1.715304e-01,7.055023e-01,1.138261e+08
7.316667e+01,4.143462e-02,7.930497e-02,1.686344e-01,7.106260e-01,1.141872e+08
7.333333e+01,4.054355e-02,7.774560e-02,1.677434e-01,7.139675e-01,1.145857e+08
7.350000e+01,3.942972e-02,7.752283e-02,1.652929e-01,7.177545e-01,1.148287e+08
7.366667e+01,3.787035e-02,7.618623e-02,1.628425e-01,7.231009e-01,1.151690e+08
7.383333e+01,3.608822e-02,7.529517e-02,1.610604e-01,7.275562e-01,1.154278e+08
7.400000e+01,3.475162e-02,7.351303e-02,1.599465e-01,7.317888e-01,1.156261e+08
7.416667e+01,3.319225e-02,7.173090e-02,1.588327e-01,7.362442e-01,1.155881e+08
7.433333e+01,3.207841e-02,6.994876e-02,1.572733e-01,7.406995e-01,1.157153e+08
7.450000e+01,3.096458e-02,6.861216e-02,1.548229e-01,7.456004e-01,1.158124e+08
7.466667e+01,2.918245e-02,6.883493e-02,1.537091e-01,7.482736e-01,1.158022e+08
7.483333e+01,2.762308e-02,6.928046e-02,1.483627e-01,7.547338e-01,1.155390e+08
7.500000e+01,2.673201e-02,6.905770e-02,1.452439e-01,7.589664e-01,1.153895e+08
7.516667e+01,2.628648e-02,6.794386e-02,1.434618e-01,7.623079e-01,1.146012e+08
7.533333e+01,2.561818e-02,6.660726e-02,1.401203e-01,7.676543e-01,1.138028e+08
7.550000e+01,2.405881e-02,6.683003e-02,1.378926e-01,7.712185e-01,1.129670e+08
7.566667e+01,2.339051e-02,6.527066e-02,1.372243e-01,7.741145e-01,1.116541e+08
7.583333e+01,2.138561e-02,6.571620e-02,1.347739e-01,7.781243e-01,1.104199e+08
7.600000e+01,2.116284e-02,6.437959e-02,1.314324e-01,7.830252e-01,1.093599e+08
7.616667e+01,1.982624e-02,6.371129e-02,1.283137e-01,7.881488e-01,1.082520e+08
7.633333e+01,1.871241e-02,6.437959e-02,1.245266e-01,7.923814e-01,1.068731e+08
7.650000e+01,1.826687e-02,6.259746e-02,1.234128e-01,7.957229e-01,1.051077e+08
7.666667e+01,1.804411e-02,6.059256e-02,1.218534e-01,7.995099e-01,1.032400e+08
7.683333e+01,1.693027e-02,5.992426e-02,1.185119e-01,8.046335e-01,1.014683e+08
7.700000e+01,1.581644e-02,6.059256e-02,1.158387e-01,8.077523e-01,9.970426e+07
7.716667e+01,1.537091e-02,5.970149e-02,1.147249e-01,8.102027e-01,9.767518e+07
7.733333e+01,1.447984e-02,5.925596e-02,1.142793e-01,8.119849e-01,9.566200e+07
7.750000e+01,1.269771e-02,5.925596e-02,1.127200e-01,8.153264e-01,9.387900e+07
7.766667e+01,1.136110e-02,5.925596e-02,1.109378e-01,8.184451e-01,9.249488e+07
7.783333e+01,1.069280e-02,5.858766e-02,1.082646e-01,8.224549e-01,9.115837e+07
7.800000e+01,1.069280e-02,5.658276e-02,1.084874e-01,8.242370e-01,8.990430e+07
7.816667e+01,1.069280e-02,5.346402e-02,1.084874e-01,8.273558e-01,8.850306e+07
7.833333e+01,9.578971e-03,5.346402e-02,1.067053e-01,8.302517e-01,8.740039e+07
7.850000e+01,8.465137e-03,5.368679e-02,1.044776e-01,8.333705e-01,8.639751e+07
7.866667e+01,8.465137e-03,5.279572e-02,1.024727e-01,8.362664e-01,8.528145e+07
7.883333e+01,7.796837e-03,5.212742e-02,1.011361e-01,8.389396e-01,8.417656e+07
7.900000e+01,7.351303e-03,5.123636e-02,9.935398e-02,8.420584e-01,8.305680e+07
7.916667e+01,6.237469e-03,4.989975e-02,9.935398e-02,8.445088e-01,8.193846e+07
7.933333e+01,6.014703e-03,4.811762e-02,9.779461e-02,8.480731e-01,8.066771e+07
7.950000e+01,5.569169e-03,4.744932e-02,9.668078e-02,8.503007e-01,7.946058e+07
7.966667e+01,4.678102e-03,4.789485e-02,9.489864e-02,8.525284e-01,7.809590e+07
7.983333e+01,4.232569e-03,4.678102e-02,9.400757e-02,8.549788e-01,7.682633e+07
