Time,U,I1,I2,D,Ve
0.000000e+00,9.997772e-01,2.227668e-04,0.000000e+00,0.000000e+00,0.000000e+00
1.666667e-01,9.997772e-01,2.227668e-04,0.000000e+00,0.000000e+00,0.000000e+00
3.333333e-01,9.997772e-01,2.227668e-04,0.000000e+00,0.000000e+00,0.000000e+00
5.000000e-01,9.997772e-01,2.227668e-04,0.000000e+00,0.000000e+00,0.000000e+00
6.666667e-01,9.997772e-01,2.227668e-04,0.000000e+00,0.000000e+00,0.000000e+00
8.333333e-01,9.997772e-01,2.227668e-04,0.000000e+00,0.000000e+00,0.000000e+00
1.000000e+00,9.997772e-01,2.227668e-04,0.000000e+00,0.000000e+00,0.000000e+00
1.166667e+00,9.997772e-01,2.227668e-04,0.000000e+00,0.000000e+00,0.000000e+00
1.333333e+00,9.997772e-01,2.227668e-04,0.000000e+00,0.000000e+00,0.000000e+00
1.500000e+00,9.997772e-01,2.227668e-04,0.000000e+00,0.000000e+00,0.000000e+00
1.666667e+00,9.997772e-01,2.227668e-04,0.000000e+00,0.000000e+00,0.000000e+00
1.833333e+00,9.997772e-01,2.227668e-04,0.000000e+00,0.000000e+00,0.000000e+00
2.000000e+00,9.997772e-01,2.227668e-04,0.000000e+00,0.000000e+00,0.000000e+00
2.166667e+00,9.997772e-01,2.227668e-04,0.000000e+00,0.000000e+00,0.000000e+00
2.333333e+00,9.997772e-01,2.227668e-04,0.000000e+00,0.000000e+00,0.000000e+00
2.500000e+00,9.997772e-01,2.227668e-04,0.000000e+00,0.000000e+00,0.000000e+00
2.666667e+00,9.997772e-01,2.227668e-04,0.000000e+00,0.000000e+00,0.000000e+00
2.833333e+00,9.997772e-01,2.227668e-04,0.000000e+00,0.000000e+00,0.000000e+00
3.000000e+00,9.997772e-01,2.227668e-04,0.000000e+00,0.000000e+00,0.000000e+00
3.166667e+00,9.997772e-01,2.227668e-04,0.000000e+00,0.000000e+00,0.000000e+00
3.333333e+00,9.997772e-01,2.227668e-04,0.000000e+00,0.000000e+00,0.000000e+00
3.500000e+00,9.997772e-01,2.227668e-04,0.000000e+00,0.000000e+00,0.000000e+00
3.666667e+00,9.997772e-01,2.227668e-04,0.000000e+00,0.000000e+00,0.000000e+00
3.833333e+00,9.997772e-01,2.227668e-04,0.000000e+00,0.000000e+00,0.000000e+00
4.000000e+00,9.997772e-01,2.227668e-04,0.000000e+00,0.000000e+00,0.000000e+00
4.166667e+00,9.997772e-01,2.227668e-04,0.000000e+00,0.000000e+00,0.000000e+00
4.333333e+00,9.997772e-01,2.227668e-04,0.000000e+00,0.000000e+00,0.000000e+00
4.500000e+00,9.997772e-01,2.227668e-04,0.000000e+00,0.000000e+00,0.000000e+00
4.666667e+00,9.997772e-01,2.227668e-04,0.000000e+00,0.000000e+00,0.000000e+00
4.833333e+00,9.997772e-01,2.227668e-04,0.000000e+00,0.000000e+00,0.000000e+00
5.000000e+00,9.997772e-01,2.227668e-04,0.000000e+00,0.000000e+00,0.000000e+00
5.166667e+00,9.997772e-01,0.000000e+00,2.227668e-04,0.000000e+00,0.000000e+00
5.333333e+00,9.997772e-01,0.000000e+00,2.227668e-04,0.000000e+00,0.000000e+00
5.500000e+00,9.997772e-01,0.000000e+00,2.227668e-04,0.000000e+00,2.875810e+00
5.666667e+00,9.997772e-01,0.000000e+00,2.227668e-04,0.000000e+00,6.220816e+00
5.833333e+00,9.997772e-01,0.000000e+00,2.227668e-04,0.000000e+00,1.017422e+01
6.000000e+00,9.997772e-01,0.000000e+00,2.227668e-04,0.000000e+00,1.490813e+01
6.166667e+00,9.995545e-01,2.227668e-04,2.227668e-04,0.000000e+00,2.063601e+01
6.333333e+00,9.995545e-01,2.227668e-04,2.227668e-04,0.000000e+00,2.762308e+01
6.500000e+00,9.995545e-01,2.227668e-04,2.227668e-04,0.000000e+00,3.619948e+01
6.666667e+00,9.995545e-01,2.227668e-04,2.227668e-04,0.000000e+00,4.677656e+01
6.833333e+00,9.995545e-01,2.227668e-04,2.227668e-04,0.000000e+00,5.986730e+01
7.000000e+00,9.995545e-01,2.227668e-04,2.227668e-04,0.000000e+00,7.611178e+01
7.166667e+00,9.993317e-01,4.455335e-04,2.227668e-04,0.000000e+00,9.630896e+01
7.333333e+00,9.993317e-01,4.455335e-04,2.227668e-04,0.000000e+00,1.214564e+02
7.500000e+00,9.991089e-01,6.683003e-04,2.227668e-04,0.000000e+00,1.527999e+02
7.666667e+00,9.991089e-01,6.683003e-04,2.227668e-04,0.000000e+00,1.918951e+02
7.833333e+00,9.988862e-01,8.910671e-04,2.227668e-04,0.000000e+00,2.406847e+02
8.000000e+00,9.984406e-01,1.336601e-03,2.227668e-04,0.000000e+00,3.015944e+02
8.166667e+00,9.984406e-01,1.336601e-03,2.227668e-04,0.000000e+00,3.776524e+02
8.333333e+00,9.982179e-01,1.559367e-03,2.227668e-04,0.000000e+00,4.726382e+02
8.500000e+00,9.977723e-01,2.004901e-03,2.227668e-04,0.000000e+00,5.912670e+02
8.666667e+00,9.975496e-01,2.227668e-03,2.227668e-04,0.000000e+00,7.394188e+02
8.833333e+00,9.975496e-01,2.227668e-03,2.227668e-04,0.000000e+00,9.244215e+02
9.000000e+00,9.973268e-01,2.450434e-03,2.227668e-04,0.000000e+00,1.155401e+03
9.166667e+00,9.968813e-01,2.895968e-03,2.227668e-04,0.000000e+00,1.443709e+03
9.333333e+00,9.966585e-01,3.118735e-03,2.227668e-04,0.000000e+00,1.803453e+03
9.500000e+00,9.964357e-01,3.118735e-03,4.455335e-04,0.000000e+00,2.252135e+03
9.666667e+00,9.959902e-01,3.341501e-03,6.683003e-04,0.000000e+00,2.811426e+03
9.833333e+00,9.955447e-01,3.787035e-03,6.683003e-04,0.000000e+00,3.508345e+03
1.000000e+01,9.950991e-01,4.232569e-03,6.683003e-04,0.000000e+00,4.375676e+03
1.016667e+01,9.944308e-01,4.678102e-03,8.910671e-04,0.000000e+00,5.453872e+03
1.033333e+01,9.942081e-01,4.678102e-03,1.113834e-03,0.000000e+00,6.792359e+03
1.050000e+01,9.942081e-01,4.678102e-03,1.113834e-03,0.000000e+00,8.451150e+03
1.066667e+01,9.933170e-01,5.569169e-03,1.113834e-03,0.000000e+00,1.050257e+04
1.083333e+01,9.919804e-01,6.683003e-03,1.336601e-03,0.000000e+00,1.303294e+04
1.100000e+01,9.913121e-01,7.128536e-03,1.559367e-03,0.000000e+00,1.614417e+04
1.116667e+01,9.910893e-01,7.128536e-03,1.782134e-03,0.000000e+00,1.995476e+04
1.133333e+01,9.897527e-01,8.019603e-03,2.227668e-03,0.000000e+00,2.460002e+04
1.150000e+01,9.888617e-01,8.910671e-03,2.227668e-03,0.000000e+00,3.023087e+04
1.166667e+01,9.879706e-01,9.578971e-03,2.450434e-03,0.000000e+00,3.701032e+04
1.183333e+01,9.870795e-01,1.002450e-02,2.895968e-03,0.000000e+00,4.510772e+04
1.200000e+01,9.866340e-01,1.002450e-02,3.341501e-03,0.000000e+00,5.468980e+04
1.216667e+01,9.861885e-01,9.801738e-03,4.009802e-03,0.000000e+00,6.590674e+04
1.233333e+01,9.859657e-01,9.578971e-03,4.455335e-03,0.000000e+00,7.887785e+04
1.250000e+01,9.857429e-01,9.578971e-03,4.678102e-03,0.000000e+00,9.367431e+04
1.266667e+01,9.850746e-01,9.801738e-03,5.123636e-03,0.000000e+00,1.103020e+05
1.283333e+01,9.837380e-01,1.091557e-02,5.346402e-03,0.000000e+00,1.286891e+05
1.300000e+01,9.828470e-01,1.180664e-02,5.123636e-03,2.227668e-04,1.486797e+05
1.316667e+01,9.826242e-01,1.069280e-02,6.460236e-03,2.227668e-04,1.700357e+05
1.333333e+01,9.824014e-01,1.091557e-02,6.460236e-03,2.227668e-04,1.552650e+05
1.350000e+01,9.817331e-01,1.158387e-02,6.460236e-03,2.227668e-04,1.417923e+05
1.366667e+01,9.808421e-01,1.225217e-02,6.683003e-03,2.227668e-04,1.295046e+05
1.383333e+01,9.799510e-01,1.269771e-02,7.128536e-03,2.227668e-04,1.183016e+05
1.400000e+01,9.786144e-01,1.381154e-02,7.351303e-03,2.227668e-04,1.080926e+05
1.416667e+01,9.775006e-01,1.447984e-02,7.796837e-03,2.227668e-04,9.879567e+04
1.433333e+01,9.759412e-01,1.603921e-02,7.796837e-03,2.227668e-04,9.034586e+04
1.450000e+01,9.750501e-01,1.603921e-02,8.687904e-03,2.227668e-04,8.267005e+04
1.466667e+01,9.746046e-01,1.559367e-02,9.578971e-03,2.227668e-04,7.571038e+04
1.483333e+01,9.732680e-01,1.670751e-02,9.801738e-03,2.227668e-04,6.941833e+04
1.500000e+01,9.714859e-01,1.782134e-02,1.047004e-02,2.227668e-04,6.374981e+04
1.516667e+01,9.701493e-01,1.871241e-02,1.091557e-02,2.227668e-04,5.866868e+04
1.533333e+01,9.694810e-01,1.893517e-02,1.136110e-02,2.227668e-04,5.414945e+04
1.550000e+01,9.685899e-01,1.915794e-02,1.202941e-02,2.227668e-04,5.017048e+04
1.566667e+01,9.679216e-01,1.938071e-02,1.247494e-02,2.227668e-04,4.672143e+04
1.583333e+01,9.670305e-01,1.982624e-02,1.292047e-02,2.227668e-04,4.380149e+04
1.600000e+01,9.663622e-01,2.027178e-02,1.314324e-02,2.227668e-04,4.142033e+04
1.616667e+01,9.656939e-01,2.027178e-02,1.381154e-02,2.227668e-04,3.965291e+04
1.633333e+01,9.648029e-01,2.094008e-02,1.403431e-02,2.227668e-04,3.849232e+04
1.650000e+01,9.645801e-01,2.049454e-02,1.470261e-02,2.227668e-04,3.799505e+04
1.666667e+01,9.639118e-01,2.071731e-02,1.514814e-02,2.227668e-04,3.823812e+04
1.683333e+01,9.627980e-01,2.138561e-02,1.559367e-02,2.227668e-04,3.933164e+04
1.700000e+01,9.614613e-01,2.249944e-02,1.581644e-02,2.227668e-04,4.140909e+04
1.716667e+01,9.610158e-01,2.205391e-02,1.670751e-02,2.227668e-04,4.462379e+04
1.733333e+01,9.605703e-01,2.160838e-02,1.759857e-02,2.227668e-04,4.916937e+04
1.750000e+01,9.596792e-01,2.138561e-02,1.871241e-02,2.227668e-04,5.529152e+04
1.766667e+01,9.587881e-01,2.205391e-02,1.893517e-02,2.227668e-04,6.328969e+04
1.783333e+01,9.583426e-01,2.183114e-02,1.960348e-02,2.227668e-04,7.347861e+04
1.800000e+01,9.576743e-01,2.183114e-02,2.027178e-02,2.227668e-04,8.624031e+04
1.816667e+01,9.565605e-01,2.294498e-02,2.027178e-02,2.227668e-04,1.020081e+05
1.833333e+01,9.563377e-01,2.316774e-02,2.027178e-02,2.227668e-04,1.212668e+05
1.850000e+01,9.556694e-01,2.361328e-02,2.049454e-02,2.227668e-04,1.445416e+05
1.866667e+01,9.545556e-01,2.450434e-02,2.071731e-02,2.227668e-04,1.724043e+05
1.883333e+01,9.545556e-01,2.316774e-02,2.205391e-02,2.227668e-04,2.054704e+05
1.900000e+01,9.538873e-01,2.272221e-02,2.316774e-02,2.227668e-04,2.444012e+05
1.916667e+01,9.534417e-01,2.316774e-02,2.316774e-02,2.227668e-04,2.899201e+05
1.933333e+01,9.529962e-01,2.339051e-02,2.339051e-02,2.227668e-04,3.429032e+05
1.950000e+01,9.523279e-01,2.383604e-02,2.361328e-02,2.227668e-04,4.041771e+05
1.966667e+01,9.512141e-01,2.450434e-02,2.383604e-02,4.455335e-04,4.907378e+05
1.983333e+01,9.507685e-01,2.494988e-02,2.383604e-02,4.455335e-04,5.891217e+05
2.000000e+01,9.503230e-01,2.472711e-02,2.450434e-02,4.455335e-04,6.566887e+05
2.016667e+01,9.498775e-01,2.405881e-02,2.561818e-02,4.455335e-04,7.412936e+05
2.033333e+01,9.487636e-01,2.494988e-02,2.584094e-02,4.455335e-04,8.446590e+05
2.050000e+01,9.483181e-01,2.316774e-02,2.806861e-02,4.455335e-04,9.684568e+05
2.066667e+01,9.476498e-01,2.361328e-02,2.829138e-02,4.455335e-04,1.114250e+06
2.083333e+01,9.469815e-01,2.339051e-02,2.895968e-02,6.683003e-04,1.286995e+06
2.100000e+01,9.454221e-01,2.428158e-02,2.962798e-02,6.683003e-04,1.484867e+06
2.116667e+01,9.443083e-01,2.405881e-02,3.096458e-02,6.683003e-04,1.674763e+06
2.133333e+01,9.438628e-01,2.383604e-02,3.118735e-02,1.113834e-03,1.893181e+06
2.150000e+01,9.425262e-01,2.428158e-02,3.207841e-02,1.113834e-03,2.140592e+06
2.166667e+01,9.418579e-01,2.428158e-02,3.274671e-02,1.113834e-03,2.337036e+06
2.183333e+01,9.402985e-01,2.494988e-02,3.363778e-02,1.113834e-03,2.568596e+06
2.200000e+01,9.387391e-01,2.650924e-02,3.363778e-02,1.113834e-03,2.836923e+06
2.216667e+01,9.369570e-01,2.762308e-02,3.408331e-02,1.336601e-03,3.144315e+06
2.233333e+01,9.362887e-01,2.762308e-02,3.408331e-02,2.004901e-03,3.492893e+06
2.250000e+01,9.349521e-01,2.829138e-02,3.475162e-02,2.004901e-03,3.842465e+06
2.266667e+01,9.342838e-01,2.829138e-02,3.541992e-02,2.004901e-03,4.146863e+06
2.283333e+01,9.336155e-01,2.806861e-02,3.631098e-02,2.004901e-03,4.503696e+06
2.300000e+01,9.320561e-01,2.851415e-02,3.697928e-02,2.450434e-03,4.915541e+06
2.316667e+01,9.309423e-01,2.940521e-02,3.697928e-02,2.673201e-03,5.384821e+06
2.333333e+01,9.289374e-01,3.029628e-02,3.809312e-02,2.673201e-03,5.852076e+06
2.350000e+01,9.271553e-01,3.096458e-02,3.898418e-02,2.895968e-03,6.339437e+06
2.366667e+01,9.255959e-01,3.141011e-02,3.942972e-02,3.564268e-03,6.889052e+06
2.383333e+01,9.233682e-01,3.252395e-02,4.032078e-02,3.787035e-03,7.454909e+06
2.400000e+01,9.220316e-01,3.296948e-02,4.076632e-02,4.232569e-03,7.945785e+06
2.416667e+01,9.200267e-01,3.408331e-02,4.076632e-02,5.123636e-03,8.466638e+06
2.433333e+01,9.182446e-01,3.475162e-02,4.165738e-02,5.346402e-03,9.020194e+06
2.450000e+01,9.153486e-01,3.720205e-02,4.165738e-02,5.791936e-03,9.488115e+06
2.466667e+01,9.137893e-01,3.809312e-02,4.165738e-02,6.460236e-03,1.000230e+07
2.483333e+01,9.124527e-01,3.853865e-02,4.254845e-02,6.460236e-03,1.050570e+07
2.500000e+01,9.111161e-01,3.764758e-02,4.433059e-02,6.905770e-03,1.094682e+07
2.516667e+01,9.086656e-01,3.876142e-02,4.499889e-02,7.574070e-03,1.150495e+07
2.533333e+01,9.073290e-01,3.809312e-02,4.655825e-02,8.019603e-03,1.218485e+07
2.550000e+01,9.046558e-01,3.965248e-02,4.700379e-02,8.687904e-03,1.281066e+07
2.566667e+01,9.015371e-01,4.232569e-02,4.655825e-02,9.578971e-03,1.345033e+07
2.583333e+01,8.999777e-01,4.232569e-02,4.722655e-02,1.047004e-02,1.404352e+07
2.600000e+01,8.981956e-01,4.277122e-02,4.655825e-02,1.247494e-02,1.456042e+07
2.616667e+01,8.959679e-01,4.343952e-02,4.744932e-02,1.314324e-02,1.502022e+07
2.633333e+01,8.944086e-01,4.410782e-02,4.744932e-02,1.403431e-02,1.517697e+07
2.650000e+01,8.919581e-01,4.544442e-02,4.744932e-02,1.514814e-02,1.532465e+07
2.666667e+01,8.888394e-01,4.700379e-02,4.856315e-02,1.559367e-02,1.547890e+07
2.683333e+01,8.863890e-01,4.923145e-02,4.834039e-02,1.603921e-02,1.554609e+07
2.700000e+01,8.846068e-01,4.923145e-02,4.967699e-02,1.648474e-02,1.573235e+07
2.716667e+01,8.821564e-01,5.056806e-02,5.056806e-02,1.670751e-02,1.598661e+07
2.733333e+01,8.801515e-01,5.123636e-02,5.145912e-02,1.715304e-02,1.633025e+07
2.750000e+01,8.781466e-01,5.145912e-02,5.301849e-02,1.737581e-02,1.675722e+07
2.766667e+01,8.759189e-01,5.190466e-02,5.480062e-02,1.737581e-02,1.726139e+07
2.783333e+01,8.739140e-01,5.212742e-02,5.546892e-02,1.848964e-02,1.783549e+07
2.800000e+01,8.716863e-01,5.346402e-02,5.569169e-02,1.915794e-02,1.851581e+07
2.816667e+01,8.699042e-01,5.301849e-02,5.635999e-02,2.071731e-02,1.908969e+07
2.833333e+01,8.661172e-01,5.457786e-02,5.791936e-02,2.138561e-02,1.962788e+07
2.850000e+01,8.616618e-01,5.769659e-02,5.725106e-02,2.339051e-02,1.999239e+07
2.866667e+01,8.594342e-01,5.925596e-02,5.569169e-02,2.561818e-02,2.036828e+07
2.883333e+01,8.569837e-01,6.059256e-02,5.613722e-02,2.628648e-02,2.049889e+07
2.900000e+01,8.545333e-01,6.126086e-02,5.725106e-02,2.695478e-02,2.031956e+07
2.916667e+01,8.516373e-01,6.215193e-02,5.925596e-02,2.695478e-02,2.014282e+07
2.933333e+01,8.478503e-01,6.415683e-02,6.036979e-02,2.762308e-02,1.996732e+07
2.950000e+01,8.451771e-01,6.504789e-02,6.170639e-02,2.806861e-02,1.996670e+07
2.966667e+01,8.425039e-01,6.616173e-02,6.259746e-02,2.873691e-02,1.997478e+07
2.983333e+01,8.400535e-01,6.616173e-02,6.437959e-02,2.940521e-02,2.002897e+07
3.000000e+01,8.367120e-01,6.816663e-02,6.527066e-02,2.985075e-02,2.007369e+07
3.016667e+01,8.351526e-01,6.794386e-02,6.638450e-02,3.051905e-02,2.017822e+07
3.033333e+01,8.327022e-01,6.816663e-02,6.772110e-02,3.141011e-02,2.031862e+07
3.050000e+01,8.302517e-01,6.994876e-02,6.727556e-02,3.252395e-02,2.048938e+07
3.066667e+01,8.286924e-01,7.083983e-02,6.660726e-02,3.386055e-02,2.064342e+07
3.083333e+01,8.255736e-01,7.217643e-02,6.749833e-02,3.475162e-02,2.066141e+07
3.100000e+01,8.242370e-01,7.239920e-02,6.705280e-02,3.631098e-02,2.053005e+07
3.116667e+01,8.217866e-01,7.351303e-02,6.816663e-02,3.653375e-02,2.032500e+07
3.133333e+01,8.202272e-01,7.195366e-02,7.061706e-02,3.720205e-02,1.995451e+07
3.150000e+01,8.175540e-01,7.150813e-02,7.306750e-02,3.787035e-02,1.967380e+07
3.166667e+01,8.144353e-01,7.262196e-02,7.462687e-02,3.831588e-02,1.944339e+07
3.183333e+01,8.108710e-01,7.484963e-02,7.529517e-02,3.898418e-02,1.920347e+07
3.200000e+01,8.077523e-01,7.596347e-02,7.663177e-02,3.965248e-02,1.903797e+07
3.216667e+01,8.055246e-01,7.663177e-02,7.752283e-02,4.032078e-02,1.887703e+07
3.233333e+01,8.035197e-01,7.484963e-02,8.086434e-02,4.076632e-02,1.871573e+07
3.250000e+01,8.006237e-01,7.618623e-02,8.153264e-02,4.165738e-02,1.853974e+07
3.266667e+01,7.972822e-01,7.752283e-02,8.309200e-02,4.210292e-02,1.843242e+07
3.283333e+01,7.943863e-01,7.885943e-02,8.420584e-02,4.254845e-02,1.832545e+07
3.300000e+01,7.919358e-01,7.752283e-02,8.754734e-02,4.299399e-02,1.829347e+07
3.316667e+01,7.894854e-01,7.796837e-02,8.888394e-02,4.366229e-02,1.831708e+07
3.333333e+01,7.870350e-01,7.863667e-02,9.044331e-02,4.388505e-02,1.844607e+07
3.350000e+01,7.848073e-01,7.863667e-02,9.244821e-02,4.410782e-02,1.858604e+07
3.366667e+01,7.828024e-01,7.841390e-02,9.445311e-02,4.433059e-02,1.889842e+07
3.383333e+01,7.803520e-01,7.930497e-02,9.467587e-02,4.566719e-02,1.933144e+07
3.400000e+01,7.781243e-01,7.819113e-02,9.757184e-02,4.611272e-02,1.993204e+07
3.416667e+01,7.750056e-01,8.041880e-02,9.779461e-02,4.678102e-02,2.047913e+07
3.433333e+01,7.721096e-01,8.108710e-02,9.935398e-02,4.744932e-02,2.108083e+07
3.450000e+01,7.685453e-01,8.175540e-02,1.013589e-01,4.834039e-02,2.171361e+07
3.466667e+01,7.665404e-01,8.220094e-02,1.022499e-01,4.900869e-02,2.237273e+07
3.483333e+01,7.634217e-01,8.376030e-02,1.020272e-01,5.079082e-02,2.303692e+07
3.500000e+01,7.609713e-01,8.331477e-02,1.031410e-01,5.257296e-02,2.370912e+07
3.516667e+01,7.589664e-01,8.353754e-02,1.042548e-01,5.324126e-02,2.419025e+07
3.533333e+01,7.562932e-01,8.376030e-02,1.053687e-01,5.457786e-02,2.463173e+07
3.550000e+01,7.536200e-01,8.487414e-02,1.067053e-01,5.480062e-02,2.511151e+07
3.566667e+01,7.511695e-01,8.509690e-02,1.084874e-01,5.524616e-02,2.559201e+07
3.583333e+01,7.489419e-01,8.531967e-02,1.089329e-01,5.680552e-02,2.625225e+07
3.600000e+01,7.453776e-01,8.598797e-02,1.104923e-01,5.814213e-02,2.702865e+07
3.616667e+01,7.442638e-01,8.465137e-02,1.118289e-01,5.925596e-02,2.773710e+07
3.633333e+01,7.415906e-01,8.598797e-02,1.124972e-01,5.992426e-02,2.842460e+07
3.650000e+01,7.391401e-01,8.754734e-02,1.116061e-01,6.170639e-02,2.920543e+07
3.666667e+01,7.373580e-01,8.710180e-02,1.129427e-01,6.259746e-02,3.008236e+07
3.683333e+01,7.362442e-01,8.621074e-02,1.142793e-01,6.326576e-02,3.087226e+07
3.700000e+01,7.344620e-01,8.598797e-02,1.149476e-01,6.460236e-02,3.174641e+07
3.716667e+01,7.331254e-01,8.531967e-02,1.158387e-01,6.571620e-02,3.274292e+07
3.733333e+01,7.311205e-01,8.442860e-02,1.167298e-01,6.772110e-02,3.375710e+07
3.750000e+01,7.268879e-01,8.732457e-02,1.169526e-01,6.883493e-02,3.479673e+07
3.766667e+01,7.246603e-01,8.710180e-02,1.178436e-01,7.039430e-02,3.590925e+07
3.783333e+01,7.213188e-01,8.799287e-02,1.194030e-01,7.128536e-02,3.705488e+07
3.800000e+01,7.184228e-01,8.866117e-02,1.205168e-01,7.239920e-02,3.823978e+07
3.816667e+01,7.159724e-01,8.888394e-02,1.200713e-01,7.507240e-02,3.951253e+07
3.833333e+01,7.137447e-01,8.821564e-02,1.216307e-01,7.640900e-02,4.085300e+07
3.850000e+01,7.108487e-01,8.910671e-02,1.211851e-01,7.885943e-02,4.202556e+07
3.866667e+01,7.090666e-01,8.888394e-02,1.209624e-01,8.108710e-02,4.322577e+07
3.883333e+01,7.070617e-01,8.843840e-02,1.214079e-01,8.309200e-02,4.427346e+07
3.900000e+01,7.043885e-01,8.799287e-02,1.236356e-01,8.398307e-02,4.523332e+07
3.916667e+01,7.014925e-01,8.910671e-02,1.238583e-01,8.554244e-02,4.610467e+07
3.933333e+01,6.994876e-01,8.888394e-02,1.234128e-01,8.821564e-02,4.707205e+07
3.950000e+01,6.972600e-01,8.843840e-02,1.249722e-01,8.932947e-02,4.802053e+07
3.966667e+01,6.950323e-01,8.843840e-02,1.251949e-01,9.133437e-02,4.883545e+07
3.983333e+01,6.928046e-01,8.754734e-02,1.263088e-01,9.333927e-02,4.977140e+07
4.000000e+01,6.894631e-01,8.799287e-02,1.274226e-01,9.512141e-02,5.063650e+07
4.016667e+01,6.863444e-01,8.710180e-02,1.289820e-01,9.757184e-02,5.142192e+07
4.033333e+01,6.825574e-01,8.955224e-02,1.292047e-01,9.868568e-02,5.217850e+07
4.050000e+01,6.807752e-01,8.932947e-02,1.292047e-01,1.006906e-01,5.286080e+07
4.066667e+01,6.778793e-01,8.932947e-02,1.292047e-01,1.035865e-01,5.371043e+07
4.083333e+01,6.756516e-01,8.977501e-02,1.283137e-01,1.062597e-01,5.455831e+07
4.100000e+01,6.718646e-01,9.200267e-02,1.278681e-01,1.082646e-01,5.524664e+07
4.116667e+01,6.685231e-01,9.356204e-02,1.271998e-01,1.107151e-01,5.584318e+07
4.133333e+01,6.658499e-01,9.378481e-02,1.285364e-01,1.118289e-01,5.650200e+07
4.150000e+01,6.633994e-01,9.400757e-02,1.289820e-01,1.136110e-01,5.711216e+07
4.166667e+01,6.605035e-01,9.378481e-02,1.298730e-01,1.158387e-01,5.792528e+07
4.183333e+01,6.580530e-01,9.489864e-02,1.274226e-01,1.196258e-01,5.886369e+07
4.200000e+01,6.547115e-01,9.556694e-02,1.280909e-01,1.216307e-01,5.977453e+07
4.216667e+01,6.515928e-01,9.734908e-02,1.254177e-01,1.256405e-01,6.025001e+07
4.233333e+01,6.478057e-01,9.846291e-02,1.256405e-01,1.280909e-01,6.076007e+07
4.250000e+01,6.440187e-01,9.868568e-02,1.276454e-01,1.296503e-01,6.081562e+07
4.266667e+01,6.397861e-01,9.979951e-02,1.278681e-01,1.325462e-01,6.089802e+07
4.283333e+01,6.362219e-01,1.000223e-01,1.296503e-01,1.341056e-01,6.112818e+07
4.300000e+01,6.306527e-01,1.029182e-01,1.314324e-01,1.349967e-01,6.132414e+07
4.316667e+01,6.286478e-01,1.024727e-01,1.309869e-01,1.378926e-01,6.168016e+07
4.333333e+01,6.264201e-01,1.020272e-01,1.298730e-01,1.416797e-01,6.228652e+07
4.350000e+01,6.224103e-01,1.033638e-01,1.314324e-01,1.427935e-01,6.271812e+07
4.366667e+01,6.186233e-01,1.033638e-01,1.321007e-01,1.459122e-01,6.285942e+07
4.383333e+01,6.134997e-01,1.064825e-01,1.316552e-01,1.483627e-01,6.315414e+07
4.400000e+01,6.092671e-01,1.062597e-01,1.347739e-01,1.496993e-01,6.327491e+07
4.416667e+01,6.050345e-01,1.073736e-01,1.356650e-01,1.519269e-01,6.337740e+07
4.433333e+01,6.008020e-01,1.082646e-01,1.365560e-01,1.543774e-01,6.365353e+07
4.450000e+01,5.976832e-01,1.089329e-01,1.374471e-01,1.559367e-01,6.388434e+07
4.466667e+01,5.945645e-01,1.100468e-01,1.372243e-01,1.581644e-01,6.412764e+07
4.483333e+01,5.905547e-01,1.109378e-01,1.385609e-01,1.599465e-01,6.450496e+07
4.500000e+01,5.858766e-01,1.122744e-01,1.403431e-01,1.615059e-01,6.486028e+07
4.516667e+01,5.809757e-01,1.131655e-01,1.416797e-01,1.641791e-01,6.533817e+07
4.533333e+01,5.776342e-01,1.129427e-01,1.405658e-01,1.688572e-01,6.590302e+07
4.550000e+01,5.751838e-01,1.133883e-01,1.410114e-01,1.704166e-01,6.641128e+07
4.566667e+01,5.718423e-01,1.131655e-01,1.407886e-01,1.742036e-01,6.644974e+07
4.583333e+01,5.669414e-01,1.133883e-01,1.421252e-01,1.775451e-01,6.659400e+07
4.600000e+01,5.647137e-01,1.116061e-01,1.432390e-01,1.804411e-01,6.644279e+07
4.616667e+01,5.609267e-01,1.113834e-01,1.443529e-01,1.833370e-01,6.618879e+07
4.633333e+01,5.569169e-01,1.131655e-01,1.441301e-01,1.857875e-01,6.581654e+07
4.650000e+01,5.537982e-01,1.131655e-01,1.454667e-01,1.875696e-01,6.541561e+07
4.666667e+01,5.493428e-01,1.156160e-01,1.447984e-01,1.902428e-01,6.499651e+07
4.683333e+01,5.448875e-01,1.147249e-01,1.476944e-01,1.926933e-01,6.469571e+07
4.700000e+01,5.411005e-01,1.151704e-01,1.490310e-01,1.946982e-01,6.433307e+07
4.716667e+01,5.370907e-01,1.151704e-01,1.514814e-01,1.962575e-01,6.403426e+07
4.733333e+01,5.328581e-01,1.142793e-01,1.523725e-01,2.004901e-01,6.389305e+07
4.750000e+01,5.270662e-01,1.171753e-01,1.517042e-01,2.040544e-01,6.388549e+07
4.766667e+01,5.223881e-01,1.185119e-01,1.534863e-01,2.056137e-01,6.355634e+07
4.783333e+01,5.170417e-01,1.198485e-01,1.561595e-01,2.069503e-01,6.309518e+07
4.800000e+01,5.128091e-01,1.222990e-01,1.554912e-01,2.094008e-01,6.284146e+07
4.816667e+01,5.090221e-01,1.220762e-01,1.561595e-01,2.127423e-01,6.284318e+07
4.833333e+01,5.054578e-01,1.211851e-01,1.586099e-01,2.147472e-01,6.285281e+07
4.850000e+01,5.014480e-01,1.216307e-01,1.592782e-01,2.176431e-01,6.259798e+07
4.866667e+01,4.974382e-01,1.211851e-01,1.623970e-01,2.189797e-01,6.246623e+07
4.883333e+01,4.925373e-01,1.222990e-01,1.648474e-01,2.203163e-01,6.226578e+07
4.900000e+01,4.891958e-01,1.218534e-01,1.666295e-01,2.223212e-01,6.224918e+07
4.916667e+01,4.845177e-01,1.229673e-01,1.688572e-01,2.236578e-01,6.246746e+07
4.933333e+01,4.796168e-01,1.243039e-01,1.699710e-01,2.261083e-01,6.280646e+07
4.950000e+01,4.758298e-01,1.256405e-01,1.697483e-01,2.287815e-01,6.330276e+07
4.966667e+01,4.727111e-01,1.240811e-01,1.721987e-01,2.310091e-01,6.376704e+07
4.983333e+01,4.691468e-01,1.243039e-01,1.726442e-01,2.339051e-01,6.409925e+07
5.000000e+01,4.653598e-01,1.243039e-01,1.742036e-01,2.361328e-01,6.451455e+07
5.016667e+01,4.617955e-01,1.240811e-01,1.757630e-01,2.383604e-01,6.479438e+07
5.033333e+01,4.566719e-01,1.265315e-01,1.755402e-01,2.412564e-01,6.507044e+07
5.050000e+01,4.531076e-01,1.274226e-01,1.766540e-01,2.428158e-01,6.538311e+07
5.066667e+01,4.486523e-01,1.292047e-01,1.770996e-01,2.450434e-01,6.563981e+07
5.083333e+01,4.448652e-01,1.298730e-01,1.786589e-01,2.466028e-01,6.597568e+07
5.100000e+01,4.421920e-01,1.278681e-01,1.797728e-01,2.501671e-01,6.637632e+07
5.116667e+01,4.375139e-01,1.296503e-01,1.802183e-01,2.526175e-01,6.694006e+07
5.133333e+01,4.337269e-01,1.309869e-01,1.793272e-01,2.559590e-01,6.732763e+07
5.150000e+01,4.301626e-01,1.314324e-01,1.802183e-01,2.581867e-01,6.767642e+07
5.166667e+01,4.268211e-01,1.316552e-01,1.808866e-01,2.606371e-01,6.784245e+07
5.183333e+01,4.230341e-01,1.316552e-01,1.820004e-01,2.633103e-01,6.802430e+07
5.200000e+01,4.208064e-01,1.318779e-01,1.820004e-01,2.653152e-01,6.823441e+07
5.216667e+01,4.154600e-01,1.332145e-01,1.840053e-01,2.673201e-01,6.834611e+07
5.233333e+01,4.098908e-01,1.354422e-01,1.848964e-01,2.697706e-01,6.849317e+07
5.250000e+01,4.045444e-01,1.374471e-01,1.860102e-01,2.719982e-01,6.879701e+07
5.266667e+01,3.991980e-01,1.392292e-01,1.866785e-01,2.748942e-01,6.911819e+07
5.283333e+01,3.936289e-01,1.401203e-01,1.889062e-01,2.773446e-01,6.958969e+07
5.300000e+01,3.905101e-01,1.401203e-01,1.893517e-01,2.800178e-01,6.999522e+07
5.316667e+01,3.867231e-01,1.387837e-01,1.915794e-01,2.829138e-01,7.048639e+07
5.333333e+01,3.818222e-01,1.394520e-01,1.935843e-01,2.851415e-01,7.095133e+07
5.350000e+01,3.778124e-01,1.405658e-01,1.935843e-01,2.880374e-01,7.138251e+07
5.366667e+01,3.738026e-01,1.412341e-01,1.938071e-01,2.911562e-01,7.194425e+07
5.383333e+01,3.693473e-01,1.396748e-01,1.969258e-01,2.940521e-01,7.248124e+07
5.400000e+01,3.671196e-01,1.361105e-01,1.995990e-01,2.971709e-01,7.296780e+07
5.416667e+01,3.640009e-01,1.354422e-01,2.000446e-01,3.005124e-01,7.342953e+07
5.433333e+01,3.602139e-01,1.372243e-01,1.998218e-01,3.027400e-01,7.388253e+07
5.450000e+01,3.557585e-01,1.385609e-01,1.993763e-01,3.063043e-01,7.426721e+07
5.466667e+01,3.519715e-01,1.390065e-01,1.998218e-01,3.092003e-01,7.477660e+07
5.483333e+01,3.481845e-01,1.387837e-01,2.002673e-01,3.127645e-01,7.530321e+07
5.500000e+01,3.441746e-01,1.401203e-01,2.020495e-01,3.136556e-01,7.582947e+07
5.516667e+01,3.410559e-01,1.403431e-01,2.018267e-01,3.167743e-01,7.647812e+07
5.533333e+01,3.359323e-01,1.407886e-01,2.042771e-01,3.190020e-01,7.750326e+07
5.550000e+01,3.308086e-01,1.419024e-01,2.056137e-01,3.216752e-01,7.850118e+07
5.566667e+01,3.267988e-01,1.421252e-01,2.067276e-01,3.243484e-01,7.965975e+07
5.583333e+01,3.223435e-01,1.425707e-01,2.060593e-01,3.290265e-01,8.096135e+07
5.600000e+01,3.190020e-01,1.419024e-01,2.056137e-01,3.334818e-01,8.234054e+07
5.616667e+01,3.141011e-01,1.414569e-01,2.069503e-01,3.374916e-01,8.342236e+07
5.633333e+01,3.109824e-01,1.398975e-01,2.089552e-01,3.401648e-01,8.430995e+07
5.650000e+01,3.063043e-01,1.401203e-01,2.102918e-01,3.432836e-01,8.503408e+07
5.666667e+01,3.018490e-01,1.421252e-01,2.087325e-01,3.472934e-01,8.589693e+07
5.683333e+01,2.976164e-01,1.427935e-01,2.094008e-01,3.501894e-01,8.677837e+07
5.700000e+01,2.929383e-01,1.436846e-01,2.087325e-01,3.546447e-01,8.751264e+07
5.716667e+01,2.904879e-01,1.419024e-01,2.091780e-01,3.584317e-01,8.824609e+07
5.733333e+01,2.864781e-01,1.414569e-01,2.122967e-01,3.597683e-01,8.888150e+07
5.750000e+01,2.833593e-01,1.405658e-01,2.129650e-01,3.631098e-01,8.946085e+07
5.766667e+01,2.789040e-01,1.423480e-01,2.122967e-01,3.664513e-01,9.047928e+07
5.783333e+01,2.757853e-01,1.403431e-01,2.147472e-01,3.691245e-01,9.154382e+07
5.800000e+01,2.719982e-01,1.401203e-01,2.145244e-01,3.733571e-01,9.256236e+07
5.816667e+01,2.664290e-01,1.432390e-01,2.116284e-01,3.787035e-01,9.377694e+07
5.833333e+01,2.608599e-01,1.439073e-01,2.127423e-01,3.824905e-01,9.476930e+07
5.850000e+01,2.584094e-01,1.410114e-01,2.151927e-01,3.853865e-01,9.541105e+07
5.866667e+01,2.543996e-01,1.401203e-01,2.160838e-01,3.893963e-01,9.600034e+07
5.883333e+01,2.483849e-01,1.425707e-01,2.140789e-01,3.949655e-01,9.666365e+07
5.900000e+01,2.452662e-01,1.423480e-01,2.143016e-01,3.980842e-01,9.713173e+07
5.916667e+01,2.403653e-01,1.427935e-01,2.151927e-01,4.016485e-01,9.713891e+07
5.933333e+01,2.347962e-01,1.436846e-01,2.167521e-01,4.047672e-01,9.722510e+07
5.950000e+01,2.301181e-01,1.456895e-01,2.163065e-01,4.078859e-01,9.752606e+07
5.966667e+01,2.258855e-01,1.468033e-01,2.156382e-01,4.116730e-01,9.794909e+07
5.983333e+01,2.218757e-01,1.465805e-01,2.158610e-01,4.156828e-01,9.853577e+07
6.000000e+01,2.192025e-01,1.443529e-01,2.178659e-01,4.185787e-01,9.899375e+07
6.016667e+01,2.151927e-01,1.434618e-01,2.178659e-01,4.234796e-01,9.941557e+07
6.033333e+01,2.118512e-01,1.419024e-01,2.192025e-01,4.270439e-01,1.000339e+08
6.050000e+01,2.078414e-01,1.439073e-01,2.165293e-01,4.317220e-01,1.003074e+08
6.066667e+01,2.031633e-01,1.452439e-01,2.171976e-01,4.343952e-01,1.005406e+08
6.083333e+01,1.991535e-01,1.452439e-01,2.160838e-01,4.395188e-01,1.006076e+08
6.100000e+01,1.951437e-01,1.443529e-01,2.171976e-01,4.433059e-01,1.010339e+08
6.116667e+01,1.906883e-01,1.443529e-01,2.183114e-01,4.466474e-01,1.012394e+08
6.133333e+01,1.871241e-01,1.432390e-01,2.189797e-01,4.506572e-01,1.014446e+08
6.150000e+01,1.837826e-01,1.427935e-01,2.189797e-01,4.544442e-01,1.016829e+08
6.166667e+01,1.806638e-01,1.410114e-01,2.198708e-01,4.584540e-01,1.018899e+08
6.183333e+01,1.773223e-01,1.398975e-01,2.223212e-01,4.604589e-01,1.021131e+08
6.200000e+01,1.748719e-01,1.387837e-01,2.229895e-01,4.633549e-01,1.022836e+08
6.216667e+01,1.726442e-01,1.372243e-01,2.223212e-01,4.678102e-01,1.027501e+08
6.233333e+01,1.686344e-01,1.378926e-01,2.209846e-01,4.724883e-01,1.034031e+08
6.250000e+01,1.672978e-01,1.358877e-01,2.200936e-01,4.767209e-01,1.038955e+08
6.266667e+01,1.644019e-01,1.363333e-01,2.176431e-01,4.816217e-01,1.041543e+08
6.283333e+01,1.606148e-01,1.370016e-01,2.160838e-01,4.862998e-01,1.042667e+08
6.300000e+01,1.570506e-01,1.354422e-01,2.176431e-01,4.898641e-01,1.041327e+08
6.316667e+01,1.519269e-01,1.363333e-01,2.189797e-01,4.927601e-01,1.038334e+08
6.333333e+01,1.479171e-01,1.367788e-01,2.187570e-01,4.965471e-01,1.035862e+08
6.350000e+01,1.452439e-01,1.341056e-01,2.196480e-01,5.010025e-01,1.035551e+08
6.366667e+01,1.430163e-01,1.325462e-01,2.198708e-01,5.045667e-01,1.035171e+08
6.383333e+01,1.405658e-01,1.316552e-01,2.203163e-01,5.074627e-01,1.035099e+08
6.400000e+01,1.363333e-01,1.321007e-01,2.185342e-01,5.130319e-01,1.035393e+08
6.416667e+01,1.343284e-01,1.312096e-01,2.189797e-01,5.154823e-01,1.038152e+08
6.433333e+01,1.321007e-01,1.280909e-01,2.212074e-01,5.186010e-01,1.038456e+08
6.450000e+01,1.292047e-01,1.280909e-01,2.192025e-01,5.235019e-01,1.042527e+08
6.466667e+01,1.258632e-01,1.276454e-01,2.196480e-01,5.268434e-01,1.049147e+08
6.483333e+01,1.231900e-01,1.258632e-01,2.205391e-01,5.304077e-01,1.053214e+08
6.500000e+01,1.214079e-01,1.238583e-01,2.200936e-01,5.346402e-01,1.057106e+08
6.516667e+01,1.189575e-01,1.243039e-01,2.180887e-01,5.386500e-01,1.061113e+08
6.533333e+01,1.156160e-01,1.260860e-01,2.165293e-01,5.417688e-01,1.063800e+08
6.550000e+01,1.120517e-01,1.249722e-01,2.183114e-01,5.446647e-01,1.066324e+08
6.566667e+01,1.093785e-01,1.254177e-01,2.167521e-01,5.484518e-01,1.069109e+08
6.583333e+01,1.064825e-01,1.251949e-01,2.151927e-01,5.531299e-01,1.074299e+08
6.600000e+01,1.038093e-01,1.243039e-01,2.147472e-01,5.571397e-01,1.079033e+08
6.616667e+01,1.013589e-01,1.236356e-01,2.125195e-01,5.624861e-01,1.083204e+08
6.633333e+01,9.979951e-02,1.216307e-01,2.120740e-01,5.664959e-01,1.087031e+08
6.650000e+01,9.645801e-02,1.216307e-01,2.116284e-01,5.702829e-01,1.088919e+08
6.666667e+01,9.467587e-02,1.198485e-01,2.107374e-01,5.747382e-01,1.091093e+08
6.683333e+01,9.177991e-02,1.198485e-01,2.102918e-01,5.780798e-01,1.093342e+08
6.700000e+01,9.022054e-02,1.178436e-01,2.094008e-01,5.825351e-01,1.093805e+08
6.716667e+01,8.955224e-02,1.151704e-01,2.085097e-01,5.867677e-01,1.095130e+08
6.733333e+01,8.799287e-02,1.113834e-01,2.100691e-01,5.905547e-01,1.095746e+08
6.750000e+01,8.643350e-02,1.104923e-01,2.096235e-01,5.934507e-01,1.095765e+08
6.766667e+01,8.309200e-02,1.113834e-01,2.076186e-01,5.979060e-01,1.097187e+08
6.783333e+01,8.064157e-02,1.113834e-01,2.062820e-01,6.016930e-01,1.100422e+08
6.800000e+01,7.796837e-02,1.102695e-01,2.062820e-01,6.054801e-01,1.102344e+08
6.816667e+01,7.618623e-02,1.084874e-01,2.060593e-01,6.092671e-01,1.104544e+08
6.833333e+01,7.418133e-02,1.078191e-01,2.049454e-01,6.130541e-01,1.107858e+08
6.850000e+01,7.284473e-02,1.064825e-01,2.033861e-01,6.172867e-01,1.110905e+08
6.866667e+01,7.039430e-02,1.080419e-01,1.982624e-01,6.233014e-01,1.113557e+08
6.883333e+01,6.838940e-02,1.075963e-01,1.971486e-01,6.268657e-01,1.116212e+08
6.900000e+01,6.638450e-02,1.058142e-01,1.978169e-01,6.299844e-01,1.114716e+08
6.916667e+01,6.549343e-02,1.031410e-01,1.971486e-01,6.342170e-01,1.114162e+08
6.933333e+01,6.282023e-02,1.033638e-01,1.946982e-01,6.391178e-01,1.115221e+08
6.950000e+01,6.170639e-02,1.011361e-01,1.955892e-01,6.415683e-01,1.115464e+08
6.966667e+01,5.925596e-02,1.009133e-01,1.942526e-01,6.455781e-01,1.115330e+08
6.983333e+01,5.747382e-02,1.004678e-01,1.920249e-01,6.500334e-01,1.118348e+08
7.000000e+01,5.569169e-02,9.957674e-02,1.920249e-01,6.527066e-01,1.120113e+08
7.016667e+01,5.569169e-02,9.734908e-02,1.906883e-01,6.562709e-01,1.119769e+08
7.033333e+01,5.324126e-02,9.668078e-02,1.891290e-01,6.609490e-01,1.121766e+08
7.050000e+01,5.123636e-02,9.645801e-02,1.860102e-01,6.662954e-01,1.123482e+08
7.066667e+01,4.989975e-02,9.512141e-02,1.853419e-01,6.696369e-01,1.122766e+08
7.083333e+01,4.900869e-02,9.356204e-02,1.848964e-01,6.725329e-01,1.118669e+08
7.100000e+01,4.722655e-02,9.267097e-02,1.844509e-01,6.756516e-01,1.116128e+08
7.116667e+01,4.611272e-02,9.177991e-02,1.820004e-01,6.801069e-01,1.115386e+08
7.133333e+01,4.410782e-02,9.088884e-02,1.802183e-01,6.847850e-01,1.116058e+08
7.150000e+01,4.388505e-02,8.888394e-02,1.793272e-01,6.879038e-01,1.115382e+08
7.166667e+01,4.299399e-02,8.732457e-02,1.759857e-01,6.936957e-01,1.114733e+08
7.183333e+01,4.232569e-02,8.576520e-02,1.739808e-01,6.979283e-01,1.116486e+08
7.200000e+01,4.121185e-02,8.420584e-02,1.715304e-01,7.030519e-01,1.115117e+08
7.216667e+01,3.942972e-02,8.331477e-02,1.715304e-01,7.057251e-01,1.114461e+08
7.233333e+01,3.787035e-02,8.242370e-02,1.699710e-01,7.097349e-01,1.113516e+08
7.250000e+01,3.742482e-02,8.108710e-02,1.664068e-01,7.150813e-01,1.115224e+08
7.266667e+01,3.653375e-02,7.952773e-02,1.655157e-01,7.184228e-01,1.116390e+08
7.283333e+01,3.475162e-02,7.952773e-02,1.632880e-01,7.224326e-01,1.114844e+08
7.300000e+01,3.230118e-02,7.997327e-02,1.619514e-01,7.257741e-01,1.115787e+08
7.316667e+01,3.074181e-02,7.885943e-02,1.601693e-01,7.302294e-01,1.116115e+08
7.333333e+01,2.985075e-02,7.930497e-02,1.577189e-01,7.331254e-01,1.117222e+08
7.350000e+01,2.895968e-02,7.819113e-02,1.548229e-01,7.380263e-01,1.117609e+08
7.366667e+01,2.762308e-02,7.685453e-02,1.541546e-01,7.413678e-01,1.119127e+08
7.383333e+01,2.695478e-02,7.529517e-02,1.523725e-01,7.453776e-01,1.117596e+08
7.400000e+01,2.673201e-02,7.351303e-02,1.512586e-01,7.484963e-01,1.115575e+08
7.416667e+01,2.584094e-02,7.217643e-02,1.488082e-01,7.531744e-01,1.112976e+08
7.433333e+01,2.494988e-02,7.150813e-02,1.452439e-01,7.582981e-01,1.111334e+08
7.450000e+01,2.383604e-02,7.195366e-02,1.423480e-01,7.618623e-01,1.107766e+08
7.466667e+01,2.316774e-02,7.083983e-02,1.398975e-01,7.660949e-01,1.099816e+08
7.483333e+01,2.205391e-02,7.061706e-02,1.376699e-01,7.696592e-01,1.091695e+08
7.500000e+01,2.071731e-02,6.972600e-02,1.358877e-01,7.736690e-01,1.081811e+08
7.516667e+01,1.938071e-02,7.017153e-02,1.327690e-01,7.776788e-01,1.072575e+08
7.533333e+01,1.893517e-02,6.883493e-02,1.309869e-01,7.812430e-01,1.062392e+08
7.550000e+01,1.782134e-02,6.861216e-02,1.289820e-01,7.845845e-01,1.051741e+08
7.566667e+01,1.693027e-02,6.794386e-02,1.254177e-01,7.897082e-01,1.041247e+08
7.583333e+01,1.648474e-02,6.683003e-02,1.222990e-01,7.943863e-01,1.031064e+08
7.600000e+01,1.559367e-02,6.638450e-02,1.194030e-01,7.986188e-01,1.017803e+08
7.616667e+01,1.559367e-02,6.415683e-02,1.198485e-01,8.004010e-01,1.002556e+08
7.633333e+01,1.537091e-02,6.259746e-02,1.167298e-01,8.053018e-01,9.853814e+07
7.650000e+01,1.425707e-02,6.103809e-02,1.142793e-01,8.104255e-01,9.721113e+07
7.666667e+01,1.336601e-02,6.036979e-02,1.120517e-01,8.142125e-01,9.569925e+07
7.683333e+01,1.314324e-02,6.014703e-02,1.107151e-01,8.159947e-01,9.383851e+07
7.700000e+01,1.247494e-02,5.903319e-02,1.111606e-01,8.173313e-01,9.191640e+07
7.716667e+01,1.158387e-02,5.747382e-02,1.102695e-01,8.206728e-01,9.031877e+07
7.733333e+01,1.069280e-02,5.635999e-02,1.096012e-01,8.233460e-01,8.901642e+07
7.750000e+01,1.047004e-02,5.457786e-02,1.098240e-01,8.251281e-01,8.765329e+07
7.766667e+01,9.578971e-03,5.457786e-02,1.075963e-01,8.282468e-01,8.629845e+07
7.783333e+01,8.910671e-03,5.413232e-02,1.047004e-01,8.322566e-01,8.532678e+07
7.800000e+01,8.242370e-03,5.390956e-02,1.026955e-01,8.351526e-01,8.442717e+07
7.816667e+01,7.796837e-03,5.257296e-02,1.011361e-01,8.384941e-01,8.336360e+07
7.833333e+01,7.351303e-03,5.257296e-02,1.002450e-01,8.398307e-01,8.223489e+07
7.850000e+01,6.905770e-03,5.079082e-02,9.913121e-02,8.431722e-01,8.114711e+07
7.866667e+01,6.460236e-03,4.967699e-02,9.868568e-02,8.451771e-01,8.029490e+07
7.883333e+01,5.791936e-03,4.945422e-02,9.623524e-02,8.485186e-01,7.931487e+07
7.900000e+01,4.900869e-03,4.878592e-02,9.578971e-02,8.505235e-01,7.846481e+07
7.916667e+01,4.232569e-03,4.811762e-02,9.534417e-02,8.523056e-01,7.753737e+07
7.933333e+01,4.232569e-03,4.655825e-02,9.356204e-02,8.556471e-01,7.684933e+07
7.950000e+01,3.787035e-03,4.611272e-02,9.200267e-02,8.580976e-01,7.639966e+07
7.966667e+01,3.118735e-03,4.544442e-02,9.133437e-02,8.601025e-01,7.578221e+07
7.983333e+01,3.118735e-03,4.410782e-02,9.066607e-02,8.621074e-01,7.504855e+07
