Time,U,I1,I2,D,Ve
0.000000e+00,9.997772e-01,2.227668e-04,0.000000e+00,0.000000e+00,0.000000e+00
1.666667e-01,9.997772e-01,2.227668e-04,0.000000e+00,0.000000e+00,0.000000e+00
3.333333e-01,9.997772e-01,2.227668e-04,0.000000e+00,0.000000e+00,0.000000e+00
5.000000e-01,9.997772e-01,2.227668e-04,0.000000e+00,0.000000e+00,0.000000e+00
6.666667e-01,9.997772e-01,2.227668e-04,0.000000e+00,0.000000e+00,0.000000e+00
8.333333e-01,9.997772e-01,2.227668e-04,0.000000e+00,0.000000e+00,0.000000e+00
1.000000e+00,9.997772e-01,2.227668e-04,0.000000e+00,0.000000e+00,0.000000e+00
1.166667e+00,9.997772e-01,2.227668e-04,0.000000e+00,0.000000e+00,0.000000e+00
1.333333e+00,9.997772e-01,2.227668e-04,0.000000e+00,0.000000e+00,0.000000e+00
1.500000e+00,9.997772e-01,2.227668e-04,0.000000e+00,0.000000e+00,0.000000e+00
1.666667e+00,9.997772e-01,2.227668e-04,0.000000e+00,0.000000e+00,0.000000e+00
1.833333e+00,9.997772e-01,2.227668e-04,0.000000e+00,0.000000e+00,0.000000e+00
2.000000e+00,9.997772e-01,0.000000e+00,2.227668e-04,0.000000e+00,0.000000e+00
2.166667e+00,9.997772e-01,0.000000e+00,2.227668e-04,0.000000e+00,0.000000e+00
2.333333e+00,9.997772e-01,0.000000e+00,2.227668e-04,0.000000e+00,4.129271e-02
2.500000e+00,9.997772e-01,0.000000e+00,2.227668e-04,0.000000e+00,8.932318e-02
2.666667e+00,9.997772e-01,0.000000e+00,2.227668e-04,0.000000e+00,1.460906e-01
2.833333e+00,9.997772e-01,0.000000e+00,2.227668e-04,0.000000e+00,2.140671e-01
3.000000e+00,9.997772e-01,0.000000e+00,2.227668e-04,0.000000e+00,2.963188e-01
3.166667e+00,9.997772e-01,0.000000e+00,2.227668e-04,0.000000e+00,3.966559e-01
3.333333e+00,9.997772e-01,0.000000e+00,2.227668e-04,0.000000e+00,5.198220e-01
3.500000e+00,9.997772e-01,0.000000e+00,2.227668e-04,0.000000e+00,6.717281e-01
3.666667e+00,9.997772e-01,0.000000e+00,2.227668e-04,0.000000e+00,8.597475e-01
3.833333e+00,9.997772e-01,0.000000e+00,2.227668e-04,0.000000e+00,1.093083e+00
4.000000e+00,9.997772e-01,0.000000e+00,2.227668e-04,0.000000e+00,1.383224e+00
4.166667e+00,9.997772e-01,0.000000e+00,2.227668e-04,0.000000e+00,1.744526e+00
4.333333e+00,9.997772e-01,0.000000e+00,2.227668e-04,0.000000e+00,2.194920e+00
4.500000e+00,9.997772e-01,0.000000e+00,2.227668e-04,0.000000e+00,2.756815e+00
4.666667e+00,9.997772e-01,0.000000e+00,2.227668e-04,0.000000e+00,3.458219e+00
4.833333e+00,9.997772e-01,0.000000e+00,2.227668e-04,0.000000e+00,4.334137e+00
5.000000e+00,9.997772e-01,0.000000e+00,2.227668e-04,0.000000e+00,5.428324e+00
5.166667e+00,9.997772e-01,0.000000e+00,2.227668e-04,0.000000e+00,6.795479e+00
5.333333e+00,9.997772e-01,0.000000e+00,2.227668e-04,0.000000e+00,8.503976e+00
5.500000e+00,9.997772e-01,0.000000e+00,2.227668e-04,0.000000e+00,1.063929e+01
5.666667e+00,9.997772e-01,0.000000e+00,2.227668e-04,0.000000e+00,1.330828e+01
5.833333e+00,9.997772e-01,0.000000e+00,2.227668e-04,0.000000e+00,1.664454e+01
6.000000e+00,9.997772e-01,0.000000e+00,2.227668e-04,0.000000e+00,2.081504e+01
6.166667e+00,9.997772e-01,0.000000e+00,2.227668e-04,0.000000e+00,2.602857e+01
6.333333e+00,9.997772e-01,0.000000e+00,2.227668e-04,0.000000e+00,3.254608e+01
6.500000e+00,9.997772e-01,0.000000e+00,2.227668e-04,0.000000e+00,4.069380e+01
6.666667e+00,9.997772e-01,0.000000e+00,2.227668e-04,0.000000e+00,5.087954e+01
6.833333e+00,9.997772e-01,0.000000e+00,2.227668e-04,0.000000e+00,6.361301e+01
7.000000e+00,9.997772e-01,0.000000e+00,2.227668e-04,0.000000e+00,7.953132e+01
7.166667e+00,9.997772e-01,0.000000e+00,2.227668e-04,0.000000e+00,9.943075e+01
7.333333e+00,9.995545e-01,2.227668e-04,2.227668e-04,0.000000e+00,1.243064e+02
7.500000e+00,9.991089e-01,6.683003e-04,2.227668e-04,0.000000e+00,1.554017e+02
7.666667e+00,9.988862e-01,8.910671e-04,2.227668e-04,0.000000e+00,1.942704e+02
7.833333e+00,9.988862e-01,6.683003e-04,4.455335e-04,0.000000e+00,2.428532e+02
8.000000e+00,9.988862e-01,6.683003e-04,4.455335e-04,0.000000e+00,3.035740e+02
8.166667e+00,9.977723e-01,1.782134e-03,4.455335e-04,0.000000e+00,3.794641e+02
8.333333e+00,9.977723e-01,1.782134e-03,4.455335e-04,0.000000e+00,4.742976e+02
8.500000e+00,9.975496e-01,2.004901e-03,4.455335e-04,0.000000e+00,5.927889e+02
8.666667e+00,9.973268e-01,2.004901e-03,6.683003e-04,0.000000e+00,7.408168e+02
8.833333e+00,9.971040e-01,2.227668e-03,6.683003e-04,0.000000e+00,9.257087e+02
9.000000e+00,9.968813e-01,2.450434e-03,6.683003e-04,0.000000e+00,1.156593e+03
9.166667e+00,9.966585e-01,2.450434e-03,8.910671e-04,0.000000e+00,1.444819e+03
9.333333e+00,9.957674e-01,3.118735e-03,1.113834e-03,0.000000e+00,1.804493e+03
9.500000e+00,9.955447e-01,3.341501e-03,1.113834e-03,0.000000e+00,2.253144e+03
9.666667e+00,9.948764e-01,4.009802e-03,1.113834e-03,0.000000e+00,2.812425e+03
9.833333e+00,9.942081e-01,4.455335e-03,1.336601e-03,0.000000e+00,3.509109e+03
1.000000e+01,9.935398e-01,4.900869e-03,1.559367e-03,0.000000e+00,4.376170e+03
1.016667e+01,9.924259e-01,6.014703e-03,1.559367e-03,0.000000e+00,5.454097e+03
1.033333e+01,9.924259e-01,5.569169e-03,2.004901e-03,0.000000e+00,6.792294e+03
1.050000e+01,9.922032e-01,5.791936e-03,2.004901e-03,0.000000e+00,8.450740e+03
1.066667e+01,9.915349e-01,6.460236e-03,2.004901e-03,0.000000e+00,1.050174e+04
1.083333e+01,9.913121e-01,6.683003e-03,2.004901e-03,0.000000e+00,1.303162e+04
1.100000e+01,9.901983e-01,7.796837e-03,2.004901e-03,0.000000e+00,1.614226e+04
1.116667e+01,9.899755e-01,8.019603e-03,2.004901e-03,0.000000e+00,1.995213e+04
1.133333e+01,9.888617e-01,9.133437e-03,2.004901e-03,0.000000e+00,2.459649e+04
1.150000e+01,9.886389e-01,9.356204e-03,2.004901e-03,0.000000e+00,3.022615e+04
1.166667e+01,9.886389e-01,9.356204e-03,2.004901e-03,0.000000e+00,3.700410e+04
1.183333e+01,9.881934e-01,9.578971e-03,2.227668e-03,0.000000e+00,4.509964e+04
1.200000e+01,9.875251e-01,1.024727e-02,2.227668e-03,0.000000e+00,5.467895e+04
1.216667e+01,9.875251e-01,9.801738e-03,2.673201e-03,0.000000e+00,6.589250e+04
1.233333e+01,9.868568e-01,1.024727e-02,2.895968e-03,0.000000e+00,7.885941e+04
1.250000e+01,9.855202e-01,1.158387e-02,2.895968e-03,0.000000e+00,9.365079e+04
1.266667e+01,9.848519e-01,1.180664e-02,3.341501e-03,0.000000e+00,1.102723e+05
1.283333e+01,9.835153e-01,1.292047e-02,3.564268e-03,0.000000e+00,1.286517e+05
1.300000e+01,9.819559e-01,1.447984e-02,3.564268e-03,0.000000e+00,1.486326e+05
1.316667e+01,9.806193e-01,1.492537e-02,4.455335e-03,0.000000e+00,1.699780e+05
1.333333e+01,9.797282e-01,1.559367e-02,4.678102e-03,0.000000e+00,1.923769e+05
1.350000e+01,9.790599e-01,1.581644e-02,5.123636e-03,0.000000e+00,2.154683e+05
1.366667e+01,9.770550e-01,1.759857e-02,5.346402e-03,0.000000e+00,2.388625e+05
1.383333e+01,9.759412e-01,1.826687e-02,5.791936e-03,0.000000e+00,2.621701e+05
1.400000e+01,9.748274e-01,1.871241e-02,6.460236e-03,0.000000e+00,2.850146e+05
1.416667e+01,9.743818e-01,1.871241e-02,6.905770e-03,0.000000e+00,3.070594e+05
1.433333e+01,9.734908e-01,1.915794e-02,7.351303e-03,0.000000e+00,3.280169e+05
1.450000e+01,9.723769e-01,2.004901e-02,7.351303e-03,2.227668e-04,3.476552e+05
1.466667e+01,9.717086e-01,2.049454e-02,7.574070e-03,2.227668e-04,3.658003e+05
1.483333e+01,9.712631e-01,2.049454e-02,8.019603e-03,2.227668e-04,3.340921e+05
1.500000e+01,9.703720e-01,2.071731e-02,8.687904e-03,2.227668e-04,3.051809e+05
1.516667e+01,9.703720e-01,2.027178e-02,9.133437e-03,2.227668e-04,2.788328e+05
1.533333e+01,9.697037e-01,2.071731e-02,9.356204e-03,2.227668e-04,2.548355e+05
1.550000e+01,9.685899e-01,2.094008e-02,1.024727e-02,2.227668e-04,2.329985e+05
1.566667e+01,9.676988e-01,2.116284e-02,1.091557e-02,2.227668e-04,2.131512e+05
1.583333e+01,9.663622e-01,2.160838e-02,1.180664e-02,2.227668e-04,1.951953e+05
1.600000e+01,9.641346e-01,2.339051e-02,1.225217e-02,2.227668e-04,1.789542e+05
1.616667e+01,9.630207e-01,2.405881e-02,1.269771e-02,2.227668e-04,1.643285e+05
1.633333e+01,9.612386e-01,2.584094e-02,1.269771e-02,2.227668e-04,1.515290e+05
1.650000e+01,9.612386e-01,2.494988e-02,1.358877e-02,2.227668e-04,1.402222e+05
1.666667e+01,9.610158e-01,2.339051e-02,1.537091e-02,2.227668e-04,1.303701e+05
1.683333e+01,9.601247e-01,2.361328e-02,1.603921e-02,2.227668e-04,1.219631e+05
1.700000e+01,9.583426e-01,2.472711e-02,1.670751e-02,2.227668e-04,1.150213e+05
1.716667e+01,9.574515e-01,2.494988e-02,1.737581e-02,2.227668e-04,1.096233e+05
1.733333e+01,9.558922e-01,2.606371e-02,1.782134e-02,2.227668e-04,1.058489e+05
1.750000e+01,9.554466e-01,2.584094e-02,1.848964e-02,2.227668e-04,1.038275e+05
1.766667e+01,9.547783e-01,2.584094e-02,1.915794e-02,2.227668e-04,1.037514e+05
1.783333e+01,9.538873e-01,2.606371e-02,1.982624e-02,2.227668e-04,1.058783e+05
1.800000e+01,9.534417e-01,2.539541e-02,2.094008e-02,2.227668e-04,1.105383e+05
1.816667e+01,9.523279e-01,2.628648e-02,2.116284e-02,2.227668e-04,1.181523e+05
1.833333e+01,9.516596e-01,2.628648e-02,2.183114e-02,2.227668e-04,1.292433e+05
1.850000e+01,9.512141e-01,2.606371e-02,2.249944e-02,2.227668e-04,1.444496e+05
1.866667e+01,9.505458e-01,2.539541e-02,2.383604e-02,2.227668e-04,1.645444e+05
1.883333e+01,9.501002e-01,2.472711e-02,2.494988e-02,2.227668e-04,1.905231e+05
1.900000e+01,9.492092e-01,2.517264e-02,2.539541e-02,2.227668e-04,2.235720e+05
1.916667e+01,9.485409e-01,2.584094e-02,2.539541e-02,2.227668e-04,2.657407e+05
1.933333e+01,9.474270e-01,2.606371e-02,2.628648e-02,2.227668e-04,3.176822e+05
1.950000e+01,9.463132e-01,2.695478e-02,2.628648e-02,4.455335e-04,3.809722e+05
1.966667e+01,9.454221e-01,2.717755e-02,2.695478e-02,4.455335e-04,4.585177e+05
1.983333e+01,9.445311e-01,2.717755e-02,2.762308e-02,6.683003e-04,5.484144e+05
2.000000e+01,9.438628e-01,2.740031e-02,2.806861e-02,6.683003e-04,6.553607e+05
2.016667e+01,9.427489e-01,2.806861e-02,2.851415e-02,6.683003e-04,7.564683e+05
2.033333e+01,9.416351e-01,2.851415e-02,2.918245e-02,6.683003e-04,8.773045e+05
2.050000e+01,9.407440e-01,2.851415e-02,3.007351e-02,6.683003e-04,1.019857e+06
2.066667e+01,9.405213e-01,2.829138e-02,3.051905e-02,6.683003e-04,1.195026e+06
2.083333e+01,9.391847e-01,2.895968e-02,3.118735e-02,6.683003e-04,1.395993e+06
2.100000e+01,9.378481e-01,3.007351e-02,3.141011e-02,6.683003e-04,1.624331e+06
2.116667e+01,9.371798e-01,2.985075e-02,3.230118e-02,6.683003e-04,1.881171e+06
2.133333e+01,9.358432e-01,3.051905e-02,3.252395e-02,1.113834e-03,2.167296e+06
2.150000e+01,9.351749e-01,3.074181e-02,3.296948e-02,1.113834e-03,2.486744e+06
2.166667e+01,9.340610e-01,3.029628e-02,3.452885e-02,1.113834e-03,2.749717e+06
2.183333e+01,9.336155e-01,2.873691e-02,3.653375e-02,1.113834e-03,3.048514e+06
2.200000e+01,9.329472e-01,2.851415e-02,3.720205e-02,1.336601e-03,3.428501e+06
2.216667e+01,9.309423e-01,2.851415e-02,3.898418e-02,1.559367e-03,3.849453e+06
2.233333e+01,9.293829e-01,2.940521e-02,3.965248e-02,1.559367e-03,4.274880e+06
2.250000e+01,9.289374e-01,2.873691e-02,4.054355e-02,1.782134e-03,4.709207e+06
2.266667e+01,9.282691e-01,2.873691e-02,4.121185e-02,1.782134e-03,5.186887e+06
2.283333e+01,9.267097e-01,2.918245e-02,4.188015e-02,2.227668e-03,5.668222e+06
2.300000e+01,9.253731e-01,3.007351e-02,4.210292e-02,2.450434e-03,6.199340e+06
2.316667e+01,9.233682e-01,3.074181e-02,4.299399e-02,2.895968e-03,6.720051e+06
2.333333e+01,9.213633e-01,3.141011e-02,4.410782e-02,3.118735e-03,7.242428e+06
2.350000e+01,9.204723e-01,3.141011e-02,4.477612e-02,3.341501e-03,7.759644e+06
2.366667e+01,9.195812e-01,3.118735e-02,4.544442e-02,3.787035e-03,8.287656e+06
2.383333e+01,9.180218e-01,3.230118e-02,4.499889e-02,4.678102e-03,8.820945e+06
2.400000e+01,9.162397e-01,3.274671e-02,4.611272e-02,4.900869e-03,9.327528e+06
2.416667e+01,9.149031e-01,3.319225e-02,4.678102e-02,5.123636e-03,9.750290e+06
2.433333e+01,9.133437e-01,3.430608e-02,4.655825e-02,5.791936e-03,1.024556e+07
2.450000e+01,9.113388e-01,3.497438e-02,4.767209e-02,6.014703e-03,1.076750e+07
2.466667e+01,9.095567e-01,3.497438e-02,4.923145e-02,6.237469e-03,1.126519e+07
2.483333e+01,9.082201e-01,3.541992e-02,4.989975e-02,6.460236e-03,1.184123e+07
2.500000e+01,9.066607e-01,3.608822e-02,5.034529e-02,6.905770e-03,1.245410e+07
2.516667e+01,9.051014e-01,3.675652e-02,5.012252e-02,8.019603e-03,1.312213e+07
2.533333e+01,9.022054e-01,3.876142e-02,5.079082e-02,8.242370e-03,1.380708e+07
2.550000e+01,8.993094e-01,4.076632e-02,5.101359e-02,8.910671e-03,1.438154e+07
2.566667e+01,8.979728e-01,4.054355e-02,5.145912e-02,1.002450e-02,1.501930e+07
2.583333e+01,8.957452e-01,4.121185e-02,5.101359e-02,1.202941e-02,1.562982e+07
2.600000e+01,8.935175e-01,4.143462e-02,5.212742e-02,1.292047e-02,1.617240e+07
2.616667e+01,8.910671e-01,4.299399e-02,5.257296e-02,1.336601e-02,1.655908e+07
2.633333e+01,8.897305e-01,4.388505e-02,5.257296e-02,1.381154e-02,1.702544e+07
2.650000e+01,8.877256e-01,4.477612e-02,5.235019e-02,1.514814e-02,1.753058e+07
2.666667e+01,8.841613e-01,4.633549e-02,5.368679e-02,1.581644e-02,1.808671e+07
2.683333e+01,8.828247e-01,4.655825e-02,5.413232e-02,1.648474e-02,1.849073e+07
2.700000e+01,8.819336e-01,4.655825e-02,5.480062e-02,1.670751e-02,1.892208e+07
2.716667e+01,8.803742e-01,4.655825e-02,5.524616e-02,1.782134e-02,1.936963e+07
2.733333e+01,8.790376e-01,4.722655e-02,5.502339e-02,1.871241e-02,1.987189e+07
2.750000e+01,8.768100e-01,4.744932e-02,5.613722e-02,1.960348e-02,2.027008e+07
2.766667e+01,8.730229e-01,5.034529e-02,5.635999e-02,2.027178e-02,2.060986e+07
2.783333e+01,8.705725e-01,5.145912e-02,5.769659e-02,2.027178e-02,2.087735e+07
2.800000e+01,8.692359e-01,5.212742e-02,5.680552e-02,2.183114e-02,2.112347e+07
2.816667e+01,8.663399e-01,5.190466e-02,5.836489e-02,2.339051e-02,2.151234e+07
2.833333e+01,8.638895e-01,5.279572e-02,5.925596e-02,2.405881e-02,2.172586e+07
2.850000e+01,8.621074e-01,5.346402e-02,5.903319e-02,2.539541e-02,2.177134e+07
2.866667e+01,8.587659e-01,5.569169e-02,5.858766e-02,2.695478e-02,2.182010e+07
2.883333e+01,8.563154e-01,5.635999e-02,5.903319e-02,2.829138e-02,2.181587e+07
2.900000e+01,8.534195e-01,5.791936e-02,5.947873e-02,2.918245e-02,2.167217e+07
2.916667e+01,8.516373e-01,5.858766e-02,5.947873e-02,3.029628e-02,2.144623e+07
2.933333e+01,8.500780e-01,5.903319e-02,6.014703e-02,3.074181e-02,2.124894e+07
2.950000e+01,8.482958e-01,5.881043e-02,6.148363e-02,3.141011e-02,2.100280e+07
2.966667e+01,8.442860e-01,6.036979e-02,6.371129e-02,3.163288e-02,2.087204e+07
2.983333e+01,8.422811e-01,6.036979e-02,6.437959e-02,3.296948e-02,2.078730e+07
3.000000e+01,8.400535e-01,6.014703e-02,6.616173e-02,3.363778e-02,2.089094e+07
3.016667e+01,8.364892e-01,6.237469e-02,6.593896e-02,3.519715e-02,2.091172e+07
3.033333e+01,8.344843e-01,6.282023e-02,6.683003e-02,3.586545e-02,2.095018e+07
3.050000e+01,8.324794e-01,6.326576e-02,6.794386e-02,3.631098e-02,2.082583e+07
3.066667e+01,8.300290e-01,6.371129e-02,6.972600e-02,3.653375e-02,2.073092e+07
3.083333e+01,8.273558e-01,6.437959e-02,7.017153e-02,3.809312e-02,2.068946e+07
3.100000e+01,8.255736e-01,6.437959e-02,7.150813e-02,3.853865e-02,2.077815e+07
3.116667e+01,8.229004e-01,6.593896e-02,7.195366e-02,3.920695e-02,2.070601e+07
3.133333e+01,8.202272e-01,6.727556e-02,7.239920e-02,4.009802e-02,2.067495e+07
3.150000e+01,8.184451e-01,6.749833e-02,7.329027e-02,4.076632e-02,2.063467e+07
3.166667e+01,8.162174e-01,6.772110e-02,7.484963e-02,4.121185e-02,2.063123e+07
3.183333e+01,8.146581e-01,6.705280e-02,7.596347e-02,4.232569e-02,2.063581e+07
3.200000e+01,8.119849e-01,6.861216e-02,7.640900e-02,4.299399e-02,2.076043e+07
3.216667e+01,8.093117e-01,6.883493e-02,7.841390e-02,4.343952e-02,2.083552e+07
3.233333e+01,8.057474e-01,7.128536e-02,7.885943e-02,4.410782e-02,2.092945e+07
3.250000e+01,8.032969e-01,7.128536e-02,8.041880e-02,4.499889e-02,2.111376e+07
3.266667e+01,8.008465e-01,7.061706e-02,8.309200e-02,4.544442e-02,2.128867e+07
3.283333e+01,7.979505e-01,7.239920e-02,8.309200e-02,4.655825e-02,2.153338e+07
3.300000e+01,7.957229e-01,7.083983e-02,8.621074e-02,4.722655e-02,2.187255e+07
3.316667e+01,7.937180e-01,7.150813e-02,8.687904e-02,4.789485e-02,2.213255e+07
3.333333e+01,7.903765e-01,7.284473e-02,8.843840e-02,4.834039e-02,2.245022e+07
3.350000e+01,7.879260e-01,7.329027e-02,8.888394e-02,4.989975e-02,2.279458e+07
3.366667e+01,7.848073e-01,7.551793e-02,8.866117e-02,5.101359e-02,2.328607e+07
3.383333e+01,7.807975e-01,7.885943e-02,8.866117e-02,5.168189e-02,2.363188e+07
3.400000e+01,7.790154e-01,7.730007e-02,9.111161e-02,5.257296e-02,2.388588e+07
3.416667e+01,7.765649e-01,7.663177e-02,9.311651e-02,5.368679e-02,2.414424e+07
3.433333e+01,7.734462e-01,7.841390e-02,9.378481e-02,5.435509e-02,2.442413e+07
3.450000e+01,7.707730e-01,8.041880e-02,9.311651e-02,5.569169e-02,2.466535e+07
3.466667e+01,7.689909e-01,8.041880e-02,9.423034e-02,5.635999e-02,2.495181e+07
3.483333e+01,7.667632e-01,8.108710e-02,9.400757e-02,5.814213e-02,2.517309e+07
3.500000e+01,7.640900e-01,8.108710e-02,9.623524e-02,5.858766e-02,2.548102e+07
3.516667e+01,7.623079e-01,8.130987e-02,9.712631e-02,5.925596e-02,2.566262e+07
3.533333e+01,7.600802e-01,8.220094e-02,9.712631e-02,6.059256e-02,2.598441e+07
3.550000e+01,7.585208e-01,8.197817e-02,9.824014e-02,6.126086e-02,2.638422e+07
3.566667e+01,7.569615e-01,8.197817e-02,9.890844e-02,6.215193e-02,2.672450e+07
3.583333e+01,7.551793e-01,8.153264e-02,9.957674e-02,6.371129e-02,2.720575e+07
3.600000e+01,7.527289e-01,8.108710e-02,1.015816e-01,6.460236e-02,2.771485e+07
3.616667e+01,7.511695e-01,8.086434e-02,1.026955e-01,6.527066e-02,2.820143e+07
3.633333e+01,7.480508e-01,8.153264e-02,1.042548e-01,6.616173e-02,2.878321e+07
3.650000e+01,7.456004e-01,8.220094e-02,1.055914e-01,6.660726e-02,2.942367e+07
3.666667e+01,7.429272e-01,8.398307e-02,1.044776e-01,6.861216e-02,3.018623e+07
3.683333e+01,7.409223e-01,8.286924e-02,1.053687e-01,7.083983e-02,3.111464e+07
3.700000e+01,7.389174e-01,8.331477e-02,1.055914e-01,7.217643e-02,3.189775e+07
3.716667e+01,7.369125e-01,8.309200e-02,1.067053e-01,7.329027e-02,3.263737e+07
3.733333e+01,7.329027e-01,8.465137e-02,1.080419e-01,7.440410e-02,3.334491e+07
3.750000e+01,7.302294e-01,8.509690e-02,1.082646e-01,7.640900e-02,3.407153e+07
3.766667e+01,7.282245e-01,8.554244e-02,1.084874e-01,7.774560e-02,3.480001e+07
3.783333e+01,7.266652e-01,8.554244e-02,1.087102e-01,7.908220e-02,3.546317e+07
3.800000e+01,7.239920e-01,8.554244e-02,1.104923e-01,7.997327e-02,3.611798e+07
3.816667e+01,7.224326e-01,8.420584e-02,1.120517e-01,8.130987e-02,3.680023e+07
3.833333e+01,7.188683e-01,8.643350e-02,1.118289e-01,8.286924e-02,3.760750e+07
3.850000e+01,7.173090e-01,8.487414e-02,1.136110e-01,8.420584e-02,3.845629e+07
3.866667e+01,7.144130e-01,8.643350e-02,1.122744e-01,8.687904e-02,3.936813e+07
3.883333e+01,7.112943e-01,8.732457e-02,1.131655e-01,8.821564e-02,4.026805e+07
3.900000e+01,7.083983e-01,8.843840e-02,1.120517e-01,9.111161e-02,4.101388e+07
3.916667e+01,7.063934e-01,8.799287e-02,1.122744e-01,9.333927e-02,4.182690e+07
3.933333e+01,7.028291e-01,8.843840e-02,1.142793e-01,9.445311e-02,4.235878e+07
3.950000e+01,6.983738e-01,9.066607e-02,1.140566e-01,9.690354e-02,4.278162e+07
3.966667e+01,6.952551e-01,9.177991e-02,1.147249e-01,9.824014e-02,4.333975e+07
3.983333e+01,6.914680e-01,9.311651e-02,1.162843e-01,9.913121e-02,4.375033e+07
4.000000e+01,6.876810e-01,9.534417e-02,1.151704e-01,1.018044e-01,4.421422e+07
4.016667e+01,6.850078e-01,9.512141e-02,1.167298e-01,1.031410e-01,4.484616e+07
4.033333e+01,6.834484e-01,9.467587e-02,1.162843e-01,1.055914e-01,4.529492e+07
4.050000e+01,6.803297e-01,9.467587e-02,1.178436e-01,1.071508e-01,4.578431e+07
4.066667e+01,6.772110e-01,9.467587e-02,1.196258e-01,1.084874e-01,4.618133e+07
4.083333e+01,6.749833e-01,9.311651e-02,1.211851e-01,1.107151e-01,4.667260e+07
4.100000e+01,6.720873e-01,9.222544e-02,1.227445e-01,1.129427e-01,4.727787e+07
4.116667e+01,6.689686e-01,9.066607e-02,1.251949e-01,1.151704e-01,4.784314e+07
4.133333e+01,6.665182e-01,9.022054e-02,1.265315e-01,1.167298e-01,4.843133e+07
4.150000e+01,6.645133e-01,8.910671e-02,1.283137e-01,1.180664e-01,4.893874e+07
4.166667e+01,6.613945e-01,9.088884e-02,1.274226e-01,1.202941e-01,4.946682e+07
4.183333e+01,6.596124e-01,8.932947e-02,1.285364e-01,1.225217e-01,5.012815e+07
4.200000e+01,6.556026e-01,8.866117e-02,1.312096e-01,1.245266e-01,5.072770e+07
4.216667e+01,6.513700e-01,8.910671e-02,1.323235e-01,1.271998e-01,5.137908e+07
4.233333e+01,6.491423e-01,8.732457e-02,1.338828e-01,1.296503e-01,5.202012e+07
4.250000e+01,6.458008e-01,8.754734e-02,1.347739e-01,1.318779e-01,5.245501e+07
4.266667e+01,6.420138e-01,8.866117e-02,1.358877e-01,1.334373e-01,5.283059e+07
4.283333e+01,6.395634e-01,8.888394e-02,1.367788e-01,1.347739e-01,5.323208e+07
4.300000e+01,6.362219e-01,8.955224e-02,1.365560e-01,1.376699e-01,5.373491e+07
4.316667e+01,6.326576e-01,9.066607e-02,1.363333e-01,1.403431e-01,5.448419e+07
4.333333e+01,6.297616e-01,9.133437e-02,1.363333e-01,1.425707e-01,5.506965e+07
4.350000e+01,6.255291e-01,9.222544e-02,1.367788e-01,1.454667e-01,5.551901e+07
4.366667e+01,6.239697e-01,9.088884e-02,1.381154e-01,1.470261e-01,5.592709e+07
4.383333e+01,6.210737e-01,9.155714e-02,1.383382e-01,1.490310e-01,5.619068e+07
4.400000e+01,6.172867e-01,9.267097e-02,1.385609e-01,1.514814e-01,5.661691e+07
4.416667e+01,6.139452e-01,9.333927e-02,1.405658e-01,1.521497e-01,5.696682e+07
4.433333e+01,6.092671e-01,9.556694e-02,1.398975e-01,1.552684e-01,5.728457e+07
4.450000e+01,6.045890e-01,9.824014e-02,1.401203e-01,1.570506e-01,5.784258e+07
4.466667e+01,6.021386e-01,9.801738e-02,1.405658e-01,1.592782e-01,5.819954e+07
4.483333e+01,5.976832e-01,1.006906e-01,1.401203e-01,1.615059e-01,5.856045e+07
4.500000e+01,5.943417e-01,9.979951e-02,1.425707e-01,1.632880e-01,5.885391e+07
4.516667e+01,5.894409e-01,1.020272e-01,1.419024e-01,1.666295e-01,5.910080e+07
4.533333e+01,5.858766e-01,1.026955e-01,1.423480e-01,1.690800e-01,5.943434e+07
4.550000e+01,5.823123e-01,1.038093e-01,1.423480e-01,1.715304e-01,5.962874e+07
4.566667e+01,5.798619e-01,1.042548e-01,1.425707e-01,1.733125e-01,5.976886e+07
4.583333e+01,5.740699e-01,1.069280e-01,1.445756e-01,1.744264e-01,5.997994e+07
4.600000e+01,5.716195e-01,1.067053e-01,1.450212e-01,1.766540e-01,6.034370e+07
4.616667e+01,5.676097e-01,1.075963e-01,1.456895e-01,1.791045e-01,6.088672e+07
4.633333e+01,5.633771e-01,1.096012e-01,1.463578e-01,1.806638e-01,6.149127e+07
4.650000e+01,5.586990e-01,1.111606e-01,1.476944e-01,1.824460e-01,6.207606e+07
4.666667e+01,5.533526e-01,1.129427e-01,1.496993e-01,1.840053e-01,6.287583e+07
4.683333e+01,5.495656e-01,1.136110e-01,1.496993e-01,1.871241e-01,6.386625e+07
4.700000e+01,5.464469e-01,1.142793e-01,1.494765e-01,1.897973e-01,6.493003e+07
4.716667e+01,5.419915e-01,1.160615e-01,1.499220e-01,1.920249e-01,6.577446e+07
4.733333e+01,5.373134e-01,1.180664e-01,1.492537e-01,1.953665e-01,6.643474e+07
4.750000e+01,5.328581e-01,1.187347e-01,1.505903e-01,1.978169e-01,6.704576e+07
4.766667e+01,5.279572e-01,1.198485e-01,1.510359e-01,2.011584e-01,6.730034e+07
4.783333e+01,5.235019e-01,1.191802e-01,1.517042e-01,2.056137e-01,6.753569e+07
4.800000e+01,5.199376e-01,1.209624e-01,1.501448e-01,2.089552e-01,6.749930e+07
4.816667e+01,5.165961e-01,1.207396e-01,1.523725e-01,2.102918e-01,6.708307e+07
4.833333e+01,5.130319e-01,1.214079e-01,1.523725e-01,2.131878e-01,6.642461e+07
4.850000e+01,5.101359e-01,1.209624e-01,1.537091e-01,2.151927e-01,6.589159e+07
4.866667e+01,5.052350e-01,1.227445e-01,1.537091e-01,2.183114e-01,6.521590e+07
4.883333e+01,5.014480e-01,1.231900e-01,1.563823e-01,2.189797e-01,6.462931e+07
4.900000e+01,4.987748e-01,1.211851e-01,1.595010e-01,2.205391e-01,6.389458e+07
4.916667e+01,4.949877e-01,1.222990e-01,1.601693e-01,2.225440e-01,6.348838e+07
4.933333e+01,4.903096e-01,1.243039e-01,1.597238e-01,2.256627e-01,6.326282e+07
4.950000e+01,4.862998e-01,1.243039e-01,1.623970e-01,2.269993e-01,6.309825e+07
4.966667e+01,4.820673e-01,1.256405e-01,1.635108e-01,2.287815e-01,6.276335e+07
4.983333e+01,4.773892e-01,1.267543e-01,1.641791e-01,2.316774e-01,6.264604e+07
5.000000e+01,4.740477e-01,1.260860e-01,1.666295e-01,2.332368e-01,6.267112e+07
5.016667e+01,4.707062e-01,1.269771e-01,1.666295e-01,2.356872e-01,6.267426e+07
5.033333e+01,4.662508e-01,1.285364e-01,1.677434e-01,2.374694e-01,6.292603e+07
5.050000e+01,4.609044e-01,1.309869e-01,1.686344e-01,2.394743e-01,6.316055e+07
5.066667e+01,4.564491e-01,1.303186e-01,1.721987e-01,2.410336e-01,6.358691e+07
5.083333e+01,4.515482e-01,1.329918e-01,1.706393e-01,2.448207e-01,6.409855e+07
5.100000e+01,4.482067e-01,1.316552e-01,1.733125e-01,2.468256e-01,6.474476e+07
5.116667e+01,4.428603e-01,1.336601e-01,1.748719e-01,2.486077e-01,6.513323e+07
5.133333e+01,4.395188e-01,1.338828e-01,1.750947e-01,2.515037e-01,6.561977e+07
5.150000e+01,4.346180e-01,1.365560e-01,1.750947e-01,2.537313e-01,6.629953e+07
5.166667e+01,4.301626e-01,1.367788e-01,1.770996e-01,2.559590e-01,6.695848e+07
5.183333e+01,4.248162e-01,1.356650e-01,1.815549e-01,2.579639e-01,6.763301e+07
5.200000e+01,4.214747e-01,1.347739e-01,1.844509e-01,2.593005e-01,6.842777e+07
5.216667e+01,4.181332e-01,1.361105e-01,1.835598e-01,2.621965e-01,6.930393e+07
5.233333e+01,4.156828e-01,1.358877e-01,1.842281e-01,2.642014e-01,7.037580e+07
5.250000e+01,4.125640e-01,1.361105e-01,1.824460e-01,2.688795e-01,7.129123e+07
5.266667e+01,4.072176e-01,1.385609e-01,1.835598e-01,2.706616e-01,7.231940e+07
5.283333e+01,4.036534e-01,1.387837e-01,1.835598e-01,2.740031e-01,7.287002e+07
5.300000e+01,3.983070e-01,1.401203e-01,1.844509e-01,2.771219e-01,7.360948e+07
5.316667e+01,3.934061e-01,1.410114e-01,1.862330e-01,2.793495e-01,7.415843e+07
5.333333e+01,3.896191e-01,1.412341e-01,1.871241e-01,2.820227e-01,7.462366e+07
5.350000e+01,3.844954e-01,1.419024e-01,1.893517e-01,2.842504e-01,7.526546e+07
5.366667e+01,3.804856e-01,1.419024e-01,1.906883e-01,2.869236e-01,7.584196e+07
5.383333e+01,3.762531e-01,1.423480e-01,1.929160e-01,2.884830e-01,7.653014e+07
5.400000e+01,3.731343e-01,1.423480e-01,1.909111e-01,2.936066e-01,7.714276e+07
5.416667e+01,3.693473e-01,1.416797e-01,1.929160e-01,2.960570e-01,7.782859e+07
5.433333e+01,3.644464e-01,1.439073e-01,1.924705e-01,2.991758e-01,7.811712e+07
5.450000e+01,3.604366e-01,1.434618e-01,1.942526e-01,3.018490e-01,7.854031e+07
5.466667e+01,3.573179e-01,1.434618e-01,1.949209e-01,3.042994e-01,7.877173e+07
5.483333e+01,3.533081e-01,1.423480e-01,1.958120e-01,3.085320e-01,7.905372e+07
5.500000e+01,3.470706e-01,1.454667e-01,1.969258e-01,3.105369e-01,7.934840e+07
5.516667e+01,3.441746e-01,1.436846e-01,1.975941e-01,3.145467e-01,7.952598e+07
5.533333e+01,3.388282e-01,1.447984e-01,2.000446e-01,3.163288e-01,7.979234e+07
5.550000e+01,3.345957e-01,1.441301e-01,2.016039e-01,3.196703e-01,7.983680e+07
5.566667e+01,3.321452e-01,1.421252e-01,2.040544e-01,3.216752e-01,8.005512e+07
5.583333e+01,3.288037e-01,1.416797e-01,2.051682e-01,3.243484e-01,8.015849e+07
5.600000e+01,3.256850e-01,1.392292e-01,2.073959e-01,3.276899e-01,8.042223e+07
5.616667e+01,3.201158e-01,1.405658e-01,2.080642e-01,3.312542e-01,8.082357e+07
5.633333e+01,3.158833e-01,1.410114e-01,2.080642e-01,3.350412e-01,8.114091e+07
5.650000e+01,3.129873e-01,1.416797e-01,2.076186e-01,3.377144e-01,8.138995e+07
5.666667e+01,3.076409e-01,1.410114e-01,2.105146e-01,3.408331e-01,8.160533e+07
5.683333e+01,3.031856e-01,1.419024e-01,2.116284e-01,3.432836e-01,8.199544e+07
5.700000e+01,2.985075e-01,1.421252e-01,2.120740e-01,3.472934e-01,8.253608e+07
5.716667e+01,2.938294e-01,1.432390e-01,2.125195e-01,3.504121e-01,8.315454e+07
5.733333e+01,2.900423e-01,1.403431e-01,2.160838e-01,3.535309e-01,8.360617e+07
5.750000e+01,2.853642e-01,1.414569e-01,2.167521e-01,3.564268e-01,8.416389e+07
5.766667e+01,2.813544e-01,1.419024e-01,2.183114e-01,3.584317e-01,8.476552e+07
5.783333e+01,2.771219e-01,1.414569e-01,2.198708e-01,3.615505e-01,8.544703e+07
5.800000e+01,2.726665e-01,1.425707e-01,2.196480e-01,3.651147e-01,8.638594e+07
5.816667e+01,2.679884e-01,1.423480e-01,2.223212e-01,3.673424e-01,8.736734e+07
5.833333e+01,2.626420e-01,1.432390e-01,2.229895e-01,3.711294e-01,8.832221e+07
5.850000e+01,2.595233e-01,1.425707e-01,2.234351e-01,3.744709e-01,8.952345e+07
5.866667e+01,2.557362e-01,1.430163e-01,2.227668e-01,3.784807e-01,9.064295e+07
5.883333e+01,2.517264e-01,1.430163e-01,2.245489e-01,3.807084e-01,9.177601e+07
5.900000e+01,2.466028e-01,1.439073e-01,2.241034e-01,3.853865e-01,9.276071e+07
5.916667e+01,2.421475e-01,1.430163e-01,2.265538e-01,3.882825e-01,9.389485e+07
5.933333e+01,2.374694e-01,1.436846e-01,2.274449e-01,3.914012e-01,9.473452e+07
5.950000e+01,2.334596e-01,1.441301e-01,2.265538e-01,3.958565e-01,9.566505e+07
5.966667e+01,2.281132e-01,1.472488e-01,2.261083e-01,3.985297e-01,9.662559e+07
5.983333e+01,2.238806e-01,1.476944e-01,2.276676e-01,4.007574e-01,9.734543e+07
6.000000e+01,2.180887e-01,1.494765e-01,2.281132e-01,4.043217e-01,9.818418e+07
6.016667e+01,2.120740e-01,1.517042e-01,2.281132e-01,4.081087e-01,9.921022e+07
6.033333e+01,2.071731e-01,1.534863e-01,2.285587e-01,4.107819e-01,1.003174e+08
6.050000e+01,2.016039e-01,1.541546e-01,2.294498e-01,4.147917e-01,1.013416e+08
6.066667e+01,1.975941e-01,1.537091e-01,2.305636e-01,4.181332e-01,1.024572e+08
6.083333e+01,1.946982e-01,1.525952e-01,2.305636e-01,4.221430e-01,1.035415e+08
6.100000e+01,1.918022e-01,1.525952e-01,2.290042e-01,4.265984e-01,1.046546e+08
6.116667e+01,1.884607e-01,1.508131e-01,2.287815e-01,4.319448e-01,1.056169e+08
6.133333e+01,1.848964e-01,1.521497e-01,2.261083e-01,4.368456e-01,1.064248e+08
6.150000e+01,1.793272e-01,1.539318e-01,2.256627e-01,4.410782e-01,1.068423e+08
6.166667e+01,1.759857e-01,1.525952e-01,2.269993e-01,4.444197e-01,1.069904e+08
6.183333e+01,1.726442e-01,1.532635e-01,2.263310e-01,4.477612e-01,1.071529e+08
6.200000e+01,1.697483e-01,1.532635e-01,2.252172e-01,4.517710e-01,1.073944e+08
6.216667e+01,1.668523e-01,1.499220e-01,2.261083e-01,4.571174e-01,1.075994e+08
6.233333e+01,1.632880e-01,1.496993e-01,2.267766e-01,4.602361e-01,1.078272e+08
6.250000e+01,1.599465e-01,1.499220e-01,2.256627e-01,4.644687e-01,1.078691e+08
6.266667e+01,1.559367e-01,1.508131e-01,2.247717e-01,4.684785e-01,1.081261e+08
6.283333e+01,1.528180e-01,1.505903e-01,2.234351e-01,4.731566e-01,1.082674e+08
6.300000e+01,1.494765e-01,1.499220e-01,2.234351e-01,4.771664e-01,1.083955e+08
6.316667e+01,1.470261e-01,1.485854e-01,2.232123e-01,4.811762e-01,1.085278e+08
6.333333e+01,1.447984e-01,1.472488e-01,2.220985e-01,4.858543e-01,1.087305e+08
6.350000e+01,1.432390e-01,1.454667e-01,2.212074e-01,4.900869e-01,1.089135e+08
6.366667e+01,1.392292e-01,1.439073e-01,2.214302e-01,4.954333e-01,1.090280e+08
6.383333e+01,1.358877e-01,1.432390e-01,2.212074e-01,4.996658e-01,1.090600e+08
6.400000e+01,1.327690e-01,1.432390e-01,2.209846e-01,5.030074e-01,1.088360e+08
6.416667e+01,1.294275e-01,1.407886e-01,2.232123e-01,5.065716e-01,1.085573e+08
6.433333e+01,1.278681e-01,1.385609e-01,2.252172e-01,5.083538e-01,1.083770e+08
6.450000e+01,1.245266e-01,1.378926e-01,2.247717e-01,5.128091e-01,1.082579e+08
6.466667e+01,1.234128e-01,1.367788e-01,2.216529e-01,5.181555e-01,1.085857e+08
6.483333e+01,1.211851e-01,1.349967e-01,2.214302e-01,5.223881e-01,1.088332e+08
6.500000e+01,1.187347e-01,1.334373e-01,2.212074e-01,5.266206e-01,1.088583e+08
6.516667e+01,1.160615e-01,1.321007e-01,2.218757e-01,5.299621e-01,1.088453e+08
6.533333e+01,1.133883e-01,1.325462e-01,2.203163e-01,5.337492e-01,1.087600e+08
6.550000e+01,1.102695e-01,1.327690e-01,2.196480e-01,5.373134e-01,1.087294e+08
6.566667e+01,1.082646e-01,1.314324e-01,2.189797e-01,5.413232e-01,1.087691e+08
6.583333e+01,1.058142e-01,1.314324e-01,2.169748e-01,5.457786e-01,1.088865e+08
6.600000e+01,1.038093e-01,1.298730e-01,2.160838e-01,5.502339e-01,1.090467e+08
6.616667e+01,1.002450e-01,1.289820e-01,2.167521e-01,5.540209e-01,1.091097e+08
6.633333e+01,9.712631e-02,1.287592e-01,2.163065e-01,5.578080e-01,1.093185e+08
6.650000e+01,9.400757e-02,1.269771e-01,2.158610e-01,5.631544e-01,1.096554e+08
6.666667e+01,9.155714e-02,1.254177e-01,2.149699e-01,5.680552e-01,1.100268e+08
6.683333e+01,8.955224e-02,1.214079e-01,2.169748e-01,5.720650e-01,1.101779e+08
6.700000e+01,8.687904e-02,1.218534e-01,2.151927e-01,5.760748e-01,1.101984e+08
6.716667e+01,8.531967e-02,1.194030e-01,2.158610e-01,5.794164e-01,1.103077e+08
6.733333e+01,8.353754e-02,1.191802e-01,2.136333e-01,5.836489e-01,1.104367e+08
6.750000e+01,8.041880e-02,1.187347e-01,2.129650e-01,5.878815e-01,1.107436e+08
6.766667e+01,7.819113e-02,1.182892e-01,2.122967e-01,5.912230e-01,1.109614e+08
6.783333e+01,7.596347e-02,1.165070e-01,2.122967e-01,5.952328e-01,1.112251e+08
6.800000e+01,7.418133e-02,1.160615e-01,2.107374e-01,5.990198e-01,1.114753e+08
6.816667e+01,7.306750e-02,1.127200e-01,2.111829e-01,6.030296e-01,1.115853e+08
6.833333e+01,7.150813e-02,1.104923e-01,2.107374e-01,6.072622e-01,1.116714e+08
6.850000e+01,7.017153e-02,1.082646e-01,2.096235e-01,6.119403e-01,1.117788e+08
6.866667e+01,6.883493e-02,1.071508e-01,2.065048e-01,6.175095e-01,1.118166e+08
6.883333e+01,6.616173e-02,1.073736e-01,2.049454e-01,6.215193e-01,1.117791e+08
6.900000e+01,6.393406e-02,1.047004e-01,2.065048e-01,6.248608e-01,1.113705e+08
6.916667e+01,6.282023e-02,1.038093e-01,2.065048e-01,6.268657e-01,1.110039e+08
6.933333e+01,6.215193e-02,1.004678e-01,2.067276e-01,6.306527e-01,1.108931e+08
6.950000e+01,6.126086e-02,9.846291e-02,2.067276e-01,6.335487e-01,1.111061e+08
6.966667e+01,5.970149e-02,9.712631e-02,2.042771e-01,6.388951e-01,1.114755e+08
6.983333e+01,5.769659e-02,9.668078e-02,2.031633e-01,6.424593e-01,1.120567e+08
7.000000e+01,5.680552e-02,9.534417e-02,2.018267e-01,6.460236e-01,1.124248e+08
7.016667e+01,5.502339e-02,9.556694e-02,1.995990e-01,6.498106e-01,1.129202e+08
7.033333e+01,5.301849e-02,9.556694e-02,1.987080e-01,6.527066e-01,1.134060e+08
7.050000e+01,5.145912e-02,9.423034e-02,1.951437e-01,6.591669e-01,1.139692e+08
7.066667e+01,5.056806e-02,9.356204e-02,1.922477e-01,6.636222e-01,1.146218e+08
7.083333e+01,4.856315e-02,9.311651e-02,1.893517e-01,6.689686e-01,1.146461e+08
7.100000e+01,4.588995e-02,9.400757e-02,1.864558e-01,6.736467e-01,1.147113e+08
7.116667e+01,4.499889e-02,9.244821e-02,1.833370e-01,6.792159e-01,1.146249e+08
7.133333e+01,4.388505e-02,9.088884e-02,1.813321e-01,6.838940e-01,1.146039e+08
7.150000e+01,4.232569e-02,9.022054e-02,1.795500e-01,6.879038e-01,1.143234e+08
7.166667e+01,4.054355e-02,8.955224e-02,1.779906e-01,6.919136e-01,1.139664e+08
7.183333e+01,3.920695e-02,8.821564e-02,1.766540e-01,6.959234e-01,1.137203e+08
7.200000e+01,3.809312e-02,8.687904e-02,1.746491e-01,7.003787e-01,1.135049e+08
7.216667e+01,3.675652e-02,8.665627e-02,1.721987e-01,7.043885e-01,1.134155e+08
7.233333e+01,3.519715e-02,8.509690e-02,1.724215e-01,7.072845e-01,1.131538e+08
7.250000e+01,3.430608e-02,8.353754e-02,1.690800e-01,7.130764e-01,1.129882e+08
7.266667e+01,3.363778e-02,8.220094e-02,1.657385e-01,7.184228e-01,1.132185e+08
7.283333e+01,3.230118e-02,8.242370e-02,1.617287e-01,7.235464e-01,1.132469e+08
7.300000e+01,3.185565e-02,8.153264e-02,1.601693e-01,7.264424e-01,1.130027e+08
7.316667e+01,2.985075e-02,8.086434e-02,1.588327e-01,7.304522e-01,1.125343e+08
7.333333e+01,2.873691e-02,8.019603e-02,1.574961e-01,7.335710e-01,1.122311e+08
7.350000e+01,2.806861e-02,7.841390e-02,1.548229e-01,7.386946e-01,1.121116e+08
7.366667e+01,2.628648e-02,7.796837e-02,1.517042e-01,7.440410e-01,1.121707e+08
7.383333e+01,2.450434e-02,7.819113e-02,1.501448e-01,7.471597e-01,1.120168e+08
7.400000e+01,2.294498e-02,7.752283e-02,1.479171e-01,7.516151e-01,1.115574e+08
7.416667e+01,2.227668e-02,7.529517e-02,1.481399e-01,7.542883e-01,1.112126e+08
7.433333e+01,2.004901e-02,7.551793e-02,1.463578e-01,7.580753e-01,1.108404e+08
7.450000e+01,1.960348e-02,7.351303e-02,1.441301e-01,7.627534e-01,1.106356e+08
7.466667e+01,1.915794e-02,7.262196e-02,1.419024e-01,7.663177e-01,1.104136e+08
7.483333e+01,1.804411e-02,7.306750e-02,1.385609e-01,7.703275e-01,1.100072e+08
7.500000e+01,1.715304e-02,7.284473e-02,1.363333e-01,7.736690e-01,1.095604e+08
7.516667e+01,1.670751e-02,7.150813e-02,1.332145e-01,7.785698e-01,1.089166e+08
7.533333e+01,1.537091e-02,7.150813e-02,1.312096e-01,7.819113e-01,1.081980e+08
7.550000e+01,1.537091e-02,6.883493e-02,1.289820e-01,7.868122e-01,1.071296e+08
7.566667e+01,1.425707e-02,6.883493e-02,1.263088e-01,7.905992e-01,1.060387e+08
7.583333e+01,1.358877e-02,6.727556e-02,1.243039e-01,7.948318e-01,1.045979e+08
7.600000e+01,1.292047e-02,6.727556e-02,1.205168e-01,7.992871e-01,1.030109e+08
7.616667e+01,1.292047e-02,6.527066e-02,1.189575e-01,8.028514e-01,1.012413e+08
7.633333e+01,1.202941e-02,6.482513e-02,1.178436e-01,8.053018e-01,9.933912e+07
7.650000e+01,1.180664e-02,6.259746e-02,1.167298e-01,8.088661e-01,9.760887e+07
7.666667e+01,1.158387e-02,6.059256e-02,1.156160e-01,8.122076e-01,9.603593e+07
7.683333e+01,1.069280e-02,5.881043e-02,1.153932e-01,8.151036e-01,9.464319e+07
7.700000e+01,1.002450e-02,5.769659e-02,1.131655e-01,8.191134e-01,9.328170e+07
7.716667e+01,9.133437e-03,5.658276e-02,1.127200e-01,8.215638e-01,9.198923e+07
7.733333e+01,8.019603e-03,5.569169e-02,1.113834e-01,8.249053e-01,9.058230e+07
7.750000e+01,7.574070e-03,5.524616e-02,1.082646e-01,8.289151e-01,8.936215e+07
7.766667e+01,6.905770e-03,5.346402e-02,1.080419e-01,8.315883e-01,8.813065e+07
7.783333e+01,6.460236e-03,5.257296e-02,1.075963e-01,8.333705e-01,8.666146e+07
7.800000e+01,6.237469e-03,5.079082e-02,1.067053e-01,8.362664e-01,8.524572e+07
7.816667e+01,6.014703e-03,4.967699e-02,1.055914e-01,8.387169e-01,8.409030e+07
7.833333e+01,6.014703e-03,4.900869e-02,1.031410e-01,8.418356e-01,8.298036e+07
7.850000e+01,5.569169e-03,4.811762e-02,1.020272e-01,8.442860e-01,8.199381e+07
7.866667e+01,4.900869e-03,4.811762e-02,9.935398e-02,8.476275e-01,8.089709e+07
7.883333e+01,4.455335e-03,4.789485e-02,9.690354e-02,8.507463e-01,7.995074e+07
7.900000e+01,3.564268e-03,4.722655e-02,9.578971e-02,8.534195e-01,7.894329e+07
7.916667e+01,3.341501e-03,4.566719e-02,9.467587e-02,8.563154e-01,7.788797e+07
7.933333e+01,3.118735e-03,4.522165e-02,9.222544e-02,8.594342e-01,7.685960e+07
7.950000e+01,2.450434e-03,4.544442e-02,8.999777e-02,8.621074e-01,7.587416e+07
7.966667e+01,2.450434e-03,4.388505e-02,8.888394e-02,8.647806e-01,7.478753e+07
7.983333e+01,2.450434e-03,4.299399e-02,8.732457e-02,8.672310e-01,7.366514e+07
