Time,U,I1,I2,D,Ve
0.000000e+00,9.997772e-01,0.000000e+00,2.227668e-04,0.000000e+00,0.000000e+00
1.666667e-01,9.997772e-01,0.000000e+00,2.227668e-04,0.000000e+00,0.000000e+00
3.333333e-01,9.997772e-01,0.000000e+00,2.227668e-04,0.000000e+00,2.838735e-02
5.000000e-01,9.997772e-01,0.000000e+00,2.227668e-04,0.000000e+00,3.818731e-01
6.666667e-01,9.997772e-01,0.000000e+00,2.227668e-04,0.000000e+00,4.812146e+00
8.333333e-01,9.997772e-01,0.000000e+00,2.227668e-04,0.000000e+00,6.035801e+01
1.000000e+00,9.991089e-01,6.683003e-04,2.227668e-04,0.000000e+00,7.562661e+02
1.166667e+00,9.979951e-01,1.782134e-03,2.227668e-04,0.000000e+00,9.391375e+03
1.333333e+00,9.968813e-01,2.895968e-03,0.000000e+00,2.227668e-04,1.051401e+05
1.500000e+00,9.950991e-01,4.678102e-03,0.000000e+00,2.227668e-04,5.908767e+05
1.666667e+00,9.928715e-01,6.237469e-03,6.683003e-04,2.227668e-04,5.394255e+05
1.833333e+00,9.910893e-01,8.019603e-03,6.683003e-04,2.227668e-04,4.924544e+05
2.000000e+00,9.899755e-01,8.910671e-03,8.910671e-04,2.227668e-04,4.496857e+05
2.166667e+00,9.879706e-01,1.091557e-02,8.910671e-04,2.227668e-04,4.119348e+05
2.333333e+00,9.857429e-01,1.247494e-02,1.559367e-03,2.227668e-04,3.942141e+05
2.500000e+00,9.852974e-01,1.225217e-02,2.004901e-03,4.455335e-04,5.623177e+05
2.666667e+00,9.832925e-01,1.403431e-02,1.336601e-03,1.336601e-03,2.200237e+06
2.833333e+00,9.808421e-01,1.559367e-02,1.559367e-03,2.004901e-03,5.377023e+06
3.000000e+00,9.792827e-01,1.648474e-02,1.336601e-03,2.895968e-03,7.446024e+06
3.166667e+00,9.763867e-01,1.893517e-02,1.336601e-03,3.341501e-03,9.929808e+06
3.333333e+00,9.732680e-01,2.183114e-02,1.559367e-03,3.341501e-03,1.054318e+07
3.500000e+00,9.699265e-01,2.450434e-02,1.782134e-03,3.787035e-03,9.932140e+06
3.666667e+00,9.670305e-01,2.673201e-02,1.782134e-03,4.455335e-03,1.147844e+07
3.833333e+00,9.636890e-01,2.940521e-02,2.004901e-03,4.900869e-03,1.293014e+07
4.000000e+00,9.601247e-01,3.141011e-02,3.118735e-03,5.346402e-03,1.332067e+07
4.166667e+00,9.583426e-01,3.252395e-02,2.450434e-03,6.683003e-03,1.351236e+07
4.333333e+00,9.543328e-01,3.564268e-02,2.673201e-03,7.351303e-03,1.676862e+07
4.500000e+00,9.489864e-01,4.009802e-02,2.450434e-03,8.465137e-03,1.743421e+07
4.666667e+00,9.451994e-01,4.321675e-02,2.227668e-03,9.356204e-03,1.856907e+07
4.833333e+00,9.396302e-01,4.722655e-02,3.341501e-03,9.801738e-03,1.983880e+07
5.000000e+00,9.356204e-01,5.034529e-02,2.895968e-03,1.113834e-02,2.031746e+07
5.166667e+00,9.329472e-01,5.190466e-02,2.895968e-03,1.225217e-02,2.366522e+07
5.333333e+00,9.289374e-01,5.368679e-02,4.678102e-03,1.269771e-02,2.501538e+07
5.500000e+00,9.233682e-01,5.769659e-02,4.900869e-03,1.403431e-02,2.647894e+07
5.666667e+00,9.189129e-01,6.126086e-02,3.787035e-03,1.603921e-02,3.096988e+07
5.833333e+00,9.137893e-01,6.527066e-02,4.232569e-03,1.670751e-02,3.481408e+07
6.000000e+00,9.084429e-01,6.928046e-02,4.009802e-03,1.826687e-02,3.458097e+07
6.166667e+00,9.017599e-01,7.462687e-02,4.455335e-03,1.915794e-02,3.631124e+07
6.333333e+00,8.970818e-01,7.774560e-02,4.678102e-03,2.049454e-02,3.708368e+07
6.500000e+00,8.915126e-01,8.041880e-02,6.014703e-03,2.205391e-02,3.821892e+07
6.666667e+00,8.863890e-01,8.420584e-02,5.569169e-03,2.383604e-02,3.890905e+07
6.833333e+00,8.803742e-01,8.710180e-02,5.791936e-03,2.673201e-02,4.257659e+07
7.000000e+00,8.743595e-01,9.088884e-02,6.237469e-03,2.851415e-02,4.682237e+07
7.166667e+00,8.685676e-01,9.423034e-02,6.683003e-03,3.051905e-02,4.973791e+07
7.333333e+00,8.616618e-01,9.868568e-02,6.014703e-03,3.363778e-02,5.329234e+07
7.500000e+00,8.558699e-01,1.009133e-01,7.128536e-03,3.608822e-02,5.910344e+07
7.666667e+00,8.485186e-01,1.058142e-01,5.569169e-03,4.009802e-02,6.289454e+07
7.833333e+00,8.427267e-01,1.096012e-01,6.014703e-03,4.165738e-02,6.902571e+07
8.000000e+00,8.342615e-01,1.153932e-01,6.237469e-03,4.410782e-02,6.944875e+07
8.166667e+00,8.266875e-01,1.182892e-01,7.796837e-03,4.722655e-02,7.154877e+07
8.333333e+00,8.191134e-01,1.202941e-01,9.133437e-03,5.145912e-02,7.662779e+07
8.500000e+00,8.117621e-01,1.249722e-01,7.128536e-03,5.613722e-02,8.232766e+07
8.666667e+00,8.064157e-01,1.256405e-01,9.356204e-03,5.858766e-02,8.906938e+07
8.833333e+00,7.995099e-01,1.289820e-01,9.133437e-03,6.237469e-02,9.049912e+07
9.000000e+00,7.908220e-01,1.343284e-01,7.796837e-03,6.705280e-02,9.617088e+07
9.166667e+00,7.816886e-01,1.390065e-01,1.024727e-02,6.905770e-02,1.004589e+08
9.333333e+00,7.736690e-01,1.430163e-01,1.024727e-02,7.306750e-02,9.974328e+07
9.500000e+00,7.649811e-01,1.476944e-01,1.002450e-02,7.730007e-02,1.042885e+08
9.666667e+00,7.547338e-01,1.537091e-01,1.024727e-02,8.130987e-02,1.078681e+08
9.833333e+00,7.456004e-01,1.590555e-01,9.801738e-03,8.554244e-02,1.115224e+08
1.000000e+01,7.373580e-01,1.628425e-01,1.069280e-02,8.910671e-02,1.151395e+08
1.016667e+01,7.277790e-01,1.681889e-01,1.069280e-02,9.333927e-02,1.173123e+08
1.033333e+01,7.190911e-01,1.728670e-01,1.047004e-02,9.757184e-02,1.199917e+08
1.050000e+01,7.097349e-01,1.777679e-01,1.069280e-02,1.018044e-01,1.226854e+08
1.066667e+01,7.010470e-01,1.817777e-01,1.202941e-02,1.051459e-01,1.250561e+08
1.083333e+01,6.912453e-01,1.860102e-01,1.336601e-02,1.093785e-01,1.255723e+08
1.100000e+01,6.807752e-01,1.922477e-01,1.113834e-02,1.158387e-01,1.280535e+08
1.116667e+01,6.716418e-01,1.955892e-01,1.158387e-02,1.211851e-01,1.369220e+08
1.133333e+01,6.636222e-01,2.004901e-01,7.574070e-03,1.283137e-01,1.425183e+08
1.150000e+01,6.535977e-01,2.040544e-01,1.069280e-02,1.316552e-01,1.510458e+08
1.166667e+01,6.424593e-01,2.114057e-01,9.578971e-03,1.365560e-01,1.482845e+08
1.183333e+01,6.315438e-01,2.138561e-01,1.492537e-02,1.396748e-01,1.526237e+08
1.200000e+01,6.190688e-01,2.196480e-01,1.581644e-02,1.454667e-01,1.502357e+08
1.216667e+01,6.085988e-01,2.223212e-01,1.648474e-02,1.525952e-01,1.561517e+08
1.233333e+01,5.981288e-01,2.267766e-01,1.559367e-02,1.595010e-01,1.631951e+08
1.250000e+01,5.887726e-01,2.305636e-01,1.492537e-02,1.657385e-01,1.720892e+08
1.266667e+01,5.794164e-01,2.339051e-01,1.425707e-02,1.724215e-01,1.775019e+08
1.283333e+01,5.680552e-01,2.396970e-01,1.336601e-02,1.788817e-01,1.810264e+08
1.300000e+01,5.569169e-01,2.450434e-01,1.314324e-02,1.848964e-01,1.842174e+08
1.316667e+01,5.433281e-01,2.515037e-01,1.425707e-02,1.909111e-01,1.859483e+08
1.333333e+01,5.326353e-01,2.543996e-01,1.447984e-02,1.984852e-01,1.882900e+08
1.350000e+01,5.221653e-01,2.552907e-01,1.693027e-02,2.056137e-01,1.941092e+08
1.366667e+01,5.052350e-01,2.650924e-01,1.581644e-02,2.138561e-01,1.988927e+08
1.383333e+01,4.945422e-01,2.695478e-01,1.581644e-02,2.200936e-01,2.058028e+08
1.400000e+01,4.820673e-01,2.760080e-01,1.626197e-02,2.256627e-01,2.076208e+08
1.416667e+01,4.675874e-01,2.833593e-01,1.537091e-02,2.336823e-01,2.092633e+08
1.433333e+01,4.548897e-01,2.864781e-01,1.871241e-02,2.399198e-01,2.130739e+08
1.450000e+01,4.421920e-01,2.916017e-01,1.648474e-02,2.497215e-01,2.124728e+08
1.466667e+01,4.288260e-01,2.971709e-01,1.782134e-02,2.561818e-01,2.174637e+08
1.483333e+01,4.134551e-01,3.056360e-01,1.759857e-02,2.633103e-01,2.191092e+08
1.500000e+01,4.014257e-01,3.092003e-01,1.759857e-02,2.717755e-01,2.250206e+08
1.516667e+01,3.876142e-01,3.134328e-01,1.938071e-02,2.795723e-01,2.316510e+08
1.533333e+01,3.744709e-01,3.158833e-01,2.183114e-02,2.878147e-01,2.351438e+08
1.550000e+01,3.624415e-01,3.207841e-01,2.004901e-02,2.967253e-01,2.427594e+08
1.566667e+01,3.450657e-01,3.308086e-01,1.982624e-02,3.042994e-01,2.487103e+08
1.583333e+01,3.312542e-01,3.372689e-01,1.871241e-02,3.127645e-01,2.516536e+08
1.600000e+01,3.147694e-01,3.468479e-01,1.693027e-02,3.214524e-01,2.546295e+08
1.616667e+01,3.002896e-01,3.497438e-01,2.339051e-02,3.265761e-01,2.571969e+08
1.633333e+01,2.862553e-01,3.530853e-01,2.361328e-02,3.370461e-01,2.516661e+08
1.650000e+01,2.717755e-01,3.575407e-01,2.561818e-02,3.450657e-01,2.579809e+08
1.666667e+01,2.575184e-01,3.637781e-01,2.249944e-02,3.562041e-01,2.600010e+08
1.683333e+01,2.439296e-01,3.686790e-01,2.405881e-02,3.633326e-01,2.677322e+08
1.700000e+01,2.290042e-01,3.709067e-01,2.673201e-02,3.733571e-01,2.676157e+08
1.716667e+01,2.145244e-01,3.724660e-01,2.628648e-02,3.867231e-01,2.725026e+08
1.733333e+01,2.016039e-01,3.753620e-01,2.183114e-02,4.012029e-01,2.917129e+08
1.750000e+01,1.906883e-01,3.766986e-01,2.205391e-02,4.105591e-01,3.082529e+08
1.766667e+01,1.764313e-01,3.822678e-01,2.027178e-02,4.210292e-01,3.111644e+08
1.783333e+01,1.668523e-01,3.818222e-01,2.049454e-02,4.308309e-01,3.132216e+08
1.800000e+01,1.559367e-01,3.833816e-01,2.249944e-02,4.381822e-01,3.119457e+08
1.816667e+01,1.452439e-01,3.871686e-01,1.938071e-02,4.482067e-01,3.111684e+08
1.833333e+01,1.332145e-01,3.880597e-01,2.094008e-02,4.577857e-01,3.152195e+08
1.850000e+01,1.238583e-01,3.844954e-01,2.249944e-02,4.691468e-01,3.160849e+08
1.866667e+01,1.180664e-01,3.789263e-01,2.361328e-02,4.793941e-01,3.177567e+08
1.883333e+01,1.098240e-01,3.771441e-01,2.361328e-02,4.894186e-01,3.214657e+08
1.900000e+01,1.029182e-01,3.726888e-01,2.316774e-02,5.012252e-01,3.251869e+08
1.916667e+01,9.601247e-02,3.711294e-01,2.071731e-02,5.121408e-01,3.289489e+08
1.933333e+01,8.977501e-02,3.664513e-01,2.249944e-02,5.212742e-01,3.306980e+08
1.950000e+01,8.175540e-02,3.617732e-01,2.339051e-02,5.330809e-01,3.286312e+08
1.966667e+01,7.640900e-02,3.541992e-01,2.405881e-02,5.453330e-01,3.311400e+08
1.983333e+01,7.039430e-02,3.510804e-01,2.071731e-02,5.578080e-01,3.383182e+08
2.000000e+01,6.549343e-02,3.448429e-01,2.116284e-02,5.685008e-01,3.470489e+08
2.016667e+01,5.725106e-02,3.426153e-01,1.960348e-02,5.805302e-01,3.473419e+08
2.033333e+01,5.145912e-02,3.390510e-01,1.759857e-02,5.918913e-01,3.468517e+08
2.050000e+01,4.700379e-02,3.354867e-01,1.670751e-02,6.008020e-01,3.419969e+08
2.066667e+01,4.210292e-02,3.334818e-01,1.514814e-02,6.092671e-01,3.344570e+08
2.083333e+01,3.809312e-02,3.283582e-01,1.603921e-02,6.175095e-01,3.272571e+08
2.100000e+01,3.452885e-02,3.223435e-01,1.648474e-02,6.266429e-01,3.202872e+08
2.116667e+01,3.163288e-02,3.169971e-01,1.603921e-02,6.353308e-01,3.146307e+08
2.133333e+01,2.806861e-02,3.123190e-01,1.759857e-02,6.420138e-01,3.066451e+08
2.150000e+01,2.383604e-02,3.069726e-01,1.893517e-02,6.502562e-01,2.987563e+08
2.166667e+01,2.116284e-02,2.993985e-01,1.893517e-02,6.605035e-01,2.925897e+08
2.183333e+01,1.871241e-02,2.920472e-01,1.960348e-02,6.696369e-01,2.925137e+08
2.200000e+01,1.470261e-02,2.855870e-01,2.094008e-02,6.787703e-01,2.911065e+08
2.216667e+01,1.269771e-02,2.797951e-01,1.938071e-02,6.881265e-01,2.908449e+08
2.233333e+01,1.069280e-02,2.737804e-01,1.737581e-02,6.981510e-01,2.904864e+08
2.250000e+01,7.796837e-03,2.697706e-01,1.693027e-02,7.055023e-01,2.844127e+08
2.266667e+01,5.791936e-03,2.637558e-01,1.804411e-02,7.124081e-01,2.768696e+08
2.283333e+01,4.900869e-03,2.586322e-01,1.447984e-02,7.219871e-01,2.704568e+08
2.300000e+01,3.118735e-03,2.510581e-01,1.715304e-02,7.286701e-01,2.663724e+08
2.316667e+01,2.673201e-03,2.441524e-01,1.559367e-02,7.375808e-01,2.583319e+08
2.333333e+01,8.910671e-04,2.399198e-01,1.603921e-02,7.431499e-01,2.538440e+08
2.350000e+01,4.455335e-04,2.305636e-01,1.826687e-02,7.507240e-01,2.462683e+08
2.366667e+01,4.455335e-04,2.249944e-01,1.470261e-02,7.598574e-01,2.408268e+08
2.383333e+01,0.000000e+00,2.183114e-01,1.670751e-02,7.649811e-01,2.383794e+08
2.400000e+01,0.000000e+00,2.140789e-01,1.314324e-02,7.727779e-01,2.314324e+08
2.416667e+01,0.000000e+00,2.085097e-01,1.425707e-02,7.772332e-01,2.261212e+08
2.433333e+01,0.000000e+00,2.009356e-01,1.581644e-02,7.832479e-01,2.162085e+08
2.450000e+01,0.000000e+00,1.960348e-01,1.537091e-02,7.885943e-01,2.094500e+08
2.466667e+01,0.000000e+00,1.900200e-01,1.559367e-02,7.943863e-01,2.041924e+08
2.483333e+01,0.000000e+00,1.875696e-01,1.158387e-02,8.008465e-01,1.987271e+08
2.500000e+01,0.000000e+00,1.835598e-01,1.136110e-02,8.050791e-01,1.927891e+08
2.516667e+01,0.000000e+00,1.793272e-01,1.202941e-02,8.086434e-01,1.831847e+08
2.533333e+01,0.000000e+00,1.757630e-01,1.180664e-02,8.124304e-01,1.744768e+08
2.550000e+01,0.000000e+00,1.724215e-01,1.136110e-02,8.162174e-01,1.666702e+08
2.566667e+01,0.000000e+00,1.661840e-01,1.470261e-02,8.191134e-01,1.591584e+08
2.583333e+01,0.000000e+00,1.608376e-01,1.559367e-02,8.235687e-01,1.520126e+08
2.600000e+01,0.000000e+00,1.557140e-01,1.425707e-02,8.300290e-01,1.480026e+08
2.616667e+01,0.000000e+00,1.530408e-01,1.136110e-02,8.355981e-01,1.465029e+08
2.633333e+01,0.000000e+00,1.485854e-01,1.381154e-02,8.376030e-01,1.443579e+08
2.650000e+01,0.000000e+00,1.450212e-01,1.336601e-02,8.416128e-01,1.370438e+08
2.666667e+01,0.000000e+00,1.412341e-01,1.358877e-02,8.451771e-01,1.319526e+08
2.683333e+01,0.000000e+00,1.381154e-01,1.447984e-02,8.474048e-01,1.275382e+08
2.700000e+01,0.000000e+00,1.354422e-01,1.180664e-02,8.527512e-01,1.232820e+08
2.716667e+01,0.000000e+00,1.305413e-01,1.403431e-02,8.554244e-01,1.198226e+08
2.733333e+01,0.000000e+00,1.269771e-01,1.336601e-02,8.596569e-01,1.138830e+08
2.750000e+01,0.000000e+00,1.227445e-01,1.425707e-02,8.629984e-01,1.115593e+08
2.766667e+01,0.000000e+00,1.194030e-01,1.425707e-02,8.663399e-01,1.076051e+08
2.783333e+01,0.000000e+00,1.169526e-01,1.336601e-02,8.696814e-01,1.036691e+08
2.800000e+01,0.000000e+00,1.145021e-01,1.381154e-02,8.716863e-01,9.991190e+07
2.816667e+01,0.000000e+00,1.118289e-01,1.537091e-02,8.728002e-01,9.537636e+07
2.833333e+01,0.000000e+00,1.078191e-01,1.670751e-02,8.754734e-01,9.157892e+07
2.850000e+01,0.000000e+00,1.069280e-01,1.537091e-02,8.777010e-01,8.886384e+07
2.866667e+01,0.000000e+00,1.029182e-01,1.759857e-02,8.794832e-01,8.651351e+07
2.883333e+01,0.000000e+00,1.006906e-01,1.626197e-02,8.830474e-01,8.365460e+07
2.900000e+01,0.000000e+00,9.734908e-02,1.603921e-02,8.866117e-01,8.140647e+07
2.916667e+01,0.000000e+00,9.445311e-02,1.759857e-02,8.879483e-01,7.862815e+07
2.933333e+01,0.000000e+00,9.133437e-02,1.693027e-02,8.917354e-01,7.574598e+07
2.950000e+01,0.000000e+00,8.710180e-02,1.871241e-02,8.941858e-01,7.339309e+07
2.966667e+01,0.000000e+00,8.442860e-02,1.871241e-02,8.968590e-01,7.112548e+07
2.983333e+01,0.000000e+00,8.197817e-02,1.871241e-02,8.993094e-01,6.989514e+07
3.000000e+01,0.000000e+00,7.975050e-02,1.804411e-02,9.022054e-01,6.868539e+07
3.016667e+01,0.000000e+00,7.663177e-02,1.693027e-02,9.064380e-01,6.732540e+07
3.033333e+01,0.000000e+00,7.440410e-02,1.670751e-02,9.088884e-01,6.554272e+07
3.050000e+01,0.000000e+00,7.284473e-02,1.603921e-02,9.111161e-01,6.305116e+07
3.066667e+01,0.000000e+00,7.106260e-02,1.581644e-02,9.131210e-01,6.063654e+07
3.083333e+01,0.000000e+00,6.928046e-02,1.537091e-02,9.153486e-01,5.798999e+07
3.100000e+01,0.000000e+00,6.727556e-02,1.648474e-02,9.162397e-01,5.581183e+07
3.116667e+01,0.000000e+00,6.549343e-02,1.648474e-02,9.180218e-01,5.353468e+07
3.133333e+01,0.000000e+00,6.371129e-02,1.537091e-02,9.209178e-01,5.180104e+07
3.150000e+01,0.000000e+00,6.215193e-02,1.514814e-02,9.226999e-01,5.019467e+07
3.166667e+01,0.000000e+00,5.992426e-02,1.626197e-02,9.238138e-01,4.806950e+07
3.183333e+01,0.000000e+00,5.814213e-02,1.693027e-02,9.249276e-01,4.595723e+07
3.200000e+01,0.000000e+00,5.635999e-02,1.670751e-02,9.269325e-01,4.451176e+07
3.216667e+01,0.000000e+00,5.457786e-02,1.670751e-02,9.287146e-01,4.358788e+07
3.233333e+01,0.000000e+00,5.368679e-02,1.648474e-02,9.298285e-01,4.243259e+07
3.250000e+01,0.000000e+00,5.257296e-02,1.537091e-02,9.320561e-01,4.134541e+07
3.266667e+01,0.000000e+00,5.145912e-02,1.537091e-02,9.331700e-01,4.011693e+07
3.283333e+01,0.000000e+00,4.900869e-02,1.693027e-02,9.340610e-01,3.867907e+07
3.300000e+01,0.000000e+00,4.811762e-02,1.648474e-02,9.353976e-01,3.738913e+07
3.316667e+01,0.000000e+00,4.655825e-02,1.737581e-02,9.360659e-01,3.652950e+07
3.333333e+01,0.000000e+00,4.566719e-02,1.715304e-02,9.371798e-01,3.552896e+07
3.350000e+01,0.000000e+00,4.544442e-02,1.603921e-02,9.385164e-01,3.476917e+07
3.366667e+01,0.000000e+00,4.343952e-02,1.626197e-02,9.402985e-01,3.390254e+07
3.383333e+01,0.000000e+00,4.210292e-02,1.626197e-02,9.416351e-01,3.266714e+07
3.400000e+01,0.000000e+00,4.121185e-02,1.603921e-02,9.427489e-01,3.150396e+07
3.416667e+01,0.000000e+00,3.898418e-02,1.759857e-02,9.434172e-01,3.039793e+07
3.433333e+01,0.000000e+00,3.809312e-02,1.693027e-02,9.449766e-01,2.923290e+07
3.450000e+01,0.000000e+00,3.564268e-02,1.871241e-02,9.456449e-01,2.832304e+07
3.466667e+01,0.000000e+00,3.386055e-02,2.027178e-02,9.458677e-01,2.730182e+07
3.483333e+01,0.000000e+00,3.274671e-02,1.938071e-02,9.478726e-01,2.659653e+07
3.500000e+01,0.000000e+00,3.252395e-02,1.826687e-02,9.492092e-01,2.617200e+07
3.516667e+01,0.000000e+00,3.118735e-02,1.915794e-02,9.496547e-01,2.554845e+07
3.533333e+01,0.000000e+00,3.007351e-02,1.938071e-02,9.505458e-01,2.479479e+07
3.550000e+01,0.000000e+00,2.940521e-02,1.826687e-02,9.523279e-01,2.416716e+07
3.566667e+01,0.000000e+00,2.851415e-02,1.871241e-02,9.527734e-01,2.361032e+07
3.583333e+01,0.000000e+00,2.740031e-02,1.960348e-02,9.529962e-01,2.301772e+07
3.600000e+01,0.000000e+00,2.650924e-02,1.915794e-02,9.543328e-01,2.245422e+07
3.616667e+01,0.000000e+00,2.561818e-02,1.893517e-02,9.554466e-01,2.201245e+07
3.633333e+01,0.000000e+00,2.405881e-02,2.027178e-02,9.556694e-01,2.141946e+07
3.650000e+01,0.000000e+00,2.383604e-02,1.915794e-02,9.570060e-01,2.074171e+07
3.666667e+01,0.000000e+00,2.361328e-02,1.893517e-02,9.574515e-01,2.021216e+07
3.683333e+01,0.000000e+00,2.249944e-02,1.871241e-02,9.587881e-01,1.955390e+07
3.700000e+01,0.000000e+00,2.183114e-02,1.893517e-02,9.592337e-01,1.892609e+07
3.716667e+01,0.000000e+00,2.094008e-02,1.960348e-02,9.594564e-01,1.833798e+07
3.733333e+01,0.000000e+00,2.049454e-02,1.982624e-02,9.596792e-01,1.774999e+07
3.750000e+01,0.000000e+00,2.004901e-02,1.915794e-02,9.607930e-01,1.723253e+07
3.766667e+01,0.000000e+00,1.938071e-02,1.871241e-02,9.619069e-01,1.680018e+07
3.783333e+01,0.000000e+00,1.871241e-02,1.871241e-02,9.625752e-01,1.635140e+07
3.800000e+01,0.000000e+00,1.826687e-02,1.848964e-02,9.632435e-01,1.585447e+07
3.816667e+01,0.000000e+00,1.782134e-02,1.871241e-02,9.634663e-01,1.541124e+07
3.833333e+01,0.000000e+00,1.715304e-02,1.826687e-02,9.645801e-01,1.496816e+07
3.850000e+01,0.000000e+00,1.693027e-02,1.826687e-02,9.648029e-01,1.454859e+07
3.866667e+01,0.000000e+00,1.626197e-02,1.893517e-02,9.648029e-01,1.410054e+07
3.883333e+01,0.000000e+00,1.559367e-02,1.915794e-02,9.652484e-01,1.365188e+07
3.900000e+01,0.000000e+00,1.470261e-02,1.960348e-02,9.656939e-01,1.325822e+07
3.916667e+01,0.000000e+00,1.447984e-02,1.915794e-02,9.663622e-01,1.284029e+07
3.933333e+01,0.000000e+00,1.381154e-02,1.982624e-02,9.663622e-01,1.247811e+07
3.950000e+01,0.000000e+00,1.292047e-02,1.982624e-02,9.672533e-01,1.211395e+07
3.966667e+01,0.000000e+00,1.269771e-02,1.982624e-02,9.674761e-01,1.178638e+07
3.983333e+01,0.000000e+00,1.269771e-02,1.938071e-02,9.679216e-01,1.150637e+07
4.000000e+01,0.000000e+00,1.247494e-02,1.893517e-02,9.685899e-01,1.120789e+07
4.016667e+01,0.000000e+00,1.247494e-02,1.848964e-02,9.690354e-01,1.088402e+07
4.033333e+01,0.000000e+00,1.180664e-02,1.871241e-02,9.694810e-01,1.054475e+07
4.050000e+01,0.000000e+00,1.113834e-02,1.938071e-02,9.694810e-01,1.017169e+07
4.066667e+01,0.000000e+00,1.047004e-02,1.982624e-02,9.697037e-01,9.810407e+06
4.083333e+01,0.000000e+00,1.047004e-02,1.960348e-02,9.699265e-01,9.515276e+06
4.100000e+01,0.000000e+00,1.047004e-02,1.938071e-02,9.701493e-01,9.250093e+06
4.116667e+01,0.000000e+00,1.024727e-02,1.915794e-02,9.705948e-01,8.986531e+06
4.133333e+01,0.000000e+00,9.578971e-03,1.960348e-02,9.708176e-01,8.725351e+06
4.150000e+01,0.000000e+00,9.356204e-03,1.915794e-02,9.714859e-01,8.456647e+06
4.166667e+01,0.000000e+00,9.133437e-03,1.938071e-02,9.714859e-01,8.230932e+06
4.183333e+01,0.000000e+00,8.687904e-03,1.960348e-02,9.717086e-01,7.997958e+06
4.200000e+01,0.000000e+00,8.687904e-03,1.893517e-02,9.723769e-01,7.771582e+06
4.216667e+01,0.000000e+00,8.687904e-03,1.848964e-02,9.728225e-01,7.550236e+06
4.233333e+01,0.000000e+00,8.242370e-03,1.826687e-02,9.734908e-01,7.309704e+06
4.250000e+01,0.000000e+00,8.019603e-03,1.826687e-02,9.737135e-01,7.070300e+06
4.266667e+01,0.000000e+00,8.019603e-03,1.782134e-02,9.741591e-01,6.825458e+06
4.283333e+01,0.000000e+00,7.796837e-03,1.759857e-02,9.746046e-01,6.574077e+06
4.300000e+01,0.000000e+00,6.905770e-03,1.848964e-02,9.746046e-01,6.310495e+06
4.316667e+01,0.000000e+00,6.683003e-03,1.848964e-02,9.748274e-01,6.047710e+06
4.333333e+01,0.000000e+00,6.460236e-03,1.848964e-02,9.750501e-01,5.831028e+06
4.350000e+01,0.000000e+00,5.569169e-03,1.938071e-02,9.750501e-01,5.616060e+06
4.366667e+01,0.000000e+00,5.123636e-03,1.960348e-02,9.752729e-01,5.407635e+06
4.383333e+01,0.000000e+00,4.900869e-03,1.960348e-02,9.754957e-01,5.221663e+06
4.400000e+01,0.000000e+00,4.678102e-03,1.982624e-02,9.754957e-01,5.071421e+06
4.416667e+01,0.000000e+00,4.678102e-03,1.893517e-02,9.763867e-01,4.922999e+06
4.433333e+01,0.000000e+00,4.678102e-03,1.893517e-02,9.763867e-01,4.780811e+06
4.450000e+01,0.000000e+00,4.455335e-03,1.915794e-02,9.763867e-01,4.627590e+06
4.466667e+01,0.000000e+00,4.455335e-03,1.915794e-02,9.763867e-01,4.479215e+06
4.483333e+01,0.000000e+00,4.232569e-03,1.915794e-02,9.766095e-01,4.339270e+06
4.500000e+01,0.000000e+00,4.232569e-03,1.893517e-02,9.768323e-01,4.203434e+06
4.516667e+01,0.000000e+00,4.232569e-03,1.871241e-02,9.770550e-01,4.073467e+06
4.533333e+01,0.000000e+00,4.009802e-03,1.893517e-02,9.770550e-01,3.943335e+06
4.550000e+01,0.000000e+00,3.787035e-03,1.893517e-02,9.772778e-01,3.813897e+06
4.566667e+01,0.000000e+00,3.564268e-03,1.915794e-02,9.772778e-01,3.690957e+06
4.583333e+01,0.000000e+00,3.564268e-03,1.915794e-02,9.772778e-01,3.563781e+06
4.600000e+01,0.000000e+00,3.341501e-03,1.938071e-02,9.772778e-01,3.444374e+06
4.616667e+01,0.000000e+00,3.341501e-03,1.938071e-02,9.772778e-01,3.329198e+06
4.633333e+01,0.000000e+00,3.341501e-03,1.938071e-02,9.772778e-01,3.220292e+06
4.650000e+01,0.000000e+00,3.341501e-03,1.915794e-02,9.775006e-01,3.115023e+06
4.666667e+01,0.000000e+00,3.341501e-03,1.915794e-02,9.775006e-01,3.013264e+06
4.683333e+01,0.000000e+00,3.341501e-03,1.893517e-02,9.777233e-01,2.912202e+06
4.700000e+01,0.000000e+00,2.895968e-03,1.893517e-02,9.781689e-01,2.814730e+06
4.716667e+01,0.000000e+00,2.895968e-03,1.893517e-02,9.781689e-01,2.720527e+06
4.733333e+01,0.000000e+00,2.895968e-03,1.893517e-02,9.781689e-01,2.624726e+06
4.750000e+01,0.000000e+00,2.895968e-03,1.893517e-02,9.781689e-01,2.532709e+06
4.766667e+01,0.000000e+00,2.895968e-03,1.893517e-02,9.781689e-01,2.444295e+06
4.783333e+01,0.000000e+00,2.673201e-03,1.893517e-02,9.783916e-01,2.359312e+06
4.800000e+01,0.000000e+00,2.673201e-03,1.893517e-02,9.783916e-01,2.277600e+06
4.816667e+01,0.000000e+00,2.673201e-03,1.871241e-02,9.786144e-01,2.199373e+06
4.833333e+01,0.000000e+00,2.673201e-03,1.848964e-02,9.788372e-01,2.124079e+06
4.850000e+01,0.000000e+00,2.673201e-03,1.826687e-02,9.790599e-01,2.051423e+06
4.866667e+01,0.000000e+00,2.673201e-03,1.804411e-02,9.792827e-01,1.979876e+06
4.883333e+01,0.000000e+00,2.673201e-03,1.804411e-02,9.792827e-01,1.909402e+06
4.900000e+01,0.000000e+00,2.673201e-03,1.782134e-02,9.795055e-01,1.841642e+06
4.916667e+01,0.000000e+00,2.673201e-03,1.759857e-02,9.797282e-01,1.776601e+06
4.933333e+01,0.000000e+00,2.673201e-03,1.759857e-02,9.797282e-01,1.712208e+06
4.950000e+01,0.000000e+00,2.673201e-03,1.737581e-02,9.799510e-01,1.650001e+06
4.966667e+01,0.000000e+00,2.673201e-03,1.737581e-02,9.799510e-01,1.590405e+06
4.983333e+01,0.000000e+00,2.673201e-03,1.715304e-02,9.801738e-01,1.531470e+06
